0.000000	0.000000
0.020528	0.000000
0.041056	0.000000
0.061584	0.000000
0.082111	0.000000
0.102639	0.000000
0.123167	0.000000
0.143695	0.000000
0.164223	0.000000
0.184751	0.000000
0.205279	0.000000
0.225806	0.000000
0.246334	0.000000
0.266862	0.000000
0.287390	0.000000
0.307918	0.000000
0.328446	0.000000
0.348974	0.000000
0.369501	0.000000
0.390029	0.000000
0.410557	0.000000
0.431085	0.000000
0.451613	0.000000
0.472141	0.000000
0.492669	0.000000
0.513196	0.000000
0.533724	0.000000
0.554252	0.000000
0.574780	0.000000
0.595308	0.000000
0.615836	0.000000
0.636364	0.000000
0.656891	0.000000
0.677419	0.000000
0.697947	0.000000
0.718475	0.000000
0.739003	0.000000
0.759531	0.000000
0.780059	0.000000
0.800587	0.000000
0.821114	0.000000
0.841642	0.000000
0.862170	0.000000
0.882698	0.000000
0.903226	0.000000
0.923754	0.000000
0.944282	0.000000
0.964809	0.000000
0.985337	0.000000
1.005865	0.000000
1.026393	0.000000
1.046921	0.000000
1.067449	0.000000
1.087977	0.000000
1.108504	0.000000
1.129032	0.000000
1.149560	0.000000
1.170088	0.000000
1.190616	0.000000
1.211144	0.000000
1.231672	0.000000
1.252199	0.000000
1.272727	0.000000
1.293255	0.000000
1.313783	0.000000
1.334311	0.000000
1.354839	0.000000
1.375367	0.000000
1.395894	0.000000
1.416422	0.000000
1.436950	0.000000
1.457478	0.000000
1.478006	0.000000
1.498534	0.000000
1.519062	0.000000
1.539589	0.000000
1.560117	0.000000
1.580645	0.000000
1.601173	0.000000
1.621701	0.000000
1.642229	0.000000
1.662757	0.000000
1.683284	0.000000
1.703812	0.000000
1.724340	0.000000
1.744868	0.000000
1.765396	0.000000
1.785924	0.000000
1.806452	0.000000
1.826979	0.000000
1.847507	0.000000
1.868035	0.000000
1.888563	0.000000
1.909091	0.000000
1.929619	0.000000
1.950147	0.000000
1.970674	0.000000
1.991202	0.000000
2.011730	0.000000
2.032258	0.000000
2.052786	0.000000
2.073314	0.000000
2.093842	0.000000
2.114370	0.000000
2.134897	0.000000
2.155425	0.000000
2.175953	0.000000
2.196481	0.000000
2.217009	0.000000
2.237537	0.000000
2.258065	0.000000
2.278592	0.000000
2.299120	0.000000
2.319648	0.000000
2.340176	0.000000
2.360704	0.000000
2.381232	0.000000
2.401760	0.000000
2.422287	0.000000
2.442815	0.000000
2.463343	0.000000
2.483871	0.000000
2.504399	0.000000
2.524927	0.000000
2.545455	0.000000
2.565982	0.000000
2.586510	0.000000
2.607038	0.000000
2.627566	0.000000
2.648094	0.000000
2.668622	0.000000
2.689150	2.028318
2.709677	4.056637
2.730205	6.084955
2.750733	8.113274
2.771261	10.141592
2.791789	12.169911
2.812317	14.198229
2.832845	16.226548
2.853372	18.254866
2.873900	20.283184
2.894428	23.224246
2.914956	26.165308
2.935484	29.106370
2.956012	32.047431
2.976540	34.988493
2.997067	37.929555
3.017595	40.870617
3.038123	43.811678
3.058651	46.752740
3.079179	49.693802
3.099707	54.724422
3.120235	59.755042
3.140762	64.785661
3.161290	69.816281
3.181818	74.846901
3.202346	79.877521
3.222874	84.908141
3.243402	89.938760
3.263930	94.969380
3.284457	100.000000
3.304985	99.377794
3.325513	98.755588
3.346041	98.133381
3.366569	97.511175
3.387097	96.888969
3.407625	96.266763
3.428152	95.644557
3.448680	95.022351
3.469208	94.400144
3.489736	93.777938
3.510264	91.453268
3.530792	89.128597
3.551320	86.803927
3.571848	84.479257
3.592375	82.154586
3.612903	79.829916
3.633431	77.505245
3.653959	75.180575
3.674487	72.855905
3.695015	70.531234
3.715543	66.342761
3.736070	62.154288
3.756598	57.965816
3.777126	53.777343
3.797654	49.588870
3.818182	45.400397
3.838710	41.211924
3.859238	37.023451
3.879765	32.834978
3.900293	28.646506
3.920821	27.532140
3.941349	26.417774
3.961877	25.303408
3.982405	24.189043
4.002933	23.074677
4.023460	21.960311
4.043988	20.845946
4.064516	19.731580
4.085044	18.617214
4.105572	17.502848
4.126100	16.354959
4.146628	15.207069
4.167155	14.059179
4.187683	12.911289
4.208211	11.763400
4.228739	10.615510
4.249267	9.467620
4.269795	8.319730
4.290323	7.171841
4.310850	6.023951
4.331378	5.685712
4.351906	5.347474
4.372434	5.009235
4.392962	4.670996
4.413490	4.332758
4.434018	3.994519
4.454545	3.656281
4.475073	3.318042
4.495601	2.979804
4.516129	2.641565
4.536657	2.577846
4.557185	2.514126
4.577713	2.450407
4.598240	2.386688
4.618768	2.322969
4.639296	2.259249
4.659824	2.195530
4.680352	2.131811
4.700880	2.068091
4.721408	2.004372
4.741935	1.813957
4.762463	1.623541
4.782991	1.433126
4.803519	1.242711
4.824047	1.052295
4.844575	0.861880
4.865103	0.671465
4.885630	0.481049
4.906158	0.290634
4.926686	0.100219
4.947214	0.184313
4.967742	0.268406
4.988270	0.352500
5.008798	0.436594
5.029326	0.520688
5.049853	0.604782
5.070381	0.688876
5.090909	0.772970
5.111437	0.857064
5.131965	0.941158
5.152493	0.851748
5.173021	0.762338
5.193548	0.672928
5.214076	0.583518
5.234604	0.494108
5.255132	0.404698
5.275660	0.315288
5.296188	0.225878
5.316716	0.136468
5.337243	0.047058
5.357771	0.042587
5.378299	0.038117
5.398827	0.033646
5.419355	0.029176
5.439883	0.024705
5.460411	0.020235
5.480938	0.015764
5.501466	0.011294
5.521994	0.006823
5.542522	0.002353
5.563050	0.080142
5.583578	0.157930
5.604106	0.235719
5.624633	0.313508
5.645161	0.391297
5.665689	0.469085
5.686217	0.546874
5.706745	0.624663
5.727273	0.702451
5.747801	0.780240
5.768328	0.862142
5.788856	0.944043
5.809384	1.025945
5.829912	1.107847
5.850440	1.189749
5.870968	1.271650
5.891496	1.353552
5.912023	1.435454
5.932551	1.517355
5.953079	1.599257
5.973607	1.548743
5.994135	1.498230
6.014663	1.447716
6.035191	1.397203
6.055718	1.346690
6.076246	1.296176
6.096774	1.245663
6.117302	1.195149
6.137830	1.144636
6.158358	1.094122
6.178886	1.122801
6.199413	1.151481
6.219941	1.180160
6.240469	1.208839
6.260997	1.237518
6.281525	1.266197
6.302053	1.294877
6.322581	1.323556
6.343109	1.352235
6.363636	1.380914
6.384164	1.358945
6.404692	1.336975
6.425220	1.315005
6.445748	1.293035
6.466276	1.271066
6.486804	1.249096
6.507331	1.227126
6.527859	1.205157
6.548387	1.183187
6.568915	1.161217
6.589443	1.144516
6.609971	1.127815
6.630499	1.111114
6.651026	1.094413
6.671554	1.077713
6.692082	1.061012
6.712610	1.044311
6.733138	1.027610
6.753666	1.010909
6.774194	0.994208
6.794721	0.923162
6.815249	0.852116
6.835777	0.781070
6.856305	0.710024
6.876833	0.638977
6.897361	0.567931
6.917889	0.496885
6.938416	0.425839
6.958944	0.354793
6.979472	0.283747
