0.000000	0.000000
0.020528	0.000000
0.041056	0.000000
0.061584	0.000000
0.082111	0.000000
0.102639	0.000000
0.123167	0.000000
0.143695	0.000000
0.164223	0.000000
0.184751	0.000000
0.205279	0.000000
0.225806	0.000000
0.246334	0.000000
0.266862	0.000000
0.287390	0.000000
0.307918	0.000000
0.328446	0.000000
0.348974	0.000000
0.369501	0.000000
0.390029	0.000000
0.410557	0.000000
0.431085	0.000000
0.451613	0.000000
0.472141	0.000000
0.492669	0.000000
0.513196	0.000000
0.533724	0.000000
0.554252	0.000000
0.574780	0.000000
0.595308	0.000000
0.615836	0.000000
0.636364	0.000000
0.656891	0.000000
0.677419	0.000000
0.697947	0.000000
0.718475	0.000000
0.739003	0.000000
0.759531	0.000000
0.780059	0.000000
0.800587	0.000000
0.821114	0.000000
0.841642	0.000000
0.862170	0.000000
0.882698	0.000000
0.903226	0.000000
0.923754	0.000000
0.944282	0.000000
0.964809	0.000000
0.985337	0.000000
1.005865	0.000000
1.026393	0.000000
1.046921	0.000000
1.067449	0.000000
1.087977	0.000000
1.108504	0.000000
1.129032	0.000000
1.149560	0.000000
1.170088	0.000000
1.190616	0.000000
1.211144	0.000000
1.231672	0.000000
1.252199	0.000000
1.272727	0.000000
1.293255	0.000000
1.313783	0.000000
1.334311	0.000000
1.354839	0.000000
1.375367	0.000000
1.395894	0.000000
1.416422	0.000000
1.436950	0.000000
1.457478	0.000000
1.478006	0.000000
1.498534	0.000000
1.519062	0.000000
1.539589	0.000000
1.560117	0.000000
1.580645	0.000000
1.601173	0.000000
1.621701	0.000000
1.642229	0.000000
1.662757	0.000000
1.683284	0.000000
1.703812	0.000000
1.724340	0.000000
1.744868	0.000000
1.765396	0.000000
1.785924	0.000000
1.806452	0.000000
1.826979	0.000000
1.847507	0.000000
1.868035	0.014556
1.888563	0.029111
1.909091	0.043667
1.929619	0.058222
1.950147	0.072778
1.970674	0.087333
1.991202	0.101889
2.011730	0.116444
2.032258	0.131000
2.052786	0.145555
2.073314	0.219061
2.093842	0.292566
2.114370	0.366072
2.134897	0.439577
2.155425	0.513082
2.175953	0.586588
2.196481	0.660093
2.217009	0.733599
2.237537	0.807104
2.258065	0.880610
2.278592	1.806135
2.299120	2.731661
2.319648	3.657186
2.340176	4.582712
2.360704	5.508237
2.381232	6.433763
2.401760	7.359288
2.422287	8.284814
2.442815	9.210339
2.463343	10.135865
2.483871	14.757430
2.504399	19.378994
2.524927	24.000559
2.545455	28.622123
2.565982	33.243688
2.586510	37.865253
2.607038	42.486817
2.627566	47.108382
2.648094	51.729947
2.668622	56.351511
2.689150	60.716360
2.709677	65.081209
2.730205	69.446058
2.750733	73.810907
2.771261	78.175756
2.791789	82.540605
2.812317	86.905453
2.832845	91.270302
2.853372	95.635151
2.873900	100.000000
2.894428	93.823513
2.914956	87.647026
2.935484	81.470538
2.956012	75.294051
2.976540	69.117564
2.997067	62.941077
3.017595	56.764589
3.038123	50.588102
3.058651	44.411615
3.079179	38.235128
3.099707	36.989898
3.120235	35.744667
3.140762	34.499437
3.161290	33.254207
3.181818	32.008977
3.202346	30.763747
3.222874	29.518517
3.243402	28.273286
3.263930	27.028056
3.284457	25.782826
3.304985	25.099529
3.325513	24.416231
3.346041	23.732934
3.366569	23.049636
3.387097	22.366339
3.407625	21.683041
3.428152	20.999744
3.448680	20.316446
3.469208	19.633149
3.489736	18.949851
3.510264	17.717281
3.530792	16.484711
3.551320	15.252141
3.571848	14.019571
3.592375	12.787000
3.612903	11.554430
3.633431	10.321860
3.653959	9.089290
3.674487	7.856720
3.695015	6.624149
3.715543	6.315077
3.736070	6.006004
3.756598	5.696932
3.777126	5.387859
3.797654	5.078787
3.818182	4.769714
3.838710	4.460642
3.859238	4.151569
3.879765	3.842497
3.900293	3.533424
3.920821	3.391823
3.941349	3.250221
3.961877	3.108619
3.982405	2.967018
4.002933	2.825416
4.023460	2.683815
4.043988	2.542213
4.064516	2.400612
4.085044	2.259010
4.105572	2.117409
4.126100	2.013292
4.146628	1.909175
4.167155	1.805058
4.187683	1.700941
4.208211	1.596824
4.228739	1.492707
4.249267	1.388590
4.269795	1.284473
4.290323	1.180356
4.310850	1.076239
4.331378	1.041922
4.351906	1.007605
4.372434	0.973288
4.392962	0.938971
4.413490	0.904655
4.434018	0.870338
4.454545	0.836021
4.475073	0.801704
4.495601	0.767387
4.516129	0.733070
4.536657	0.697391
4.557185	0.661713
4.577713	0.626034
4.598240	0.590355
4.618768	0.554676
4.639296	0.518998
4.659824	0.483319
4.680352	0.447640
4.700880	0.411961
4.721408	0.376283
4.741935	0.393906
4.762463	0.411529
4.782991	0.429153
4.803519	0.446776
4.824047	0.464400
4.844575	0.482023
4.865103	0.499647
4.885630	0.517270
4.906158	0.534893
4.926686	0.552517
4.947214	0.582509
4.967742	0.612501
4.988270	0.642494
5.008798	0.672486
5.029326	0.702478
5.049853	0.732470
5.070381	0.762463
5.090909	0.792455
5.111437	0.822447
5.131965	0.852439
5.152493	0.883050
5.173021	0.913661
5.193548	0.944271
5.214076	0.974882
5.234604	1.005493
5.255132	1.036103
5.275660	1.066714
5.296188	1.097325
5.316716	1.127935
5.337243	1.158546
5.357771	1.155225
5.378299	1.151903
5.398827	1.148582
5.419355	1.145261
5.439883	1.141939
5.460411	1.138618
5.480938	1.135297
5.501466	1.131975
5.521994	1.128654
5.542522	1.125333
5.563050	1.071797
5.583578	1.018260
5.604106	0.964724
5.624633	0.911187
5.645161	0.857651
5.665689	0.804115
5.686217	0.750578
5.706745	0.697042
5.727273	0.643506
5.747801	0.589969
5.768328	0.577589
5.788856	0.565208
5.809384	0.552828
5.829912	0.540447
5.850440	0.528067
5.870968	0.515686
5.891496	0.503306
5.912023	0.490925
5.932551	0.478545
5.953079	0.466164
5.973607	0.436434
5.994135	0.406704
6.014663	0.376974
6.035191	0.347244
6.055718	0.317514
6.076246	0.287784
6.096774	0.258054
6.117302	0.228324
6.137830	0.198594
6.158358	0.168864
6.178886	0.181933
6.199413	0.195002
6.219941	0.208071
6.240469	0.221140
6.260997	0.234209
6.281525	0.247278
6.302053	0.260347
6.322581	0.273416
6.343109	0.286485
6.363636	0.299554
6.384164	0.275948
6.404692	0.252342
6.425220	0.228736
6.445748	0.205131
6.466276	0.181525
6.486804	0.157919
6.507331	0.134313
6.527859	0.110708
6.548387	0.087102
6.568915	0.063496
6.589443	0.057464
6.609971	0.051432
6.630499	0.045400
6.651026	0.039368
6.671554	0.033335
6.692082	0.027303
6.712610	0.021271
6.733138	0.015239
6.753666	0.009207
6.774194	0.003175
6.794721	0.007725
6.815249	0.012275
6.835777	0.016826
6.856305	0.021376
6.876833	0.025926
6.897361	0.030476
6.917889	0.035026
6.938416	0.039577
6.958944	0.044127
6.979472	0.048677
