0.000000	0.000000
0.020528	0.000000
0.041056	0.000000
0.061584	0.000000
0.082111	0.000000
0.102639	0.000000
0.123167	0.000000
0.143695	0.000000
0.164223	0.000000
0.184751	0.000000
0.205279	0.000000
0.225806	0.000000
0.246334	0.000000
0.266862	0.000000
0.287390	0.000000
0.307918	0.000000
0.328446	0.000000
0.348974	0.000000
0.369501	0.000000
0.390029	0.000000
0.410557	0.000000
0.431085	0.000000
0.451613	0.000000
0.472141	0.000000
0.492669	0.000000
0.513196	0.000000
0.533724	0.000000
0.554252	0.000000
0.574780	0.000000
0.595308	0.000000
0.615836	0.000000
0.636364	0.000000
0.656891	0.000000
0.677419	0.000000
0.697947	0.000000
0.718475	0.000000
0.739003	0.000000
0.759531	0.000000
0.780059	0.000000
0.800587	0.000000
0.821114	0.000000
0.841642	0.000000
0.862170	0.000000
0.882698	0.000000
0.903226	0.000000
0.923754	0.000000
0.944282	0.000000
0.964809	0.000000
0.985337	0.000000
1.005865	0.000000
1.026393	0.000000
1.046921	0.000000
1.067449	0.000000
1.087977	0.000000
1.108504	0.000000
1.129032	0.000000
1.149560	0.000000
1.170088	0.000000
1.190616	0.000000
1.211144	0.000000
1.231672	0.000000
1.252199	0.000000
1.272727	0.000000
1.293255	0.000000
1.313783	0.000000
1.334311	0.000000
1.354839	0.000000
1.375367	0.000000
1.395894	0.000000
1.416422	0.000000
1.436950	0.000000
1.457478	0.000000
1.478006	0.000000
1.498534	0.000000
1.519062	0.000000
1.539589	0.000000
1.560117	0.000000
1.580645	0.000000
1.601173	0.000000
1.621701	0.000000
1.642229	0.000000
1.662757	0.000000
1.683284	0.000000
1.703812	0.000000
1.724340	0.000000
1.744868	0.000000
1.765396	0.000000
1.785924	0.000000
1.806452	0.000000
1.826979	0.000000
1.847507	0.000000
1.868035	0.000000
1.888563	0.000000
1.909091	0.000000
1.929619	0.000000
1.950147	0.000000
1.970674	0.000000
1.991202	0.000000
2.011730	0.000000
2.032258	0.000000
2.052786	0.000000
2.073314	0.000000
2.093842	0.000000
2.114370	0.000000
2.134897	0.000000
2.155425	0.000000
2.175953	0.000000
2.196481	0.000000
2.217009	0.000000
2.237537	0.000000
2.258065	0.000000
2.278592	0.058860
2.299120	0.117720
2.319648	0.176580
2.340176	0.235441
2.360704	0.294301
2.381232	0.353161
2.401760	0.412021
2.422287	0.470881
2.442815	0.529741
2.463343	0.588602
2.483871	0.552304
2.504399	0.516007
2.524927	0.479710
2.545455	0.443413
2.565982	0.407116
2.586510	0.370819
2.607038	0.334522
2.627566	0.298225
2.648094	0.261928
2.668622	0.225631
2.689150	1.538359
2.709677	2.851088
2.730205	4.163816
2.750733	5.476545
2.771261	6.789274
2.791789	8.102002
2.812317	9.414731
2.832845	10.727460
2.853372	12.040188
2.873900	13.352917
2.894428	14.443701
2.914956	15.534485
2.935484	16.625269
2.956012	17.716054
2.976540	18.806838
2.997067	19.897622
3.017595	20.988406
3.038123	22.079190
3.058651	23.169974
3.079179	24.260758
3.099707	31.834683
3.120235	39.408607
3.140762	46.982531
3.161290	54.556455
3.181818	62.130379
3.202346	69.704303
3.222874	77.278228
3.243402	84.852152
3.263930	92.426076
3.284457	100.000000
3.304985	99.858765
3.325513	99.717530
3.346041	99.576294
3.366569	99.435059
3.387097	99.293824
3.407625	99.152589
3.428152	99.011354
3.448680	98.870119
3.469208	98.728883
3.489736	98.587648
3.510264	97.148323
3.530792	95.708997
3.551320	94.269672
3.571848	92.830346
3.592375	91.391020
3.612903	89.951695
3.633431	88.512369
3.653959	87.073044
3.674487	85.633718
3.695015	84.194393
3.715543	81.508054
3.736070	78.821716
3.756598	76.135378
3.777126	73.449040
3.797654	70.762702
3.818182	68.076363
3.838710	65.390025
3.859238	62.703687
3.879765	60.017349
3.900293	57.331011
3.920821	53.400214
3.941349	49.469417
3.961877	45.538620
3.982405	41.607823
4.002933	37.677026
4.023460	33.746229
4.043988	29.815432
4.064516	25.884635
4.085044	21.953838
4.105572	18.023041
4.126100	17.007364
4.146628	15.991687
4.167155	14.976010
4.187683	13.960333
4.208211	12.944656
4.228739	11.928979
4.249267	10.913302
4.269795	9.897625
4.290323	8.881948
4.310850	7.866271
4.331378	7.756627
4.351906	7.646983
4.372434	7.537338
4.392962	7.427694
4.413490	7.318050
4.434018	7.208406
4.454545	7.098762
4.475073	6.989118
4.495601	6.879474
4.516129	6.769830
4.536657	6.769253
4.557185	6.768676
4.577713	6.768099
4.598240	6.767522
4.618768	6.766945
4.639296	6.766367
4.659824	6.765790
4.680352	6.765213
4.700880	6.764636
4.721408	6.764059
4.741935	6.572734
4.762463	6.381410
4.782991	6.190085
4.803519	5.998761
4.824047	5.807437
4.844575	5.616112
4.865103	5.424788
4.885630	5.233464
4.906158	5.042139
4.926686	4.850815
4.947214	4.507708
4.967742	4.164601
4.988270	3.821494
5.008798	3.478386
5.029326	3.135279
5.049853	2.792172
5.070381	2.449065
5.090909	2.105958
5.111437	1.762851
5.131965	1.419744
5.152493	1.284868
5.173021	1.149993
5.193548	1.015117
5.214076	0.880241
5.234604	0.745366
5.255132	0.610490
5.275660	0.475614
5.296188	0.340739
5.316716	0.205863
5.337243	0.070987
5.357771	0.113294
5.378299	0.155600
5.398827	0.197906
5.419355	0.240213
5.439883	0.282519
5.460411	0.324825
5.480938	0.367132
5.501466	0.409438
5.521994	0.451744
5.542522	0.494051
5.563050	0.466736
5.583578	0.439421
5.604106	0.412106
5.624633	0.384792
5.645161	0.357477
5.665689	0.330162
5.686217	0.302847
5.706745	0.275533
5.727273	0.248218
5.747801	0.220903
5.768328	0.229347
5.788856	0.237792
5.809384	0.246236
5.829912	0.254680
5.850440	0.263124
5.870968	0.271569
5.891496	0.280013
5.912023	0.288457
5.932551	0.296902
5.953079	0.305346
5.973607	0.305768
5.994135	0.306190
6.014663	0.306613
6.035191	0.307035
6.055718	0.307457
6.076246	0.307879
6.096774	0.308301
6.117302	0.308724
6.137830	0.309146
6.158358	0.309568
6.178886	0.329209
6.199413	0.348850
6.219941	0.368492
6.240469	0.388133
6.260997	0.407774
6.281525	0.427415
6.302053	0.447056
6.322581	0.466697
6.343109	0.486339
6.363636	0.505980
6.384164	0.649207
6.404692	0.792435
6.425220	0.935662
6.445748	1.078889
6.466276	1.222117
6.486804	1.365344
6.507331	1.508572
6.527859	1.651799
6.548387	1.795027
6.568915	1.938254
6.589443	1.847315
6.609971	1.756376
6.630499	1.665437
6.651026	1.574499
6.671554	1.483560
6.692082	1.392621
6.712610	1.301682
6.733138	1.210743
6.753666	1.119804
6.774194	1.028865
6.794721	0.965458
6.815249	0.902051
6.835777	0.838644
6.856305	0.775237
6.876833	0.711830
6.897361	0.648423
6.917889	0.585015
6.938416	0.521608
6.958944	0.458201
6.979472	0.394794
