0.000000	0.000000
0.020528	0.000000
0.041056	0.000000
0.061584	0.000000
0.082111	0.000000
0.102639	0.000000
0.123167	0.000000
0.143695	0.000000
0.164223	0.000000
0.184751	0.000000
0.205279	0.000000
0.225806	0.000000
0.246334	0.000000
0.266862	0.000000
0.287390	0.000000
0.307918	0.000000
0.328446	0.000000
0.348974	0.000000
0.369501	0.000000
0.390029	0.000000
0.410557	0.000000
0.431085	0.000000
0.451613	0.000000
0.472141	0.000000
0.492669	0.000000
0.513196	0.000000
0.533724	0.000000
0.554252	0.000000
0.574780	0.000000
0.595308	0.000000
0.615836	0.000000
0.636364	0.000000
0.656891	0.000000
0.677419	0.000000
0.697947	0.000000
0.718475	0.000000
0.739003	0.000000
0.759531	0.000000
0.780059	0.000000
0.800587	0.000000
0.821114	0.000000
0.841642	0.000000
0.862170	0.000000
0.882698	0.000000
0.903226	0.000000
0.923754	0.000000
0.944282	0.000000
0.964809	0.000000
0.985337	0.000000
1.005865	0.000000
1.026393	0.000000
1.046921	0.000000
1.067449	0.000000
1.087977	0.000000
1.108504	0.000000
1.129032	0.000000
1.149560	0.000000
1.170088	0.000000
1.190616	0.000000
1.211144	0.000000
1.231672	0.000000
1.252199	0.000000
1.272727	0.000000
1.293255	0.000000
1.313783	0.000000
1.334311	0.000000
1.354839	0.000000
1.375367	0.000000
1.395894	0.000000
1.416422	0.000000
1.436950	0.000000
1.457478	0.000000
1.478006	0.000000
1.498534	0.000000
1.519062	0.000000
1.539589	0.000000
1.560117	0.000000
1.580645	0.000000
1.601173	0.000000
1.621701	0.000000
1.642229	0.000000
1.662757	0.000000
1.683284	0.000000
1.703812	0.000000
1.724340	0.000000
1.744868	0.000000
1.765396	0.000000
1.785924	0.000000
1.806452	0.000000
1.826979	0.000000
1.847507	0.000000
1.868035	0.000000
1.888563	0.000000
1.909091	0.000000
1.929619	0.000000
1.950147	0.000000
1.970674	0.000000
1.991202	0.000000
2.011730	0.000000
2.032258	0.000000
2.052786	0.000000
2.073314	0.156189
2.093842	0.312379
2.114370	0.468568
2.134897	0.624757
2.155425	0.780947
2.175953	0.937136
2.196481	1.093325
2.217009	1.249514
2.237537	1.405704
2.258065	1.561893
2.278592	5.347018
2.299120	9.132142
2.319648	12.917267
2.340176	16.702392
2.360704	20.487516
2.381232	24.272641
2.401760	28.057765
2.422287	31.842890
2.442815	35.628015
2.463343	39.413139
2.483871	45.471825
2.504399	51.530511
2.524927	57.589197
2.545455	63.647884
2.565982	69.706570
2.586510	75.765256
2.607038	81.823942
2.627566	87.882628
2.648094	93.941314
2.668622	100.000000
2.689150	95.111695
2.709677	90.223390
2.730205	85.335085
2.750733	80.446780
2.771261	75.558474
2.791789	70.670169
2.812317	65.781864
2.832845	60.893559
2.853372	56.005254
2.873900	51.116949
2.894428	48.320071
2.914956	45.523194
2.935484	42.726317
2.956012	39.929439
2.976540	37.132562
2.997067	34.335684
3.017595	31.538807
3.038123	28.741930
3.058651	25.945052
3.079179	23.148175
3.099707	22.272597
3.120235	21.397019
3.140762	20.521442
3.161290	19.645864
3.181818	18.770286
3.202346	17.894709
3.222874	17.019131
3.243402	16.143553
3.263930	15.267975
3.284457	14.392398
3.304985	14.151327
3.325513	13.910256
3.346041	13.669186
3.366569	13.428115
3.387097	13.187044
3.407625	12.945974
3.428152	12.704903
3.448680	12.463832
3.469208	12.222762
3.489736	11.981691
3.510264	11.229794
3.530792	10.477896
3.551320	9.725998
3.571848	8.974101
3.592375	8.222203
3.612903	7.470305
3.633431	6.718408
3.653959	5.966510
3.674487	5.214612
3.695015	4.462715
3.715543	4.252490
3.736070	4.042265
3.756598	3.832039
3.777126	3.621814
3.797654	3.411589
3.818182	3.201364
3.838710	2.991139
3.859238	2.780913
3.879765	2.570688
3.900293	2.360463
3.920821	2.280078
3.941349	2.199692
3.961877	2.119307
3.982405	2.038921
4.002933	1.958536
4.023460	1.878151
4.043988	1.797765
4.064516	1.717380
4.085044	1.636994
4.105572	1.556609
4.126100	1.408731
4.146628	1.260853
4.167155	1.112975
4.187683	0.965098
4.208211	0.817220
4.228739	0.669342
4.249267	0.521464
4.269795	0.373586
4.290323	0.225708
4.310850	0.077830
4.331378	0.070437
4.351906	0.063043
4.372434	0.055649
4.392962	0.048255
4.413490	0.040861
4.434018	0.033467
4.454545	0.026073
4.475073	0.018679
4.495601	0.011285
4.516129	0.003892
4.536657	0.052845
4.557185	0.101798
4.577713	0.150751
4.598240	0.199705
4.618768	0.248658
4.639296	0.297611
4.659824	0.346564
4.680352	0.395517
4.700880	0.444471
4.721408	0.493424
4.741935	0.516423
4.762463	0.539422
4.782991	0.562421
4.803519	0.585420
4.824047	0.608418
4.844575	0.631417
4.865103	0.654416
4.885630	0.677415
4.906158	0.700414
4.926686	0.723413
4.947214	0.724563
4.967742	0.725713
4.988270	0.726863
5.008798	0.728013
5.029326	0.729163
5.049853	0.730313
5.070381	0.731462
5.090909	0.732612
5.111437	0.733762
5.131965	0.734912
5.152493	0.702088
5.173021	0.669263
5.193548	0.636439
5.214076	0.603614
5.234604	0.570790
5.255132	0.537966
5.275660	0.505141
5.296188	0.472317
5.316716	0.439492
5.337243	0.406668
5.357771	0.446129
5.378299	0.485590
5.398827	0.525051
5.419355	0.564513
5.439883	0.603974
5.460411	0.643435
5.480938	0.682896
5.501466	0.722357
5.521994	0.761819
5.542522	0.801280
5.563050	0.762151
5.583578	0.723021
5.604106	0.683892
5.624633	0.644762
5.645161	0.605633
5.665689	0.566504
5.686217	0.527374
5.706745	0.488245
5.727273	0.449115
5.747801	0.409986
5.768328	0.395699
5.788856	0.381412
5.809384	0.367124
5.829912	0.352837
5.850440	0.338550
5.870968	0.324263
5.891496	0.309976
5.912023	0.295688
5.932551	0.281401
5.953079	0.267114
5.973607	0.254069
5.994135	0.241024
6.014663	0.227979
6.035191	0.214934
6.055718	0.201889
6.076246	0.188843
6.096774	0.175798
6.117302	0.162753
6.137830	0.149708
6.158358	0.136663
6.178886	0.131901
6.199413	0.127138
6.219941	0.122376
6.240469	0.117613
6.260997	0.112851
6.281525	0.108088
6.302053	0.103326
6.322581	0.098563
6.343109	0.093801
6.363636	0.089038
6.384164	0.097020
6.404692	0.105003
6.425220	0.112985
6.445748	0.120968
6.466276	0.128950
6.486804	0.136932
6.507331	0.144915
6.527859	0.152897
6.548387	0.160879
6.568915	0.168862
6.589443	0.156930
6.609971	0.144998
6.630499	0.133067
6.651026	0.121135
6.671554	0.109204
6.692082	0.097272
6.712610	0.085340
6.733138	0.073409
6.753666	0.061477
6.774194	0.049546
6.794721	0.044839
6.815249	0.040132
6.835777	0.035425
6.856305	0.030718
6.876833	0.026011
6.897361	0.021305
6.917889	0.016598
6.938416	0.011891
6.958944	0.007184
6.979472	0.002477
