0.000000	0.000000
0.020528	0.000000
0.041056	0.000000
0.061584	0.000000
0.082111	0.000000
0.102639	0.000000
0.123167	0.000000
0.143695	0.000000
0.164223	0.000000
0.184751	0.000000
0.205279	0.000000
0.225806	0.000000
0.246334	0.000000
0.266862	0.000000
0.287390	0.000000
0.307918	0.000000
0.328446	0.000000
0.348974	0.000000
0.369501	0.000000
0.390029	0.000000
0.410557	0.000000
0.431085	0.000000
0.451613	0.000000
0.472141	0.000000
0.492669	0.000000
0.513196	0.000000
0.533724	0.000000
0.554252	0.000000
0.574780	0.000000
0.595308	0.000000
0.615836	0.000000
0.636364	0.000000
0.656891	0.000000
0.677419	0.000000
0.697947	0.000000
0.718475	0.000000
0.739003	0.000000
0.759531	0.000000
0.780059	0.000000
0.800587	0.000000
0.821114	0.000000
0.841642	0.000000
0.862170	0.000000
0.882698	0.000000
0.903226	0.000000
0.923754	0.000000
0.944282	0.000000
0.964809	0.000000
0.985337	0.000000
1.005865	0.000000
1.026393	0.000000
1.046921	0.000000
1.067449	0.000000
1.087977	0.000000
1.108504	0.000000
1.129032	0.000000
1.149560	0.000000
1.170088	0.000000
1.190616	0.000000
1.211144	0.000000
1.231672	0.000000
1.252199	0.000000
1.272727	0.000000
1.293255	0.000000
1.313783	0.000000
1.334311	0.000000
1.354839	0.000000
1.375367	0.000000
1.395894	0.000000
1.416422	0.000000
1.436950	0.000000
1.457478	0.000000
1.478006	0.000000
1.498534	0.000000
1.519062	0.000000
1.539589	0.000000
1.560117	0.000000
1.580645	0.000000
1.601173	0.000000
1.621701	0.000000
1.642229	0.000000
1.662757	0.000000
1.683284	0.000000
1.703812	0.000000
1.724340	0.000000
1.744868	0.000000
1.765396	0.000000
1.785924	0.000000
1.806452	0.000000
1.826979	0.000000
1.847507	0.000000
1.868035	0.000000
1.888563	0.000000
1.909091	0.000000
1.929619	0.000000
1.950147	0.000000
1.970674	0.000000
1.991202	0.000000
2.011730	0.000000
2.032258	0.000000
2.052786	0.000000
2.073314	0.000000
2.093842	0.000000
2.114370	0.000000
2.134897	0.000000
2.155425	0.000000
2.175953	0.000000
2.196481	0.000000
2.217009	0.000000
2.237537	0.000000
2.258065	0.000000
2.278592	0.000000
2.299120	0.000000
2.319648	0.000000
2.340176	0.000000
2.360704	0.000000
2.381232	0.000000
2.401760	0.000000
2.422287	0.000000
2.442815	0.000000
2.463343	0.000000
2.483871	1.249609
2.504399	2.499219
2.524927	3.748828
2.545455	4.998438
2.565982	6.248047
2.586510	7.497657
2.607038	8.747266
2.627566	9.996876
2.648094	11.246485
2.668622	12.496095
2.689150	16.075518
2.709677	19.654940
2.730205	23.234363
2.750733	26.813786
2.771261	30.393208
2.791789	33.972631
2.812317	37.552054
2.832845	41.131476
2.853372	44.710899
2.873900	48.290322
2.894428	53.461289
2.914956	58.632257
2.935484	63.803225
2.956012	68.974193
2.976540	74.145161
2.997067	79.316129
3.017595	84.487096
3.038123	89.658064
3.058651	94.829032
3.079179	100.000000
3.099707	98.899437
3.120235	97.798874
3.140762	96.698311
3.161290	95.597748
3.181818	94.497185
3.202346	93.396622
3.222874	92.296059
3.243402	91.195496
3.263930	90.094933
3.284457	88.994370
3.304985	85.467489
3.325513	81.940608
3.346041	78.413726
3.366569	74.886845
3.387097	71.359964
3.407625	67.833082
3.428152	64.306201
3.448680	60.779320
3.469208	57.252438
3.489736	53.725557
3.510264	51.932450
3.530792	50.139343
3.551320	48.346236
3.571848	46.553129
3.592375	44.760023
3.612903	42.966916
3.633431	41.173809
3.653959	39.380702
3.674487	37.587595
3.695015	35.794488
3.715543	38.996330
3.736070	42.198172
3.756598	45.400014
3.777126	48.601856
3.797654	51.803697
3.818182	55.005539
3.838710	58.207381
3.859238	61.409223
3.879765	64.611065
3.900293	67.812907
3.920821	62.001927
3.941349	56.190946
3.961877	50.379966
3.982405	44.568986
4.002933	38.758006
4.023460	32.947026
4.043988	27.136046
4.064516	21.325066
4.085044	15.514086
4.105572	9.703106
4.126100	9.096934
4.146628	8.490762
4.167155	7.884590
4.187683	7.278418
4.208211	6.672246
4.228739	6.066074
4.249267	5.459902
4.269795	4.853730
4.290323	4.247557
4.310850	3.641385
4.331378	3.372749
4.351906	3.104113
4.372434	2.835477
4.392962	2.566841
4.413490	2.298205
4.434018	2.029568
4.454545	1.760932
4.475073	1.492296
4.495601	1.223660
4.516129	0.955024
4.536657	0.864296
4.557185	0.773569
4.577713	0.682842
4.598240	0.592115
4.618768	0.501387
4.639296	0.410660
4.659824	0.319933
4.680352	0.229206
4.700880	0.138478
4.721408	0.047751
4.741935	0.043215
4.762463	0.038678
4.782991	0.034142
4.803519	0.029606
4.824047	0.025069
4.844575	0.020533
4.865103	0.015997
4.885630	0.011460
4.906158	0.006924
4.926686	0.002388
4.947214	0.079456
4.967742	0.156525
4.988270	0.233593
5.008798	0.310662
5.029326	0.387731
5.049853	0.464799
5.070381	0.541868
5.090909	0.618936
5.111437	0.696005
5.131965	0.773074
5.152493	0.757603
5.173021	0.742133
5.193548	0.726662
5.214076	0.711192
5.234604	0.695722
5.255132	0.680251
5.275660	0.664781
5.296188	0.649310
5.316716	0.633840
5.337243	0.618369
5.357771	0.759304
5.378299	0.900239
5.398827	1.041174
5.419355	1.182109
5.439883	1.323043
5.460411	1.463978
5.480938	1.604913
5.501466	1.745848
5.521994	1.886782
5.542522	2.027717
5.563050	1.893056
5.583578	1.758394
5.604106	1.623732
5.624633	1.489071
5.645161	1.354409
5.665689	1.219748
5.686217	1.085086
5.706745	0.950425
5.727273	0.815763
5.747801	0.681102
5.768328	0.745223
5.788856	0.809344
5.809384	0.873465
5.829912	0.937586
5.850440	1.001707
5.870968	1.065828
5.891496	1.129949
5.912023	1.194070
5.932551	1.258191
5.953079	1.322312
5.973607	1.293312
5.994135	1.264312
6.014663	1.235311
6.035191	1.206311
6.055718	1.177310
6.076246	1.148310
6.096774	1.119310
6.117302	1.090309
6.137830	1.061309
6.158358	1.032309
6.178886	1.005093
6.199413	0.977878
6.219941	0.950663
6.240469	0.923448
6.260997	0.896233
6.281525	0.869018
6.302053	0.841802
6.322581	0.814587
6.343109	0.787372
6.363636	0.760157
6.384164	0.707266
6.404692	0.654375
6.425220	0.601484
6.445748	0.548593
6.466276	0.495702
6.486804	0.442811
6.507331	0.389920
6.527859	0.337029
6.548387	0.284137
6.568915	0.231246
6.589443	0.228602
6.609971	0.225957
6.630499	0.223313
6.651026	0.220668
6.671554	0.218024
6.692082	0.215379
6.712610	0.212735
6.733138	0.210090
6.753666	0.207445
6.774194	0.204801
6.794721	0.185345
6.815249	0.165889
6.835777	0.146433
6.856305	0.126977
6.876833	0.107520
6.897361	0.088064
6.917889	0.068608
6.938416	0.049152
6.958944	0.029696
6.979472	0.010240
