0.000000	0.000000
0.020528	0.000000
0.041056	0.000000
0.061584	0.000000
0.082111	0.000000
0.102639	0.000000
0.123167	0.000000
0.143695	0.000000
0.164223	0.000000
0.184751	0.000000
0.205279	0.000000
0.225806	0.000000
0.246334	0.000000
0.266862	0.000000
0.287390	0.000000
0.307918	0.000000
0.328446	0.000000
0.348974	0.000000
0.369501	0.000000
0.390029	0.000000
0.410557	0.000000
0.431085	0.000000
0.451613	0.000000
0.472141	0.000000
0.492669	0.000000
0.513196	0.000000
0.533724	0.000000
0.554252	0.000000
0.574780	0.000000
0.595308	0.000000
0.615836	0.000000
0.636364	0.000000
0.656891	0.000000
0.677419	0.000000
0.697947	0.000000
0.718475	0.000000
0.739003	0.000000
0.759531	0.000000
0.780059	0.000000
0.800587	0.000000
0.821114	0.000000
0.841642	0.000000
0.862170	0.000000
0.882698	0.000000
0.903226	0.000000
0.923754	0.000000
0.944282	0.000000
0.964809	0.000000
0.985337	0.000000
1.005865	0.000000
1.026393	0.000000
1.046921	0.000000
1.067449	0.000000
1.087977	0.000000
1.108504	0.000000
1.129032	0.000000
1.149560	0.000000
1.170088	0.000000
1.190616	0.000000
1.211144	0.000000
1.231672	0.000000
1.252199	0.000000
1.272727	0.000000
1.293255	0.000000
1.313783	0.000000
1.334311	0.000000
1.354839	0.000000
1.375367	0.000000
1.395894	0.000000
1.416422	0.000000
1.436950	0.000000
1.457478	0.000000
1.478006	0.000000
1.498534	0.000000
1.519062	0.000000
1.539589	0.000000
1.560117	0.000000
1.580645	0.000000
1.601173	0.000000
1.621701	0.000000
1.642229	0.000000
1.662757	0.000000
1.683284	0.000000
1.703812	0.000000
1.724340	0.000000
1.744868	0.000000
1.765396	0.000000
1.785924	0.000000
1.806452	0.000000
1.826979	0.000000
1.847507	0.000000
1.868035	0.000000
1.888563	0.000000
1.909091	0.000000
1.929619	0.000000
1.950147	0.000000
1.970674	0.000000
1.991202	0.000000
2.011730	0.000000
2.032258	0.000000
2.052786	0.000000
2.073314	0.000000
2.093842	0.000000
2.114370	0.000000
2.134897	0.000000
2.155425	0.000000
2.175953	0.000000
2.196481	0.000000
2.217009	0.000000
2.237537	0.000000
2.258065	0.000000
2.278592	0.153871
2.299120	0.307741
2.319648	0.461612
2.340176	0.615483
2.360704	0.769354
2.381232	0.923224
2.401760	1.077095
2.422287	1.230966
2.442815	1.384837
2.463343	1.538707
2.483871	3.543224
2.504399	5.547740
2.524927	7.552256
2.545455	9.556772
2.565982	11.561288
2.586510	13.565804
2.607038	15.570320
2.627566	17.574836
2.648094	19.579352
2.668622	21.583868
2.689150	28.276057
2.709677	34.968245
2.730205	41.660433
2.750733	48.352621
2.771261	55.044810
2.791789	61.736998
2.812317	68.429186
2.832845	75.121374
2.853372	81.813563
2.873900	88.505751
2.894428	89.655176
2.914956	90.804601
2.935484	91.954026
2.956012	93.103450
2.976540	94.252875
2.997067	95.402300
3.017595	96.551725
3.038123	97.701150
3.058651	98.850575
3.079179	100.000000
3.099707	92.832541
3.120235	85.665081
3.140762	78.497622
3.161290	71.330162
3.181818	64.162703
3.202346	56.995243
3.222874	49.827784
3.243402	42.660324
3.263930	35.492865
3.284457	28.325405
3.304985	26.634652
3.325513	24.943898
3.346041	23.253144
3.366569	21.562391
3.387097	19.871637
3.407625	18.180883
3.428152	16.490130
3.448680	14.799376
3.469208	13.108622
3.489736	11.417868
3.510264	11.273881
3.530792	11.129893
3.551320	10.985905
3.571848	10.841917
3.592375	10.697930
3.612903	10.553942
3.633431	10.409954
3.653959	10.265966
3.674487	10.121979
3.695015	9.977991
3.715543	9.302853
3.736070	8.627714
3.756598	7.952576
3.777126	7.277438
3.797654	6.602300
3.818182	5.927161
3.838710	5.252023
3.859238	4.576885
3.879765	3.901746
3.900293	3.226608
3.920821	3.070454
3.941349	2.914300
3.961877	2.758146
3.982405	2.601992
4.002933	2.445838
4.023460	2.289684
4.043988	2.133529
4.064516	1.977375
4.085044	1.821221
4.105572	1.665067
4.126100	1.580324
4.146628	1.495581
4.167155	1.410838
4.187683	1.326095
4.208211	1.241352
4.228739	1.156609
4.249267	1.071866
4.269795	0.987123
4.290323	0.902380
4.310850	0.817636
4.331378	0.823890
4.351906	0.830145
4.372434	0.836399
4.392962	0.842653
4.413490	0.848907
4.434018	0.855161
4.454545	0.861415
4.475073	0.867669
4.495601	0.873923
4.516129	0.880177
4.536657	0.852513
4.557185	0.824849
4.577713	0.797185
4.598240	0.769522
4.618768	0.741858
4.639296	0.714194
4.659824	0.686530
4.680352	0.658866
4.700880	0.631203
4.721408	0.603539
4.741935	0.563688
4.762463	0.523837
4.782991	0.483986
4.803519	0.444135
4.824047	0.404284
4.844575	0.364434
4.865103	0.324583
4.885630	0.284732
4.906158	0.244881
4.926686	0.205030
4.947214	0.258991
4.967742	0.312951
4.988270	0.366911
5.008798	0.420872
5.029326	0.474832
5.049853	0.528793
5.070381	0.582753
5.090909	0.636714
5.111437	0.690674
5.131965	0.744635
5.152493	0.803286
5.173021	0.861937
5.193548	0.920588
5.214076	0.979239
5.234604	1.037890
5.255132	1.096541
5.275660	1.155192
5.296188	1.213843
5.316716	1.272494
5.337243	1.331145
5.357771	1.271130
5.378299	1.211116
5.398827	1.151101
5.419355	1.091086
5.439883	1.031072
5.460411	0.971057
5.480938	0.911043
5.501466	0.851028
5.521994	0.791014
5.542522	0.730999
5.563050	0.748981
5.583578	0.766962
5.604106	0.784944
5.624633	0.802926
5.645161	0.820907
5.665689	0.838889
5.686217	0.856871
5.706745	0.874852
5.727273	0.892834
5.747801	0.910816
5.768328	0.890732
5.788856	0.870649
5.809384	0.850566
5.829912	0.830482
5.850440	0.810399
5.870968	0.790316
5.891496	0.770232
5.912023	0.750149
5.932551	0.730066
5.953079	0.709983
5.973607	0.687996
5.994135	0.666010
6.014663	0.644023
6.035191	0.622036
6.055718	0.600050
6.076246	0.578063
6.096774	0.556077
6.117302	0.534090
6.137830	0.512104
6.158358	0.490117
6.178886	0.485521
6.199413	0.480924
6.219941	0.476328
6.240469	0.471732
6.260997	0.467135
6.281525	0.462539
6.302053	0.457943
6.322581	0.453346
6.343109	0.448750
6.363636	0.444153
6.384164	0.454415
6.404692	0.464676
6.425220	0.474937
6.445748	0.485199
6.466276	0.495460
6.486804	0.505722
6.507331	0.515983
6.527859	0.526244
6.548387	0.536506
6.568915	0.546767
6.589443	0.522801
6.609971	0.498834
6.630499	0.474868
6.651026	0.450902
6.671554	0.426935
6.692082	0.402969
6.712610	0.379002
6.733138	0.355036
6.753666	0.331070
6.774194	0.307103
6.794721	0.281426
6.815249	0.255748
6.835777	0.230070
6.856305	0.204392
6.876833	0.178715
6.897361	0.153037
6.917889	0.127359
6.938416	0.101681
6.958944	0.076004
6.979472	0.050326
