0.000000	0.000000
0.020528	0.000000
0.041056	0.000000
0.061584	0.000000
0.082111	0.000000
0.102639	0.000000
0.123167	0.000000
0.143695	0.000000
0.164223	0.000000
0.184751	0.000000
0.205279	0.000000
0.225806	0.000000
0.246334	0.000000
0.266862	0.000000
0.287390	0.000000
0.307918	0.000000
0.328446	0.000000
0.348974	0.000000
0.369501	0.000000
0.390029	0.000000
0.410557	0.000000
0.431085	0.000000
0.451613	0.000000
0.472141	0.000000
0.492669	0.000000
0.513196	0.000000
0.533724	0.000000
0.554252	0.000000
0.574780	0.000000
0.595308	0.000000
0.615836	0.000000
0.636364	0.000000
0.656891	0.000000
0.677419	0.000000
0.697947	0.000000
0.718475	0.000000
0.739003	0.000000
0.759531	0.000000
0.780059	0.000000
0.800587	0.000000
0.821114	0.000000
0.841642	0.000000
0.862170	0.000000
0.882698	0.000000
0.903226	0.000000
0.923754	0.000000
0.944282	0.000000
0.964809	0.000000
0.985337	0.000000
1.005865	0.000000
1.026393	0.000000
1.046921	0.000000
1.067449	0.000000
1.087977	0.000000
1.108504	0.000000
1.129032	0.000000
1.149560	0.000000
1.170088	0.000000
1.190616	0.000000
1.211144	0.000000
1.231672	0.000000
1.252199	0.000000
1.272727	0.000000
1.293255	0.000000
1.313783	0.000000
1.334311	0.000000
1.354839	0.000000
1.375367	0.000000
1.395894	0.000000
1.416422	0.000000
1.436950	0.000000
1.457478	0.000000
1.478006	0.000000
1.498534	0.000000
1.519062	0.000000
1.539589	0.000000
1.560117	0.000000
1.580645	0.000000
1.601173	0.000000
1.621701	0.000000
1.642229	0.000000
1.662757	0.000000
1.683284	0.000000
1.703812	0.000000
1.724340	0.000000
1.744868	0.000000
1.765396	0.000000
1.785924	0.000000
1.806452	0.000000
1.826979	0.000000
1.847507	0.000000
1.868035	0.000000
1.888563	0.000000
1.909091	0.000000
1.929619	0.000000
1.950147	0.000000
1.970674	0.000000
1.991202	0.000000
2.011730	0.000000
2.032258	0.000000
2.052786	0.000000
2.073314	0.000000
2.093842	0.000000
2.114370	0.000000
2.134897	0.000000
2.155425	0.000000
2.175953	0.000000
2.196481	0.000000
2.217009	0.000000
2.237537	0.000000
2.258065	0.000000
2.278592	0.201828
2.299120	0.403656
2.319648	0.605485
2.340176	0.807313
2.360704	1.009141
2.381232	1.210969
2.401760	1.412797
2.422287	1.614626
2.442815	1.816454
2.463343	2.018282
2.483871	3.299461
2.504399	4.580641
2.524927	5.861821
2.545455	7.143000
2.565982	8.424180
2.586510	9.705359
2.607038	10.986539
2.627566	12.267718
2.648094	13.548898
2.668622	14.830078
2.689150	21.910887
2.709677	28.991696
2.730205	36.072505
2.750733	43.153314
2.771261	50.234123
2.791789	57.314933
2.812317	64.395742
2.832845	71.476551
2.853372	78.557360
2.873900	85.638169
2.894428	87.074352
2.914956	88.510535
2.935484	89.946718
2.956012	91.382902
2.976540	92.819085
2.997067	94.255268
3.017595	95.691451
3.038123	97.127634
3.058651	98.563817
3.079179	100.000000
3.099707	92.020153
3.120235	84.040305
3.140762	76.060458
3.161290	68.080611
3.181818	60.100764
3.202346	52.120916
3.222874	44.141069
3.243402	36.161222
3.263930	28.181375
3.284457	20.201527
3.304985	19.068224
3.325513	17.934920
3.346041	16.801617
3.366569	15.668314
3.387097	14.535010
3.407625	13.401707
3.428152	12.268403
3.448680	11.135100
3.469208	10.001796
3.489736	8.868493
3.510264	8.601411
3.530792	8.334329
3.551320	8.067248
3.571848	7.800166
3.592375	7.533084
3.612903	7.266002
3.633431	6.998920
3.653959	6.731839
3.674487	6.464757
3.695015	6.197675
3.715543	5.922374
3.736070	5.647072
3.756598	5.371771
3.777126	5.096470
3.797654	4.821169
3.818182	4.545867
3.838710	4.270566
3.859238	3.995265
3.879765	3.719963
3.900293	3.444662
3.920821	3.267717
3.941349	3.090771
3.961877	2.913826
3.982405	2.736881
4.002933	2.559935
4.023460	2.382990
4.043988	2.206045
4.064516	2.029100
4.085044	1.852154
4.105572	1.675209
4.126100	1.711451
4.146628	1.747693
4.167155	1.783935
4.187683	1.820177
4.208211	1.856419
4.228739	1.892661
4.249267	1.928903
4.269795	1.965145
4.290323	2.001387
4.310850	2.037629
4.331378	2.058765
4.351906	2.079901
4.372434	2.101037
4.392962	2.122173
4.413490	2.143309
4.434018	2.164446
4.454545	2.185582
4.475073	2.206718
4.495601	2.227854
4.516129	2.248990
4.536657	2.035336
4.557185	1.821682
4.577713	1.608028
4.598240	1.394374
4.618768	1.180720
4.639296	0.967066
4.659824	0.753412
4.680352	0.539758
4.700880	0.326104
4.721408	0.112449
4.741935	0.151150
4.762463	0.189851
4.782991	0.228552
4.803519	0.267253
4.824047	0.305953
4.844575	0.344654
4.865103	0.383355
4.885630	0.422056
4.906158	0.460757
4.926686	0.499457
4.947214	0.572247
4.967742	0.645037
4.988270	0.717826
5.008798	0.790616
5.029326	0.863405
5.049853	0.936195
5.070381	1.008985
5.090909	1.081774
5.111437	1.154564
5.131965	1.227354
5.152493	1.203081
5.173021	1.178808
5.193548	1.154535
5.214076	1.130262
5.234604	1.105989
5.255132	1.081716
5.275660	1.057443
5.296188	1.033170
5.316716	1.008897
5.337243	0.984624
5.357771	0.940468
5.378299	0.896313
5.398827	0.852157
5.419355	0.808001
5.439883	0.763845
5.460411	0.719689
5.480938	0.675534
5.501466	0.631378
5.521994	0.587222
5.542522	0.543066
5.563050	0.538711
5.583578	0.534356
5.604106	0.530001
5.624633	0.525647
5.645161	0.521292
5.665689	0.516937
5.686217	0.512582
5.706745	0.508227
5.727273	0.503872
5.747801	0.499517
5.768328	0.520770
5.788856	0.542024
5.809384	0.563277
5.829912	0.584531
5.850440	0.605784
5.870968	0.627037
5.891496	0.648291
5.912023	0.669544
5.932551	0.690797
5.953079	0.712051
5.973607	0.702378
5.994135	0.692705
6.014663	0.683032
6.035191	0.673359
6.055718	0.663686
6.076246	0.654013
6.096774	0.644340
6.117302	0.634668
6.137830	0.624995
6.158358	0.615322
6.178886	0.610544
6.199413	0.605766
6.219941	0.600988
6.240469	0.596210
6.260997	0.591432
6.281525	0.586655
6.302053	0.581877
6.322581	0.577099
6.343109	0.572321
6.363636	0.567543
6.384164	0.524362
6.404692	0.481181
6.425220	0.438000
6.445748	0.394819
6.466276	0.351638
6.486804	0.308457
6.507331	0.265276
6.527859	0.222095
6.548387	0.178914
6.568915	0.135733
6.589443	0.137868
6.609971	0.140003
6.630499	0.142138
6.651026	0.144273
6.671554	0.146408
6.692082	0.148544
6.712610	0.150679
6.733138	0.152814
6.753666	0.154949
6.774194	0.157084
6.794721	0.161485
6.815249	0.165886
6.835777	0.170287
6.856305	0.174688
6.876833	0.179089
6.897361	0.183490
6.917889	0.187891
6.938416	0.192292
6.958944	0.196693
6.979472	0.201094
