0.000000	0.000000
0.020528	0.000000
0.041056	0.000000
0.061584	0.000000
0.082111	0.000000
0.102639	0.000000
0.123167	0.000000
0.143695	0.000000
0.164223	0.000000
0.184751	0.000000
0.205279	0.000000
0.225806	0.000000
0.246334	0.000000
0.266862	0.000000
0.287390	0.000000
0.307918	0.000000
0.328446	0.000000
0.348974	0.000000
0.369501	0.000000
0.390029	0.000000
0.410557	0.000000
0.431085	0.000000
0.451613	0.000000
0.472141	0.000000
0.492669	0.000000
0.513196	0.000000
0.533724	0.000000
0.554252	0.000000
0.574780	0.000000
0.595308	0.000000
0.615836	0.000000
0.636364	0.000000
0.656891	0.000000
0.677419	0.000000
0.697947	0.000000
0.718475	0.000000
0.739003	0.000000
0.759531	0.000000
0.780059	0.000000
0.800587	0.000000
0.821114	0.000000
0.841642	0.000000
0.862170	0.000000
0.882698	0.000000
0.903226	0.000000
0.923754	0.000000
0.944282	0.000000
0.964809	0.000000
0.985337	0.000000
1.005865	0.000000
1.026393	0.000000
1.046921	0.000000
1.067449	0.000000
1.087977	0.000000
1.108504	0.000000
1.129032	0.000000
1.149560	0.000000
1.170088	0.000000
1.190616	0.000000
1.211144	0.000000
1.231672	0.000000
1.252199	0.000000
1.272727	0.000000
1.293255	0.000000
1.313783	0.000000
1.334311	0.000000
1.354839	0.000000
1.375367	0.000000
1.395894	0.000000
1.416422	0.000000
1.436950	0.000000
1.457478	0.009614
1.478006	0.019228
1.498534	0.028842
1.519062	0.038456
1.539589	0.048069
1.560117	0.057683
1.580645	0.067297
1.601173	0.076911
1.621701	0.086525
1.642229	0.096139
1.662757	0.087006
1.683284	0.077873
1.703812	0.068739
1.724340	0.059606
1.744868	0.050473
1.765396	0.041340
1.785924	0.032207
1.806452	0.023073
1.826979	0.013940
1.847507	0.004807
1.868035	0.004350
1.888563	0.003894
1.909091	0.003437
1.929619	0.002980
1.950147	0.002524
1.970674	0.002067
1.991202	0.001610
2.011730	0.001154
2.032258	0.000697
2.052786	0.000240
2.073314	0.096356
2.093842	0.192473
2.114370	0.288589
2.134897	0.384705
2.155425	0.480821
2.175953	0.576937
2.196481	0.673053
2.217009	0.769169
2.237537	0.865285
2.258065	0.961401
2.278592	1.773774
2.299120	2.586147
2.319648	3.398520
2.340176	4.210893
2.360704	5.023266
2.381232	5.835639
2.401760	6.648012
2.422287	7.460385
2.442815	8.272758
2.463343	9.085130
2.483871	15.706460
2.504399	22.327789
2.524927	28.949118
2.545455	35.570447
2.565982	42.191776
2.586510	48.813105
2.607038	55.434434
2.627566	62.055763
2.648094	68.677092
2.668622	75.298421
2.689150	77.768579
2.709677	80.238737
2.730205	82.708895
2.750733	85.179053
2.771261	87.649211
2.791789	90.119369
2.812317	92.589526
2.832845	95.059684
2.853372	97.529842
2.873900	100.000000
2.894428	95.859746
2.914956	91.719492
2.935484	87.579238
2.956012	83.438984
2.976540	79.298730
2.997067	75.158475
3.017595	71.018221
3.038123	66.877967
3.058651	62.737713
3.079179	58.597459
3.099707	57.405022
3.120235	56.212585
3.140762	55.020149
3.161290	53.827712
3.181818	52.635275
3.202346	51.442838
3.222874	50.250401
3.243402	49.057964
3.263930	47.865527
3.284457	46.673091
3.304985	46.906693
3.325513	47.140294
3.346041	47.373896
3.366569	47.607498
3.387097	47.841100
3.407625	48.074702
3.428152	48.308304
3.448680	48.541906
3.469208	48.775508
3.489736	49.009110
3.510264	47.843088
3.530792	46.677066
3.551320	45.511044
3.571848	44.345022
3.592375	43.179000
3.612903	42.012978
3.633431	40.846956
3.653959	39.680935
3.674487	38.514913
3.695015	37.348891
3.715543	36.507057
3.736070	35.665224
3.756598	34.823390
3.777126	33.981557
3.797654	33.139723
3.818182	32.297890
3.838710	31.456057
3.859238	30.614223
3.879765	29.772390
3.900293	28.930556
3.920821	28.013600
3.941349	27.096644
3.961877	26.179688
3.982405	25.262732
4.002933	24.345776
4.023460	23.428820
4.043988	22.511864
4.064516	21.594908
4.085044	20.677952
4.105572	19.760996
4.126100	18.277871
4.146628	16.794746
4.167155	15.311621
4.187683	13.828496
4.208211	12.345371
4.228739	10.862246
4.249267	9.379121
4.269795	7.895996
4.290323	6.412871
4.310850	4.929746
4.331378	5.701613
4.351906	6.473479
4.372434	7.245346
4.392962	8.017212
4.413490	8.789078
4.434018	9.560945
4.454545	10.332811
4.475073	11.104678
4.495601	11.876544
4.516129	12.648411
4.536657	12.177468
4.557185	11.706524
4.577713	11.235581
4.598240	10.764638
4.618768	10.293695
4.639296	9.822752
4.659824	9.351809
4.680352	8.880866
4.700880	8.409923
4.721408	7.938980
4.741935	7.415510
4.762463	6.892041
4.782991	6.368571
4.803519	5.845101
4.824047	5.321632
4.844575	4.798162
4.865103	4.274692
4.885630	3.751223
4.906158	3.227753
4.926686	2.704284
4.947214	2.880002
4.967742	3.055720
4.988270	3.231438
5.008798	3.407157
5.029326	3.582875
5.049853	3.758593
5.070381	3.934312
5.090909	4.110030
5.111437	4.285748
5.131965	4.461466
5.152493	4.268361
5.173021	4.075255
5.193548	3.882149
5.214076	3.689043
5.234604	3.495937
5.255132	3.302831
5.275660	3.109725
5.296188	2.916620
5.316716	2.723514
5.337243	2.530408
5.357771	2.352509
5.378299	2.174611
5.398827	1.996713
5.419355	1.818814
5.439883	1.640916
5.460411	1.463017
5.480938	1.285119
5.501466	1.107220
5.521994	0.929322
5.542522	0.751424
5.563050	0.747336
5.583578	0.743248
5.604106	0.739160
5.624633	0.735072
5.645161	0.730984
5.665689	0.726896
5.686217	0.722808
5.706745	0.718720
5.727273	0.714632
5.747801	0.710544
5.768328	0.719953
5.788856	0.729363
5.809384	0.738772
5.829912	0.748182
5.850440	0.757591
5.870968	0.767001
5.891496	0.776410
5.912023	0.785820
5.932551	0.795229
5.953079	0.804639
5.973607	0.752233
5.994135	0.699827
6.014663	0.647421
6.035191	0.595015
6.055718	0.542609
6.076246	0.490203
6.096774	0.437797
6.117302	0.385391
6.137830	0.332985
6.158358	0.280579
6.178886	0.273152
6.199413	0.265725
6.219941	0.258298
6.240469	0.250870
6.260997	0.243443
6.281525	0.236016
6.302053	0.228589
6.322581	0.221161
6.343109	0.213734
6.363636	0.206307
6.384164	0.191515
6.404692	0.176722
6.425220	0.161930
6.445748	0.147138
6.466276	0.132346
6.486804	0.117554
6.507331	0.102761
6.527859	0.087969
6.548387	0.073177
6.568915	0.058385
6.589443	0.057645
6.609971	0.056906
6.630499	0.056166
6.651026	0.055426
6.671554	0.054687
6.692082	0.053947
6.712610	0.053208
6.733138	0.052468
6.753666	0.051728
6.774194	0.050989
6.794721	0.050952
6.815249	0.050915
6.835777	0.050878
6.856305	0.050841
6.876833	0.050804
6.897361	0.050767
6.917889	0.050730
6.938416	0.050693
6.958944	0.050656
6.979472	0.050619
