0.000000	0.000000
0.020528	0.000000
0.041056	0.000000
0.061584	0.000000
0.082111	0.000000
0.102639	0.000000
0.123167	0.000000
0.143695	0.000000
0.164223	0.000000
0.184751	0.000000
0.205279	0.000000
0.225806	0.000000
0.246334	0.000000
0.266862	0.000000
0.287390	0.000000
0.307918	0.000000
0.328446	0.000000
0.348974	0.000000
0.369501	0.000000
0.390029	0.000000
0.410557	0.000000
0.431085	0.000000
0.451613	0.000000
0.472141	0.000000
0.492669	0.000000
0.513196	0.000000
0.533724	0.000000
0.554252	0.000000
0.574780	0.000000
0.595308	0.000000
0.615836	0.000000
0.636364	0.000000
0.656891	0.000000
0.677419	0.000000
0.697947	0.000000
0.718475	0.000000
0.739003	0.000000
0.759531	0.000000
0.780059	0.000000
0.800587	0.000000
0.821114	0.000000
0.841642	0.000000
0.862170	0.000000
0.882698	0.000000
0.903226	0.000000
0.923754	0.000000
0.944282	0.000000
0.964809	0.000000
0.985337	0.000000
1.005865	0.000000
1.026393	0.000000
1.046921	0.000000
1.067449	0.000000
1.087977	0.000000
1.108504	0.000000
1.129032	0.000000
1.149560	0.000000
1.170088	0.000000
1.190616	0.000000
1.211144	0.000000
1.231672	0.000000
1.252199	0.000000
1.272727	0.000000
1.293255	0.000000
1.313783	0.000000
1.334311	0.000000
1.354839	0.000000
1.375367	0.000000
1.395894	0.000000
1.416422	0.000000
1.436950	0.000000
1.457478	0.000000
1.478006	0.000000
1.498534	0.000000
1.519062	0.000000
1.539589	0.000000
1.560117	0.000000
1.580645	0.000000
1.601173	0.000000
1.621701	0.000000
1.642229	0.000000
1.662757	0.000000
1.683284	0.000000
1.703812	0.000000
1.724340	0.000000
1.744868	0.000000
1.765396	0.000000
1.785924	0.000000
1.806452	0.000000
1.826979	0.000000
1.847507	0.000000
1.868035	0.000000
1.888563	0.000000
1.909091	0.000000
1.929619	0.000000
1.950147	0.000000
1.970674	0.000000
1.991202	0.000000
2.011730	0.000000
2.032258	0.000000
2.052786	0.000000
2.073314	0.000000
2.093842	0.000000
2.114370	0.000000
2.134897	0.000000
2.155425	0.000000
2.175953	0.000000
2.196481	0.000000
2.217009	0.000000
2.237537	0.000000
2.258065	0.000000
2.278592	0.000000
2.299120	0.000000
2.319648	0.000000
2.340176	0.000000
2.360704	0.000000
2.381232	0.000000
2.401760	0.000000
2.422287	0.000000
2.442815	0.000000
2.463343	0.000000
2.483871	0.000000
2.504399	0.000000
2.524927	0.000000
2.545455	0.000000
2.565982	0.000000
2.586510	0.000000
2.607038	0.000000
2.627566	0.000000
2.648094	0.000000
2.668622	0.000000
2.689150	2.614621
2.709677	5.229241
2.730205	7.843862
2.750733	10.458482
2.771261	13.073103
2.791789	15.687723
2.812317	18.302344
2.832845	20.916964
2.853372	23.531585
2.873900	26.146206
2.894428	33.119001
2.914956	40.091796
2.935484	47.064591
2.956012	54.037386
2.976540	61.010181
2.997067	67.982977
3.017595	74.955772
3.038123	81.928567
3.058651	88.901362
3.079179	95.874157
3.099707	96.286741
3.120235	96.699326
3.140762	97.111910
3.161290	97.524494
3.181818	97.937079
3.202346	98.349663
3.222874	98.762247
3.243402	99.174831
3.263930	99.587416
3.284457	100.000000
3.304985	93.228300
3.325513	86.456599
3.346041	79.684899
3.366569	72.913199
3.387097	66.141499
3.407625	59.369798
3.428152	52.598098
3.448680	45.826398
3.469208	39.054697
3.489736	32.282997
3.510264	30.640654
3.530792	28.998312
3.551320	27.355969
3.571848	25.713626
3.592375	24.071283
3.612903	22.428940
3.633431	20.786597
3.653959	19.144255
3.674487	17.501912
3.695015	15.859569
3.715543	15.258791
3.736070	14.658012
3.756598	14.057234
3.777126	13.456456
3.797654	12.855678
3.818182	12.254899
3.838710	11.654121
3.859238	11.053343
3.879765	10.452564
3.900293	9.851786
3.920821	9.324401
3.941349	8.797016
3.961877	8.269630
3.982405	7.742245
4.002933	7.214860
4.023460	6.687475
4.043988	6.160090
4.064516	5.632704
4.085044	5.105319
4.105572	4.577934
4.126100	4.466305
4.146628	4.354677
4.167155	4.243048
4.187683	4.131419
4.208211	4.019791
4.228739	3.908162
4.249267	3.796534
4.269795	3.684905
4.290323	3.573276
4.310850	3.461648
4.331378	3.171868
4.351906	2.882089
4.372434	2.592310
4.392962	2.302530
4.413490	2.012751
4.434018	1.722972
4.454545	1.433192
4.475073	1.143413
4.495601	0.853634
4.516129	0.563854
4.536657	0.581338
4.557185	0.598821
4.577713	0.616304
4.598240	0.633788
4.618768	0.651271
4.639296	0.668754
4.659824	0.686238
4.680352	0.703721
4.700880	0.721204
4.721408	0.738687
4.741935	0.668512
4.762463	0.598337
4.782991	0.528162
4.803519	0.457986
4.824047	0.387811
4.844575	0.317636
4.865103	0.247460
4.885630	0.177285
4.906158	0.107110
4.926686	0.036934
4.947214	0.033426
4.967742	0.029917
4.988270	0.026408
5.008798	0.022899
5.029326	0.019391
5.049853	0.015882
5.070381	0.012373
5.090909	0.008864
5.111437	0.005355
5.131965	0.001847
5.152493	0.236135
5.173021	0.470422
5.193548	0.704710
5.214076	0.938998
5.234604	1.173286
5.255132	1.407574
5.275660	1.641861
5.296188	1.876149
5.316716	2.110437
5.337243	2.344725
5.357771	2.121976
5.378299	1.899227
5.398827	1.676478
5.419355	1.453729
5.439883	1.230981
5.460411	1.008232
5.480938	0.785483
5.501466	0.562734
5.521994	0.339985
5.542522	0.117236
5.563050	0.202016
5.583578	0.286795
5.604106	0.371574
5.624633	0.456354
5.645161	0.541133
5.665689	0.625912
5.686217	0.710692
5.706745	0.795471
5.727273	0.880250
5.747801	0.965030
5.768328	0.955059
5.788856	0.945088
5.809384	0.935117
5.829912	0.925146
5.850440	0.915175
5.870968	0.905204
5.891496	0.895233
5.912023	0.885262
5.932551	0.875291
5.953079	0.865320
5.973607	0.832850
5.994135	0.800379
6.014663	0.767908
6.035191	0.735437
6.055718	0.702966
6.076246	0.670496
6.096774	0.638025
6.117302	0.605554
6.137830	0.573083
6.158358	0.540612
6.178886	0.560304
6.199413	0.579995
6.219941	0.599686
6.240469	0.619378
6.260997	0.639069
6.281525	0.658760
6.302053	0.678451
6.322581	0.698143
6.343109	0.717834
6.363636	0.737525
6.384164	0.678118
6.404692	0.618710
6.425220	0.559303
6.445748	0.499895
6.466276	0.440488
6.486804	0.381080
6.507331	0.321673
6.527859	0.262265
6.548387	0.202858
6.568915	0.143450
6.589443	0.133375
6.609971	0.123300
6.630499	0.113225
6.651026	0.103149
6.671554	0.093074
6.692082	0.082999
6.712610	0.072923
6.733138	0.062848
6.753666	0.052773
6.774194	0.042697
6.794721	0.045746
6.815249	0.048795
6.835777	0.051843
6.856305	0.054892
6.876833	0.057941
6.897361	0.060990
6.917889	0.064038
6.938416	0.067087
6.958944	0.070136
6.979472	0.073184
