0.000000	0.000000
0.020528	0.000000
0.041056	0.000000
0.061584	0.000000
0.082111	0.000000
0.102639	0.000000
0.123167	0.000000
0.143695	0.000000
0.164223	0.000000
0.184751	0.000000
0.205279	0.000000
0.225806	0.000000
0.246334	0.000000
0.266862	0.000000
0.287390	0.000000
0.307918	0.000000
0.328446	0.000000
0.348974	0.000000
0.369501	0.000000
0.390029	0.000000
0.410557	0.000000
0.431085	0.000000
0.451613	0.000000
0.472141	0.000000
0.492669	0.000000
0.513196	0.000000
0.533724	0.000000
0.554252	0.000000
0.574780	0.000000
0.595308	0.000000
0.615836	0.000000
0.636364	0.000000
0.656891	0.000000
0.677419	0.000000
0.697947	0.000000
0.718475	0.000000
0.739003	0.000000
0.759531	0.000000
0.780059	0.000000
0.800587	0.000000
0.821114	0.000000
0.841642	0.000000
0.862170	0.000000
0.882698	0.000000
0.903226	0.000000
0.923754	0.000000
0.944282	0.000000
0.964809	0.000000
0.985337	0.000000
1.005865	0.000000
1.026393	0.000000
1.046921	0.000000
1.067449	0.000000
1.087977	0.000000
1.108504	0.000000
1.129032	0.000000
1.149560	0.000000
1.170088	0.000000
1.190616	0.000000
1.211144	0.000000
1.231672	0.000000
1.252199	0.000000
1.272727	0.000000
1.293255	0.000000
1.313783	0.000000
1.334311	0.000000
1.354839	0.000000
1.375367	0.000000
1.395894	0.000000
1.416422	0.000000
1.436950	0.000000
1.457478	0.020637
1.478006	0.041275
1.498534	0.061912
1.519062	0.082550
1.539589	0.103187
1.560117	0.123825
1.580645	0.144462
1.601173	0.165099
1.621701	0.185737
1.642229	0.206374
1.662757	0.186769
1.683284	0.167163
1.703812	0.147558
1.724340	0.127952
1.744868	0.108347
1.765396	0.088741
1.785924	0.069135
1.806452	0.049530
1.826979	0.029924
1.847507	0.010319
1.868035	0.009338
1.888563	0.008358
1.909091	0.007378
1.929619	0.006398
1.950147	0.005417
1.970674	0.004437
1.991202	0.003457
2.011730	0.002476
2.032258	0.001496
2.052786	0.000516
2.073314	0.000467
2.093842	0.000418
2.114370	0.000369
2.134897	0.000320
2.155425	0.000271
2.175953	0.000222
2.196481	0.000173
2.217009	0.000124
2.237537	0.000075
2.258065	0.000026
2.278592	0.020661
2.299120	0.041296
2.319648	0.061931
2.340176	0.082566
2.360704	0.103201
2.381232	0.123836
2.401760	0.144471
2.422287	0.165106
2.442815	0.185741
2.463343	0.206376
2.483871	1.889358
2.504399	3.572341
2.524927	5.255323
2.545455	6.938306
2.565982	8.621289
2.586510	10.304271
2.607038	11.987254
2.627566	13.670236
2.648094	15.353219
2.668622	17.036201
2.689150	21.237519
2.709677	25.438836
2.730205	29.640153
2.750733	33.841470
2.771261	38.042787
2.791789	42.244104
2.812317	46.445421
2.832845	50.646738
2.853372	54.848056
2.873900	59.049373
2.894428	63.144435
2.914956	67.239498
2.935484	71.334561
2.956012	75.429624
2.976540	79.524686
2.997067	83.619749
3.017595	87.714812
3.038123	91.809875
3.058651	95.904937
3.079179	100.000000
3.099707	96.505493
3.120235	93.010986
3.140762	89.516480
3.161290	86.021973
3.181818	82.527466
3.202346	79.032959
3.222874	75.538452
3.243402	72.043945
3.263930	68.549439
3.284457	65.054932
3.304985	61.892938
3.325513	58.730944
3.346041	55.568950
3.366569	52.406956
3.387097	49.244962
3.407625	46.082969
3.428152	42.920975
3.448680	39.758981
3.469208	36.596987
3.489736	33.434993
3.510264	33.008607
3.530792	32.582221
3.551320	32.155834
3.571848	31.729448
3.592375	31.303062
3.612903	30.876675
3.633431	30.450289
3.653959	30.023903
3.674487	29.597516
3.695015	29.171130
3.715543	27.344035
3.736070	25.516940
3.756598	23.689846
3.777126	21.862751
3.797654	20.035656
3.818182	18.208561
3.838710	16.381467
3.859238	14.554372
3.879765	12.727277
3.900293	10.900182
3.920821	10.519904
3.941349	10.139625
3.961877	9.759346
3.982405	9.379067
4.002933	8.998788
4.023460	8.618510
4.043988	8.238231
4.064516	7.857952
4.085044	7.477673
4.105572	7.097394
4.126100	6.825572
4.146628	6.553749
4.167155	6.281927
4.187683	6.010104
4.208211	5.738282
4.228739	5.466459
4.249267	5.194637
4.269795	4.922814
4.290323	4.650992
4.310850	4.379169
4.331378	4.277869
4.351906	4.176569
4.372434	4.075269
4.392962	3.973968
4.413490	3.872668
4.434018	3.771368
4.454545	3.670068
4.475073	3.568768
4.495601	3.467467
4.516129	3.366167
4.536657	3.252756
4.557185	3.139344
4.577713	3.025932
4.598240	2.912521
4.618768	2.799109
4.639296	2.685698
4.659824	2.572286
4.680352	2.458875
4.700880	2.345463
4.721408	2.232052
4.741935	2.443074
4.762463	2.654097
4.782991	2.865119
4.803519	3.076142
4.824047	3.287164
4.844575	3.498187
4.865103	3.709209
4.885630	3.920232
4.906158	4.131254
4.926686	4.342276
4.947214	4.373465
4.967742	4.404654
4.988270	4.435842
5.008798	4.467031
5.029326	4.498219
5.049853	4.529408
5.070381	4.560596
5.090909	4.591785
5.111437	4.622973
5.131965	4.654162
5.152493	4.408072
5.173021	4.161982
5.193548	3.915893
5.214076	3.669803
5.234604	3.423713
5.255132	3.177623
5.275660	2.931534
5.296188	2.685444
5.316716	2.439354
5.337243	2.193264
5.357771	2.098410
5.378299	2.003556
5.398827	1.908702
5.419355	1.813847
5.439883	1.718993
5.460411	1.624139
5.480938	1.529285
5.501466	1.434431
5.521994	1.339576
5.542522	1.244722
5.563050	1.441194
5.583578	1.637667
5.604106	1.834139
5.624633	2.030611
5.645161	2.227083
5.665689	2.423556
5.686217	2.620028
5.706745	2.816500
5.727273	3.012972
5.747801	3.209445
5.768328	2.997416
5.788856	2.785387
5.809384	2.573358
5.829912	2.361330
5.850440	2.149301
5.870968	1.937272
5.891496	1.725243
5.912023	1.513214
5.932551	1.301186
5.953079	1.089157
5.973607	1.104352
5.994135	1.119547
6.014663	1.134743
6.035191	1.149938
6.055718	1.165134
6.076246	1.180329
6.096774	1.195524
6.117302	1.210720
6.137830	1.225915
6.158358	1.241110
6.178886	1.174798
6.199413	1.108486
6.219941	1.042175
6.240469	0.975863
6.260997	0.909551
6.281525	0.843239
6.302053	0.776927
6.322581	0.710615
6.343109	0.644303
6.363636	0.577991
6.384164	0.533401
6.404692	0.488810
6.425220	0.444220
6.445748	0.399630
6.466276	0.355039
6.486804	0.310449
6.507331	0.265858
6.527859	0.221268
6.548387	0.176677
6.568915	0.132087
6.589443	0.124698
6.609971	0.117309
6.630499	0.109920
6.651026	0.102531
6.671554	0.095142
6.692082	0.087753
6.712610	0.080365
6.733138	0.072976
6.753666	0.065587
6.774194	0.058198
6.794721	0.057828
6.815249	0.057459
6.835777	0.057090
6.856305	0.056720
6.876833	0.056351
6.897361	0.055981
6.917889	0.055612
6.938416	0.055242
6.958944	0.054873
6.979472	0.054503
