0.000000	0.000000
0.020528	0.000000
0.041056	0.000000
0.061584	0.000000
0.082111	0.000000
0.102639	0.000000
0.123167	0.000000
0.143695	0.000000
0.164223	0.000000
0.184751	0.000000
0.205279	0.000000
0.225806	0.000000
0.246334	0.000000
0.266862	0.000000
0.287390	0.000000
0.307918	0.000000
0.328446	0.000000
0.348974	0.000000
0.369501	0.000000
0.390029	0.000000
0.410557	0.000000
0.431085	0.000000
0.451613	0.000000
0.472141	0.000000
0.492669	0.000000
0.513196	0.000000
0.533724	0.000000
0.554252	0.000000
0.574780	0.000000
0.595308	0.000000
0.615836	0.000000
0.636364	0.000000
0.656891	0.000000
0.677419	0.000000
0.697947	0.000000
0.718475	0.000000
0.739003	0.000000
0.759531	0.000000
0.780059	0.000000
0.800587	0.000000
0.821114	0.000000
0.841642	0.000000
0.862170	0.000000
0.882698	0.000000
0.903226	0.000000
0.923754	0.000000
0.944282	0.000000
0.964809	0.000000
0.985337	0.000000
1.005865	0.000000
1.026393	0.000000
1.046921	0.000000
1.067449	0.000000
1.087977	0.000000
1.108504	0.000000
1.129032	0.000000
1.149560	0.000000
1.170088	0.000000
1.190616	0.000000
1.211144	0.000000
1.231672	0.000000
1.252199	0.000000
1.272727	0.000000
1.293255	0.000000
1.313783	0.000000
1.334311	0.000000
1.354839	0.000000
1.375367	0.000000
1.395894	0.000000
1.416422	0.000000
1.436950	0.000000
1.457478	0.000000
1.478006	0.000000
1.498534	0.000000
1.519062	0.000000
1.539589	0.000000
1.560117	0.000000
1.580645	0.000000
1.601173	0.000000
1.621701	0.000000
1.642229	0.000000
1.662757	0.000000
1.683284	0.000000
1.703812	0.000000
1.724340	0.000000
1.744868	0.000000
1.765396	0.000000
1.785924	0.000000
1.806452	0.000000
1.826979	0.000000
1.847507	0.000000
1.868035	0.000000
1.888563	0.000000
1.909091	0.000000
1.929619	0.000000
1.950147	0.000000
1.970674	0.000000
1.991202	0.000000
2.011730	0.000000
2.032258	0.000000
2.052786	0.000000
2.073314	0.000000
2.093842	0.000000
2.114370	0.000000
2.134897	0.000000
2.155425	0.000000
2.175953	0.000000
2.196481	0.000000
2.217009	0.000000
2.237537	0.000000
2.258065	0.000000
2.278592	0.083492
2.299120	0.166983
2.319648	0.250475
2.340176	0.333967
2.360704	0.417459
2.381232	0.500950
2.401760	0.584442
2.422287	0.667934
2.442815	0.751426
2.463343	0.834917
2.483871	1.312212
2.504399	1.789506
2.524927	2.266800
2.545455	2.744095
2.565982	3.221389
2.586510	3.698683
2.607038	4.175978
2.627566	4.653272
2.648094	5.130567
2.668622	5.607861
2.689150	10.233047
2.709677	14.858234
2.730205	19.483420
2.750733	24.108607
2.771261	28.733793
2.791789	33.358980
2.812317	37.984166
2.832845	42.609353
2.853372	47.234540
2.873900	51.859726
2.894428	56.673753
2.914956	61.487781
2.935484	66.301808
2.956012	71.115836
2.976540	75.929863
2.997067	80.743890
3.017595	85.557918
3.038123	90.371945
3.058651	95.185973
3.079179	100.000000
3.099707	96.882479
3.120235	93.764957
3.140762	90.647436
3.161290	87.529914
3.181818	84.412393
3.202346	81.294872
3.222874	78.177350
3.243402	75.059829
3.263930	71.942308
3.284457	68.824786
3.304985	65.204003
3.325513	61.583221
3.346041	57.962438
3.366569	54.341655
3.387097	50.720873
3.407625	47.100090
3.428152	43.479307
3.448680	39.858525
3.469208	36.237742
3.489736	32.616959
3.510264	32.528689
3.530792	32.440418
3.551320	32.352147
3.571848	32.263877
3.592375	32.175606
3.612903	32.087336
3.633431	31.999065
3.653959	31.910795
3.674487	31.822524
3.695015	31.734254
3.715543	30.282650
3.736070	28.831047
3.756598	27.379443
3.777126	25.927840
3.797654	24.476236
3.818182	23.024633
3.838710	21.573030
3.859238	20.121426
3.879765	18.669823
3.900293	17.218219
3.920821	17.252323
3.941349	17.286427
3.961877	17.320530
3.982405	17.354634
4.002933	17.388738
4.023460	17.422841
4.043988	17.456945
4.064516	17.491049
4.085044	17.525152
4.105572	17.559256
4.126100	16.531230
4.146628	15.503204
4.167155	14.475178
4.187683	13.447152
4.208211	12.419126
4.228739	11.391100
4.249267	10.363073
4.269795	9.335047
4.290323	8.307021
4.310850	7.278995
4.331378	7.023503
4.351906	6.768011
4.372434	6.512519
4.392962	6.257026
4.413490	6.001534
4.434018	5.746042
4.454545	5.490550
4.475073	5.235058
4.495601	4.979565
4.516129	4.724073
4.536657	4.456185
4.557185	4.188297
4.577713	3.920409
4.598240	3.652520
4.618768	3.384632
4.639296	3.116744
4.659824	2.848856
4.680352	2.580967
4.700880	2.313079
4.721408	2.045191
4.741935	2.194142
4.762463	2.343092
4.782991	2.492043
4.803519	2.640994
4.824047	2.789944
4.844575	2.938895
4.865103	3.087845
4.885630	3.236796
4.906158	3.385747
4.926686	3.534697
4.947214	3.347331
4.967742	3.159964
4.988270	2.972598
5.008798	2.785231
5.029326	2.597865
5.049853	2.410498
5.070381	2.223132
5.090909	2.035765
5.111437	1.848399
5.131965	1.661032
5.152493	1.605280
5.173021	1.549527
5.193548	1.493774
5.214076	1.438022
5.234604	1.382269
5.255132	1.326517
5.275660	1.270764
5.296188	1.215011
5.316716	1.159259
5.337243	1.103506
5.357771	1.058973
5.378299	1.014439
5.398827	0.969906
5.419355	0.925372
5.439883	0.880839
5.460411	0.836305
5.480938	0.791772
5.501466	0.747238
5.521994	0.702705
5.542522	0.658171
5.563050	0.720882
5.583578	0.783594
5.604106	0.846305
5.624633	0.909016
5.645161	0.971728
5.665689	1.034439
5.686217	1.097150
5.706745	1.159862
5.727273	1.222573
5.747801	1.285284
5.768328	1.218844
5.788856	1.152403
5.809384	1.085962
5.829912	1.019521
5.850440	0.953080
5.870968	0.886639
5.891496	0.820198
5.912023	0.753757
5.932551	0.687317
5.953079	0.620876
5.973607	0.687130
5.994135	0.753385
6.014663	0.819639
6.035191	0.885893
6.055718	0.952148
6.076246	1.018402
6.096774	1.084656
6.117302	1.150911
6.137830	1.217165
6.158358	1.283420
6.178886	1.198602
6.199413	1.113785
6.219941	1.028967
6.240469	0.944150
6.260997	0.859332
6.281525	0.774515
6.302053	0.689698
6.322581	0.604880
6.343109	0.520063
6.363636	0.435245
6.384164	0.421728
6.404692	0.408210
6.425220	0.394692
6.445748	0.381174
6.466276	0.367657
6.486804	0.354139
6.507331	0.340621
6.527859	0.327103
6.548387	0.313586
6.568915	0.300068
6.589443	0.276200
6.609971	0.252332
6.630499	0.228464
6.651026	0.204596
6.671554	0.180728
6.692082	0.156860
6.712610	0.132992
6.733138	0.109124
6.753666	0.085256
6.774194	0.061388
6.794721	0.060194
6.815249	0.059001
6.835777	0.057807
6.856305	0.056614
6.876833	0.055421
6.897361	0.054227
6.917889	0.053034
6.938416	0.051840
6.958944	0.050647
6.979472	0.049454
