0.000000	0.000000
0.020528	0.000000
0.041056	0.000000
0.061584	0.000000
0.082111	0.000000
0.102639	0.000000
0.123167	0.000000
0.143695	0.000000
0.164223	0.000000
0.184751	0.000000
0.205279	0.000000
0.225806	0.000000
0.246334	0.000000
0.266862	0.000000
0.287390	0.000000
0.307918	0.000000
0.328446	0.000000
0.348974	0.000000
0.369501	0.000000
0.390029	0.000000
0.410557	0.000000
0.431085	0.000000
0.451613	0.000000
0.472141	0.000000
0.492669	0.000000
0.513196	0.000000
0.533724	0.000000
0.554252	0.000000
0.574780	0.000000
0.595308	0.000000
0.615836	0.000000
0.636364	0.000000
0.656891	0.000000
0.677419	0.000000
0.697947	0.000000
0.718475	0.000000
0.739003	0.000000
0.759531	0.000000
0.780059	0.000000
0.800587	0.000000
0.821114	0.000000
0.841642	0.000000
0.862170	0.000000
0.882698	0.000000
0.903226	0.000000
0.923754	0.000000
0.944282	0.000000
0.964809	0.000000
0.985337	0.000000
1.005865	0.000000
1.026393	0.000000
1.046921	0.000000
1.067449	0.000000
1.087977	0.000000
1.108504	0.000000
1.129032	0.000000
1.149560	0.000000
1.170088	0.000000
1.190616	0.000000
1.211144	0.000000
1.231672	0.000000
1.252199	0.000000
1.272727	0.000000
1.293255	0.000000
1.313783	0.000000
1.334311	0.000000
1.354839	0.000000
1.375367	0.000000
1.395894	0.000000
1.416422	0.000000
1.436950	0.000000
1.457478	0.000000
1.478006	0.000000
1.498534	0.000000
1.519062	0.000000
1.539589	0.000000
1.560117	0.000000
1.580645	0.000000
1.601173	0.000000
1.621701	0.000000
1.642229	0.000000
1.662757	0.000000
1.683284	0.000000
1.703812	0.000000
1.724340	0.000000
1.744868	0.000000
1.765396	0.000000
1.785924	0.000000
1.806452	0.000000
1.826979	0.000000
1.847507	0.000000
1.868035	0.000000
1.888563	0.000000
1.909091	0.000000
1.929619	0.000000
1.950147	0.000000
1.970674	0.000000
1.991202	0.000000
2.011730	0.000000
2.032258	0.000000
2.052786	0.000000
2.073314	0.000000
2.093842	0.000000
2.114370	0.000000
2.134897	0.000000
2.155425	0.000000
2.175953	0.000000
2.196481	0.000000
2.217009	0.000000
2.237537	0.000000
2.258065	0.000000
2.278592	1.369026
2.299120	2.738052
2.319648	4.107078
2.340176	5.476104
2.360704	6.845130
2.381232	8.214156
2.401760	9.583182
2.422287	10.952208
2.442815	12.321234
2.463343	13.690260
2.483871	17.027552
2.504399	20.364843
2.524927	23.702134
2.545455	27.039425
2.565982	30.376716
2.586510	33.714007
2.607038	37.051298
2.627566	40.388589
2.648094	43.725880
2.668622	47.063171
2.689150	50.635198
2.709677	54.207224
2.730205	57.779251
2.750733	61.351278
2.771261	64.923305
2.791789	68.495332
2.812317	72.067358
2.832845	75.639385
2.853372	79.211412
2.873900	82.783439
2.894428	84.505095
2.914956	86.226751
2.935484	87.948407
2.956012	89.670063
2.976540	91.391719
2.997067	93.113376
3.017595	94.835032
3.038123	96.556688
3.058651	98.278344
3.079179	100.000000
3.099707	96.912959
3.120235	93.825918
3.140762	90.738877
3.161290	87.651836
3.181818	84.564794
3.202346	81.477753
3.222874	78.390712
3.243402	75.303671
3.263930	72.216630
3.284457	69.129589
3.304985	64.708632
3.325513	60.287676
3.346041	55.866719
3.366569	51.445763
3.387097	47.024806
3.407625	42.603850
3.428152	38.182893
3.448680	33.761936
3.469208	29.340980
3.489736	24.920023
3.510264	23.579391
3.530792	22.238758
3.551320	20.898125
3.571848	19.557493
3.592375	18.216860
3.612903	16.876227
3.633431	15.535595
3.653959	14.194962
3.674487	12.854329
3.695015	11.513697
3.715543	10.773754
3.736070	10.033811
3.756598	9.293868
3.777126	8.553926
3.797654	7.813983
3.818182	7.074040
3.838710	6.334097
3.859238	5.594155
3.879765	4.854212
3.900293	4.114269
3.920821	3.964153
3.941349	3.814037
3.961877	3.663922
3.982405	3.513806
4.002933	3.363690
4.023460	3.213574
4.043988	3.063458
4.064516	2.913343
4.085044	2.763227
4.105572	2.613111
4.126100	2.623008
4.146628	2.632905
4.167155	2.642802
4.187683	2.652699
4.208211	2.662596
4.228739	2.672493
4.249267	2.682391
4.269795	2.692288
4.290323	2.702185
4.310850	2.712082
4.331378	2.535647
4.351906	2.359213
4.372434	2.182779
4.392962	2.006344
4.413490	1.829910
4.434018	1.653476
4.454545	1.477041
4.475073	1.300607
4.495601	1.124173
4.516129	0.947738
4.536657	0.892509
4.557185	0.837279
4.577713	0.782050
4.598240	0.726821
4.618768	0.671591
4.639296	0.616362
4.659824	0.561133
4.680352	0.505903
4.700880	0.450674
4.721408	0.395444
4.741935	0.392683
4.762463	0.389921
4.782991	0.387160
4.803519	0.384399
4.824047	0.381637
4.844575	0.378876
4.865103	0.376114
4.885630	0.373353
4.906158	0.370591
4.926686	0.367830
4.947214	0.350289
4.967742	0.332748
4.988270	0.315207
5.008798	0.297666
5.029326	0.280125
5.049853	0.262584
5.070381	0.245043
5.090909	0.227502
5.111437	0.209961
5.131965	0.192420
5.152493	0.223448
5.173021	0.254477
5.193548	0.285505
5.214076	0.316533
5.234604	0.347561
5.255132	0.378590
5.275660	0.409618
5.296188	0.440646
5.316716	0.471674
5.337243	0.502702
5.357771	0.533259
5.378299	0.563815
5.398827	0.594371
5.419355	0.624927
5.439883	0.655483
5.460411	0.686040
5.480938	0.716596
5.501466	0.747152
5.521994	0.777708
5.542522	0.808264
5.563050	0.795290
5.583578	0.782315
5.604106	0.769341
5.624633	0.756366
5.645161	0.743392
5.665689	0.730417
5.686217	0.717442
5.706745	0.704468
5.727273	0.691493
5.747801	0.678519
5.768328	0.677870
5.788856	0.677221
5.809384	0.676572
5.829912	0.675924
5.850440	0.675275
5.870968	0.674626
5.891496	0.673977
5.912023	0.673329
5.932551	0.672680
5.953079	0.672031
5.973607	0.622691
5.994135	0.573350
6.014663	0.524010
6.035191	0.474669
6.055718	0.425328
6.076246	0.375988
6.096774	0.326647
6.117302	0.277307
6.137830	0.227966
6.158358	0.178626
6.178886	0.164557
6.199413	0.150488
6.219941	0.136419
6.240469	0.122350
6.260997	0.108281
6.281525	0.094212
6.302053	0.080143
6.322581	0.066074
6.343109	0.052005
6.363636	0.037936
6.384164	0.037233
6.404692	0.036529
6.425220	0.035826
6.445748	0.035122
6.466276	0.034419
6.486804	0.033715
6.507331	0.033012
6.527859	0.032308
6.548387	0.031605
6.568915	0.030902
6.589443	0.030866
6.609971	0.030831
6.630499	0.030796
6.651026	0.030761
6.671554	0.030726
6.692082	0.030691
6.712610	0.030655
6.733138	0.030620
6.753666	0.030585
6.774194	0.030550
6.794721	0.027648
6.815249	0.024745
6.835777	0.021843
6.856305	0.018941
6.876833	0.016039
6.897361	0.013136
6.917889	0.010234
6.938416	0.007332
6.958944	0.004430
6.979472	0.001527
