0.000000	0.000000
0.020528	0.000000
0.041056	0.000000
0.061584	0.000000
0.082111	0.000000
0.102639	0.000000
0.123167	0.000000
0.143695	0.000000
0.164223	0.000000
0.184751	0.000000
0.205279	0.000000
0.225806	0.000000
0.246334	0.000000
0.266862	0.000000
0.287390	0.000000
0.307918	0.000000
0.328446	0.000000
0.348974	0.000000
0.369501	0.000000
0.390029	0.000000
0.410557	0.000000
0.431085	0.000000
0.451613	0.000000
0.472141	0.000000
0.492669	0.000000
0.513196	0.000000
0.533724	0.000000
0.554252	0.000000
0.574780	0.000000
0.595308	0.000000
0.615836	0.000000
0.636364	0.000000
0.656891	0.000000
0.677419	0.000000
0.697947	0.000000
0.718475	0.000000
0.739003	0.000000
0.759531	0.000000
0.780059	0.000000
0.800587	0.000000
0.821114	0.000000
0.841642	0.000000
0.862170	0.000000
0.882698	0.000000
0.903226	0.000000
0.923754	0.000000
0.944282	0.000000
0.964809	0.000000
0.985337	0.000000
1.005865	0.000000
1.026393	0.000000
1.046921	0.000000
1.067449	0.000000
1.087977	0.000000
1.108504	0.000000
1.129032	0.000000
1.149560	0.000000
1.170088	0.000000
1.190616	0.000000
1.211144	0.000000
1.231672	0.000000
1.252199	0.070734
1.272727	0.141469
1.293255	0.212203
1.313783	0.282937
1.334311	0.353672
1.354839	0.424406
1.375367	0.495140
1.395894	0.565875
1.416422	0.636609
1.436950	0.707343
1.457478	0.640146
1.478006	0.572948
1.498534	0.505750
1.519062	0.438553
1.539589	0.371355
1.560117	0.304158
1.580645	0.236960
1.601173	0.169762
1.621701	0.102565
1.642229	0.035367
1.662757	0.102742
1.683284	0.170116
1.703812	0.237491
1.724340	0.304865
1.744868	0.372239
1.765396	0.439614
1.785924	0.506988
1.806452	0.574363
1.826979	0.641737
1.847507	0.709112
1.868035	0.641746
1.888563	0.574380
1.909091	0.507015
1.929619	0.439649
1.950147	0.372284
1.970674	0.304918
1.991202	0.237552
2.011730	0.170187
2.032258	0.102821
2.052786	0.035456
2.073314	0.032087
2.093842	0.028719
2.114370	0.025351
2.134897	0.021982
2.155425	0.018614
2.175953	0.015246
2.196481	0.011878
2.217009	0.008509
2.237537	0.005141
2.258065	0.001773
2.278592	0.815049
2.299120	1.628326
2.319648	2.441602
2.340176	3.254878
2.360704	4.068155
2.381232	4.881431
2.401760	5.694708
2.422287	6.507984
2.442815	7.321260
2.463343	8.134537
2.483871	14.791071
2.504399	21.447606
2.524927	28.104140
2.545455	34.760674
2.565982	41.417209
2.586510	48.073743
2.607038	54.730278
2.627566	61.386812
2.648094	68.043346
2.668622	74.699881
2.689150	77.229893
2.709677	79.759905
2.730205	82.289916
2.750733	84.819928
2.771261	87.349940
2.791789	89.879952
2.812317	92.409964
2.832845	94.939976
2.853372	97.469988
2.873900	100.000000
2.894428	97.633115
2.914956	95.266231
2.935484	92.899346
2.956012	90.532461
2.976540	88.165577
2.997067	85.798692
3.017595	83.431808
3.038123	81.064923
3.058651	78.698038
3.079179	76.331154
3.099707	72.837456
3.120235	69.343757
3.140762	65.850059
3.161290	62.356361
3.181818	58.862663
3.202346	55.368965
3.222874	51.875266
3.243402	48.381568
3.263930	44.887870
3.284457	41.394172
3.304985	38.911779
3.325513	36.429387
3.346041	33.946994
3.366569	31.464602
3.387097	28.982209
3.407625	26.499817
3.428152	24.017424
3.448680	21.535032
3.469208	19.052639
3.489736	16.570247
3.510264	16.751169
3.530792	16.932091
3.551320	17.113013
3.571848	17.293936
3.592375	17.474858
3.612903	17.655780
3.633431	17.836702
3.653959	18.017624
3.674487	18.198546
3.695015	18.379469
3.715543	17.172768
3.736070	15.966068
3.756598	14.759368
3.777126	13.552668
3.797654	12.345967
3.818182	11.139267
3.838710	9.932567
3.859238	8.725867
3.879765	7.519167
3.900293	6.312466
3.920821	5.874145
3.941349	5.435823
3.961877	4.997501
3.982405	4.559180
4.002933	4.120858
4.023460	3.682537
4.043988	3.244215
4.064516	2.805893
4.085044	2.367572
4.105572	1.929250
4.126100	1.796812
4.146628	1.664373
4.167155	1.531935
4.187683	1.399496
4.208211	1.267058
4.228739	1.134619
4.249267	1.002181
4.269795	0.869742
4.290323	0.737304
4.310850	0.604866
4.331378	0.547403
4.351906	0.489941
4.372434	0.432479
4.392962	0.375017
4.413490	0.317554
4.434018	0.260092
4.454545	0.202630
4.475073	0.145168
4.495601	0.087706
4.516129	0.030243
4.536657	0.053896
4.557185	0.077548
4.577713	0.101200
4.598240	0.124852
4.618768	0.148505
4.639296	0.172157
4.659824	0.195809
4.680352	0.219461
4.700880	0.243114
4.721408	0.266766
4.741935	0.241423
4.762463	0.216080
4.782991	0.190738
4.803519	0.165395
4.824047	0.140052
4.844575	0.114709
4.865103	0.089367
4.885630	0.064024
4.906158	0.038681
4.926686	0.013338
4.947214	0.023123
4.967742	0.032908
4.988270	0.042694
5.008798	0.052479
5.029326	0.062264
5.049853	0.072049
5.070381	0.081834
5.090909	0.091619
5.111437	0.101404
5.131965	0.111189
5.152493	0.155888
5.173021	0.200586
5.193548	0.245284
5.214076	0.289982
5.234604	0.334680
5.255132	0.379379
5.275660	0.424077
5.296188	0.468775
5.316716	0.513473
5.337243	0.558171
5.357771	0.564827
5.378299	0.571483
5.398827	0.578139
5.419355	0.584795
5.439883	0.591450
5.460411	0.598106
5.480938	0.604762
5.501466	0.611418
5.521994	0.618074
5.542522	0.624730
5.563050	0.616221
5.583578	0.607712
5.604106	0.599203
5.624633	0.590693
5.645161	0.582184
5.665689	0.573675
5.686217	0.565166
5.706745	0.556657
5.727273	0.548148
5.747801	0.539639
5.768328	0.501636
5.788856	0.463633
5.809384	0.425630
5.829912	0.387627
5.850440	0.349624
5.870968	0.311621
5.891496	0.273618
5.912023	0.235615
5.932551	0.197612
5.953079	0.159609
5.973607	0.155498
5.994135	0.151388
6.014663	0.147277
6.035191	0.143166
6.055718	0.139056
6.076246	0.134945
6.096774	0.130835
6.117302	0.126724
6.137830	0.122613
6.158358	0.118503
6.178886	0.111666
6.199413	0.104829
6.219941	0.097992
6.240469	0.091155
6.260997	0.084318
6.281525	0.077482
6.302053	0.070645
6.322581	0.063808
6.343109	0.056971
6.363636	0.050134
6.384164	0.049792
6.404692	0.049450
6.425220	0.049109
6.445748	0.048767
6.466276	0.048425
6.486804	0.048083
6.507331	0.047741
6.527859	0.047399
6.548387	0.047058
6.568915	0.046716
6.589443	0.044488
6.609971	0.042261
6.630499	0.040033
6.651026	0.037806
6.671554	0.035578
6.692082	0.033350
6.712610	0.031123
6.733138	0.028895
6.753666	0.026668
6.774194	0.024440
6.794721	0.022118
6.815249	0.019797
6.835777	0.017475
6.856305	0.015153
6.876833	0.012831
6.897361	0.010509
6.917889	0.008187
6.938416	0.005866
6.958944	0.003544
6.979472	0.001222
