0.000000	0.000000
0.020528	0.000000
0.041056	0.000000
0.061584	0.000000
0.082111	0.000000
0.102639	0.000000
0.123167	0.000000
0.143695	0.000000
0.164223	0.000000
0.184751	0.000000
0.205279	0.000000
0.225806	0.000000
0.246334	0.000000
0.266862	0.000000
0.287390	0.000000
0.307918	0.000000
0.328446	0.000000
0.348974	0.000000
0.369501	0.000000
0.390029	0.000000
0.410557	0.000000
0.431085	0.000000
0.451613	0.000000
0.472141	0.000000
0.492669	0.000000
0.513196	0.000000
0.533724	0.000000
0.554252	0.000000
0.574780	0.000000
0.595308	0.000000
0.615836	0.000000
0.636364	0.000000
0.656891	0.000000
0.677419	0.000000
0.697947	0.000000
0.718475	0.000000
0.739003	0.000000
0.759531	0.000000
0.780059	0.000000
0.800587	0.000000
0.821114	0.000000
0.841642	0.000000
0.862170	0.000000
0.882698	0.000000
0.903226	0.000000
0.923754	0.000000
0.944282	0.000000
0.964809	0.000000
0.985337	0.000000
1.005865	0.000000
1.026393	0.000000
1.046921	0.000000
1.067449	0.000000
1.087977	0.000000
1.108504	0.000000
1.129032	0.000000
1.149560	0.000000
1.170088	0.000000
1.190616	0.000000
1.211144	0.000000
1.231672	0.000000
1.252199	0.000000
1.272727	0.000000
1.293255	0.000000
1.313783	0.000000
1.334311	0.000000
1.354839	0.000000
1.375367	0.000000
1.395894	0.000000
1.416422	0.000000
1.436950	0.000000
1.457478	0.000000
1.478006	0.000000
1.498534	0.000000
1.519062	0.000000
1.539589	0.000000
1.560117	0.000000
1.580645	0.000000
1.601173	0.000000
1.621701	0.000000
1.642229	0.000000
1.662757	0.000000
1.683284	0.000000
1.703812	0.000000
1.724340	0.000000
1.744868	0.000000
1.765396	0.000000
1.785924	0.000000
1.806452	0.000000
1.826979	0.000000
1.847507	0.000000
1.868035	0.037100
1.888563	0.074201
1.909091	0.111301
1.929619	0.148402
1.950147	0.185502
1.970674	0.222603
1.991202	0.259703
2.011730	0.296804
2.032258	0.333904
2.052786	0.371005
2.073314	0.576913
2.093842	0.782820
2.114370	0.988728
2.134897	1.194636
2.155425	1.400543
2.175953	1.606451
2.196481	1.812359
2.217009	2.018266
2.237537	2.224174
2.258065	2.430082
2.278592	4.024104
2.299120	5.618127
2.319648	7.212149
2.340176	8.806171
2.360704	10.400194
2.381232	11.994216
2.401760	13.588238
2.422287	15.182261
2.442815	16.776283
2.463343	18.370306
2.483871	26.533275
2.504399	34.696244
2.524927	42.859214
2.545455	51.022183
2.565982	59.185153
2.586510	67.348122
2.607038	75.511092
2.627566	83.674061
2.648094	91.837031
2.668622	100.000000
2.689150	95.527116
2.709677	91.054232
2.730205	86.581347
2.750733	82.108463
2.771261	77.635579
2.791789	73.162695
2.812317	68.689811
2.832845	64.216927
2.853372	59.744042
2.873900	55.271158
2.894428	52.700908
2.914956	50.130658
2.935484	47.560408
2.956012	44.990158
2.976540	42.419909
2.997067	39.849659
3.017595	37.279409
3.038123	34.709159
3.058651	32.138909
3.079179	29.568659
3.099707	27.585122
3.120235	25.601585
3.140762	23.618049
3.161290	21.634512
3.181818	19.650975
3.202346	17.667438
3.222874	15.683901
3.243402	13.700365
3.263930	11.716828
3.284457	9.733291
3.304985	9.571507
3.325513	9.409723
3.346041	9.247939
3.366569	9.086155
3.387097	8.924371
3.407625	8.762588
3.428152	8.600804
3.448680	8.439020
3.469208	8.277236
3.489736	8.115452
3.510264	7.581000
3.530792	7.046547
3.551320	6.512095
3.571848	5.977643
3.592375	5.443190
3.612903	4.908738
3.633431	4.374286
3.653959	3.839833
3.674487	3.305381
3.695015	2.770929
3.715543	2.674643
3.736070	2.578357
3.756598	2.482070
3.777126	2.385784
3.797654	2.289498
3.818182	2.193212
3.838710	2.096926
3.859238	2.000640
3.879765	1.904354
3.900293	1.808068
3.920821	1.708184
3.941349	1.608300
3.961877	1.508415
3.982405	1.408531
4.002933	1.308647
4.023460	1.208763
4.043988	1.108878
4.064516	1.008994
4.085044	0.909110
4.105572	0.809225
4.126100	0.732349
4.146628	0.655473
4.167155	0.578596
4.187683	0.501720
4.208211	0.424843
4.228739	0.347967
4.249267	0.271090
4.269795	0.194214
4.290323	0.117338
4.310850	0.040461
4.331378	0.038936
4.351906	0.037411
4.372434	0.035886
4.392962	0.034361
4.413490	0.032836
4.434018	0.031311
4.454545	0.029786
4.475073	0.028261
4.495601	0.026736
4.516129	0.025211
4.536657	0.057598
4.557185	0.089984
4.577713	0.122371
4.598240	0.154758
4.618768	0.187144
4.639296	0.219531
4.659824	0.251918
4.680352	0.284304
4.700880	0.316691
4.721408	0.349078
4.741935	0.355334
4.762463	0.361591
4.782991	0.367848
4.803519	0.374105
4.824047	0.380362
4.844575	0.386619
4.865103	0.392876
4.885630	0.399133
4.906158	0.405390
4.926686	0.411647
4.947214	0.446741
4.967742	0.481836
4.988270	0.516930
5.008798	0.552025
5.029326	0.587119
5.049853	0.622214
5.070381	0.657308
5.090909	0.692403
5.111437	0.727497
5.131965	0.762592
5.152493	0.748115
5.173021	0.733639
5.193548	0.719162
5.214076	0.704685
5.234604	0.690208
5.255132	0.675732
5.275660	0.661255
5.296188	0.646778
5.316716	0.632301
5.337243	0.617825
5.357771	0.626376
5.378299	0.634927
5.398827	0.643479
5.419355	0.652030
5.439883	0.660581
5.460411	0.669132
5.480938	0.677684
5.501466	0.686235
5.521994	0.694786
5.542522	0.703338
5.563050	0.648114
5.583578	0.592891
5.604106	0.537668
5.624633	0.482445
5.645161	0.427222
5.665689	0.371999
5.686217	0.316775
5.706745	0.261552
5.727273	0.206329
5.747801	0.151106
5.768328	0.143707
5.788856	0.136308
5.809384	0.128910
5.829912	0.121511
5.850440	0.114112
5.870968	0.106714
5.891496	0.099315
5.912023	0.091916
5.932551	0.084517
5.953079	0.077119
5.973607	0.072111
5.994135	0.067104
6.014663	0.062096
6.035191	0.057089
6.055718	0.052081
6.076246	0.047074
6.096774	0.042066
6.117302	0.037059
6.137830	0.032051
6.158358	0.027044
6.178886	0.026793
6.199413	0.026543
6.219941	0.026293
6.240469	0.026042
6.260997	0.025792
6.281525	0.025541
6.302053	0.025291
6.322581	0.025041
6.343109	0.024790
6.363636	0.024540
6.384164	0.022209
6.404692	0.019877
6.425220	0.017546
6.445748	0.015215
6.466276	0.012883
6.486804	0.010552
6.507331	0.008221
6.527859	0.005890
6.548387	0.003558
6.568915	0.001227
6.589443	0.021979
6.609971	0.042732
6.630499	0.063484
6.651026	0.084237
6.671554	0.104989
6.692082	0.125742
6.712610	0.146494
6.733138	0.167247
6.753666	0.187999
6.774194	0.208752
6.794721	0.188920
6.815249	0.169089
6.835777	0.149257
6.856305	0.129426
6.876833	0.109595
6.897361	0.089763
6.917889	0.069932
6.938416	0.050100
6.958944	0.030269
6.979472	0.010438
