0.000000	0.000000
0.020528	0.000000
0.041056	0.000000
0.061584	0.000000
0.082111	0.000000
0.102639	0.000000
0.123167	0.000000
0.143695	0.000000
0.164223	0.000000
0.184751	0.000000
0.205279	0.000000
0.225806	0.000000
0.246334	0.000000
0.266862	0.000000
0.287390	0.000000
0.307918	0.000000
0.328446	0.000000
0.348974	0.000000
0.369501	0.000000
0.390029	0.000000
0.410557	0.000000
0.431085	0.000000
0.451613	0.000000
0.472141	0.000000
0.492669	0.000000
0.513196	0.000000
0.533724	0.000000
0.554252	0.000000
0.574780	0.000000
0.595308	0.000000
0.615836	0.000000
0.636364	0.000000
0.656891	0.000000
0.677419	0.000000
0.697947	0.000000
0.718475	0.000000
0.739003	0.000000
0.759531	0.000000
0.780059	0.000000
0.800587	0.000000
0.821114	0.000000
0.841642	0.000000
0.862170	0.000000
0.882698	0.000000
0.903226	0.000000
0.923754	0.000000
0.944282	0.000000
0.964809	0.000000
0.985337	0.000000
1.005865	0.000000
1.026393	0.000000
1.046921	0.000000
1.067449	0.000000
1.087977	0.000000
1.108504	0.000000
1.129032	0.000000
1.149560	0.000000
1.170088	0.000000
1.190616	0.000000
1.211144	0.000000
1.231672	0.000000
1.252199	0.000000
1.272727	0.000000
1.293255	0.000000
1.313783	0.000000
1.334311	0.000000
1.354839	0.000000
1.375367	0.000000
1.395894	0.000000
1.416422	0.000000
1.436950	0.000000
1.457478	0.000000
1.478006	0.000000
1.498534	0.000000
1.519062	0.000000
1.539589	0.000000
1.560117	0.000000
1.580645	0.000000
1.601173	0.000000
1.621701	0.000000
1.642229	0.000000
1.662757	0.000000
1.683284	0.000000
1.703812	0.000000
1.724340	0.000000
1.744868	0.000000
1.765396	0.000000
1.785924	0.000000
1.806452	0.000000
1.826979	0.000000
1.847507	0.000000
1.868035	0.000000
1.888563	0.000000
1.909091	0.000000
1.929619	0.000000
1.950147	0.000000
1.970674	0.000000
1.991202	0.000000
2.011730	0.000000
2.032258	0.000000
2.052786	0.000000
2.073314	1.349745
2.093842	2.699489
2.114370	4.049234
2.134897	5.398979
2.155425	6.748724
2.175953	8.098468
2.196481	9.448213
2.217009	10.797958
2.237537	12.147702
2.258065	13.497447
2.278592	18.642245
2.299120	23.787043
2.319648	28.931841
2.340176	34.076639
2.360704	39.221437
2.381232	44.366235
2.401760	49.511033
2.422287	54.655831
2.442815	59.800629
2.463343	64.945427
2.483871	68.450884
2.504399	71.956341
2.524927	75.461799
2.545455	78.967256
2.565982	82.472713
2.586510	85.978171
2.607038	89.483628
2.627566	92.989085
2.648094	96.494543
2.668622	100.000000
2.689150	96.195418
2.709677	92.390836
2.730205	88.586254
2.750733	84.781672
2.771261	80.977091
2.791789	77.172509
2.812317	73.367927
2.832845	69.563345
2.853372	65.758763
2.873900	61.954181
2.894428	59.669956
2.914956	57.385730
2.935484	55.101505
2.956012	52.817279
2.976540	50.533053
2.997067	48.248828
3.017595	45.964602
3.038123	43.680377
3.058651	41.396151
3.079179	39.111926
3.099707	36.840646
3.120235	34.569366
3.140762	32.298086
3.161290	30.026806
3.181818	27.755526
3.202346	25.484246
3.222874	23.212966
3.243402	20.941686
3.263930	18.670406
3.284457	16.399126
3.304985	16.966742
3.325513	17.534357
3.346041	18.101973
3.366569	18.669588
3.387097	19.237204
3.407625	19.804820
3.428152	20.372435
3.448680	20.940051
3.469208	21.507666
3.489736	22.075282
3.510264	20.671924
3.530792	19.268566
3.551320	17.865209
3.571848	16.461851
3.592375	15.058493
3.612903	13.655135
3.633431	12.251778
3.653959	10.848420
3.674487	9.445062
3.695015	8.041704
3.715543	7.933693
3.736070	7.825682
3.756598	7.717671
3.777126	7.609659
3.797654	7.501648
3.818182	7.393637
3.838710	7.285626
3.859238	7.177615
3.879765	7.069603
3.900293	6.961592
3.920821	6.495765
3.941349	6.029937
3.961877	5.564110
3.982405	5.098282
4.002933	4.632455
4.023460	4.166627
4.043988	3.700800
4.064516	3.234972
4.085044	2.769145
4.105572	2.303317
4.126100	2.160189
4.146628	2.017060
4.167155	1.873932
4.187683	1.730803
4.208211	1.587675
4.228739	1.444546
4.249267	1.301418
4.269795	1.158289
4.290323	1.015161
4.310850	0.872032
4.331378	0.820725
4.351906	0.769418
4.372434	0.718111
4.392962	0.666804
4.413490	0.615497
4.434018	0.564190
4.454545	0.512883
4.475073	0.461576
4.495601	0.410269
4.516129	0.358963
4.536657	0.406855
4.557185	0.454747
4.577713	0.502640
4.598240	0.550532
4.618768	0.598425
4.639296	0.646317
4.659824	0.694209
4.680352	0.742102
4.700880	0.789994
4.721408	0.837887
4.741935	0.852896
4.762463	0.867905
4.782991	0.882914
4.803519	0.897923
4.824047	0.912932
4.844575	0.927941
4.865103	0.942950
4.885630	0.957959
4.906158	0.972968
4.926686	0.987977
4.947214	0.976113
4.967742	0.964249
4.988270	0.952385
5.008798	0.940521
5.029326	0.928657
5.049853	0.916793
5.070381	0.904929
5.090909	0.893065
5.111437	0.881201
5.131965	0.869337
5.152493	0.912895
5.173021	0.956452
5.193548	1.000009
5.214076	1.043567
5.234604	1.087124
5.255132	1.130681
5.275660	1.174239
5.296188	1.217796
5.316716	1.261353
5.337243	1.304911
5.357771	1.256631
5.378299	1.208351
5.398827	1.160071
5.419355	1.111791
5.439883	1.063511
5.460411	1.015231
5.480938	0.966951
5.501466	0.918671
5.521994	0.870392
5.542522	0.822112
5.563050	0.794469
5.583578	0.766826
5.604106	0.739183
5.624633	0.711540
5.645161	0.683897
5.665689	0.656255
5.686217	0.628612
5.706745	0.600969
5.727273	0.573326
5.747801	0.545683
5.768328	0.563223
5.788856	0.580762
5.809384	0.598302
5.829912	0.615841
5.850440	0.633381
5.870968	0.650920
5.891496	0.668460
5.912023	0.685999
5.932551	0.703539
5.953079	0.721078
5.973607	0.671497
5.994135	0.621917
6.014663	0.572336
6.035191	0.522755
6.055718	0.473174
6.076246	0.423594
6.096774	0.374013
6.117302	0.324432
6.137830	0.274851
6.158358	0.225270
6.178886	0.210177
6.199413	0.195084
6.219941	0.179990
6.240469	0.164897
6.260997	0.149803
6.281525	0.134710
6.302053	0.119616
6.322581	0.104523
6.343109	0.089429
6.363636	0.074336
6.384164	0.067274
6.404692	0.060212
6.425220	0.053150
6.445748	0.046088
6.466276	0.039026
6.486804	0.031964
6.507331	0.024902
6.527859	0.017841
6.548387	0.010779
6.568915	0.003717
6.589443	0.003364
6.609971	0.003011
6.630499	0.002658
6.651026	0.002304
6.671554	0.001951
6.692082	0.001598
6.712610	0.001245
6.733138	0.000892
6.753666	0.000539
6.774194	0.000186
6.794721	0.000168
6.815249	0.000151
6.835777	0.000133
6.856305	0.000115
6.876833	0.000098
6.897361	0.000080
6.917889	0.000062
6.938416	0.000045
6.958944	0.000027
6.979472	0.000009
