0.000000	0.000000
0.020528	0.000000
0.041056	0.000000
0.061584	0.000000
0.082111	0.000000
0.102639	0.000000
0.123167	0.000000
0.143695	0.000000
0.164223	0.000000
0.184751	0.000000
0.205279	0.000000
0.225806	0.000000
0.246334	0.000000
0.266862	0.000000
0.287390	0.000000
0.307918	0.000000
0.328446	0.000000
0.348974	0.000000
0.369501	0.000000
0.390029	0.000000
0.410557	0.000000
0.431085	0.000000
0.451613	0.000000
0.472141	0.000000
0.492669	0.000000
0.513196	0.000000
0.533724	0.000000
0.554252	0.000000
0.574780	0.000000
0.595308	0.000000
0.615836	0.000000
0.636364	0.000000
0.656891	0.000000
0.677419	0.000000
0.697947	0.000000
0.718475	0.000000
0.739003	0.000000
0.759531	0.000000
0.780059	0.000000
0.800587	0.000000
0.821114	0.000000
0.841642	0.000000
0.862170	0.000000
0.882698	0.000000
0.903226	0.000000
0.923754	0.000000
0.944282	0.000000
0.964809	0.000000
0.985337	0.000000
1.005865	0.000000
1.026393	0.000000
1.046921	0.000000
1.067449	0.000000
1.087977	0.000000
1.108504	0.000000
1.129032	0.000000
1.149560	0.000000
1.170088	0.000000
1.190616	0.000000
1.211144	0.000000
1.231672	0.000000
1.252199	0.000000
1.272727	0.000000
1.293255	0.000000
1.313783	0.000000
1.334311	0.000000
1.354839	0.000000
1.375367	0.000000
1.395894	0.000000
1.416422	0.000000
1.436950	0.000000
1.457478	0.000000
1.478006	0.000000
1.498534	0.000000
1.519062	0.000000
1.539589	0.000000
1.560117	0.000000
1.580645	0.000000
1.601173	0.000000
1.621701	0.000000
1.642229	0.000000
1.662757	0.000000
1.683284	0.000000
1.703812	0.000000
1.724340	0.000000
1.744868	0.000000
1.765396	0.000000
1.785924	0.000000
1.806452	0.000000
1.826979	0.000000
1.847507	0.000000
1.868035	0.000000
1.888563	0.000000
1.909091	0.000000
1.929619	0.000000
1.950147	0.000000
1.970674	0.000000
1.991202	0.000000
2.011730	0.000000
2.032258	0.000000
2.052786	0.000000
2.073314	0.000000
2.093842	0.000000
2.114370	0.000000
2.134897	0.000000
2.155425	0.000000
2.175953	0.000000
2.196481	0.000000
2.217009	0.000000
2.237537	0.000000
2.258065	0.000000
2.278592	0.105735
2.299120	0.211470
2.319648	0.317205
2.340176	0.422940
2.360704	0.528675
2.381232	0.634410
2.401760	0.740145
2.422287	0.845880
2.442815	0.951615
2.463343	1.057350
2.483871	5.093784
2.504399	9.130217
2.524927	13.166651
2.545455	17.203085
2.565982	21.239518
2.586510	25.275952
2.607038	29.312385
2.627566	33.348819
2.648094	37.385253
2.668622	41.421686
2.689150	42.066273
2.709677	42.710860
2.730205	43.355447
2.750733	44.000034
2.771261	44.644621
2.791789	45.289208
2.812317	45.933795
2.832845	46.578382
2.853372	47.222969
2.873900	47.867556
2.894428	53.080801
2.914956	58.294045
2.935484	63.507289
2.956012	68.720534
2.976540	73.933778
2.997067	79.147023
3.017595	84.360267
3.038123	89.573511
3.058651	94.786756
3.079179	100.000000
3.099707	97.729631
3.120235	95.459261
3.140762	93.188892
3.161290	90.918523
3.181818	88.648153
3.202346	86.377784
3.222874	84.107415
3.243402	81.837045
3.263930	79.566676
3.284457	77.296306
3.304985	74.076822
3.325513	70.857338
3.346041	67.637854
3.366569	64.418370
3.387097	61.198886
3.407625	57.979402
3.428152	54.759918
3.448680	51.540434
3.469208	48.320950
3.489736	45.101465
3.510264	42.554845
3.530792	40.008225
3.551320	37.461605
3.571848	34.914985
3.592375	32.368365
3.612903	29.821745
3.633431	27.275124
3.653959	24.728504
3.674487	22.181884
3.695015	19.635264
3.715543	18.404324
3.736070	17.173384
3.756598	15.942444
3.777126	14.711504
3.797654	13.480564
3.818182	12.249624
3.838710	11.018683
3.859238	9.787743
3.879765	8.556803
3.900293	7.325863
3.920821	6.841376
3.941349	6.356889
3.961877	5.872402
3.982405	5.387915
4.002933	4.903428
4.023460	4.418941
4.043988	3.934454
4.064516	3.449967
4.085044	2.965480
4.105572	2.480993
4.126100	2.516245
4.146628	2.551496
4.167155	2.586748
4.187683	2.622000
4.208211	2.657251
4.228739	2.692503
4.249267	2.727754
4.269795	2.763006
4.290323	2.798257
4.310850	2.833509
4.331378	2.564326
4.351906	2.295142
4.372434	2.025959
4.392962	1.756776
4.413490	1.487592
4.434018	1.218409
4.454545	0.949226
4.475073	0.680042
4.495601	0.410859
4.516129	0.141675
4.536657	0.207518
4.557185	0.273360
4.577713	0.339202
4.598240	0.405044
4.618768	0.470886
4.639296	0.536728
4.659824	0.602570
4.680352	0.668412
4.700880	0.734254
4.721408	0.800096
4.741935	0.829822
4.762463	0.859548
4.782991	0.889274
4.803519	0.919000
4.824047	0.948726
4.844575	0.978451
4.865103	1.008177
4.885630	1.037903
4.906158	1.067629
4.926686	1.097355
4.947214	0.993106
4.967742	0.888857
4.988270	0.784609
5.008798	0.680360
5.029326	0.576111
5.049853	0.471863
5.070381	0.367614
5.090909	0.263365
5.111437	0.159116
5.131965	0.054868
5.152493	0.069481
5.173021	0.084093
5.193548	0.098706
5.214076	0.113319
5.234604	0.127932
5.255132	0.142545
5.275660	0.157158
5.296188	0.171771
5.316716	0.186384
5.337243	0.200997
5.357771	0.353721
5.378299	0.506446
5.398827	0.659171
5.419355	0.811895
5.439883	0.964620
5.460411	1.117345
5.480938	1.270069
5.501466	1.422794
5.521994	1.575519
5.542522	1.728244
5.563050	1.742488
5.583578	1.756733
5.604106	1.770978
5.624633	1.785222
5.645161	1.799467
5.665689	1.813712
5.686217	1.827956
5.706745	1.842201
5.727273	1.856446
5.747801	1.870690
5.768328	1.811927
5.788856	1.753163
5.809384	1.694399
5.829912	1.635635
5.850440	1.576872
5.870968	1.518108
5.891496	1.459344
5.912023	1.400581
5.932551	1.341817
5.953079	1.283053
5.973607	1.293332
5.994135	1.303611
6.014663	1.313889
6.035191	1.324168
6.055718	1.334447
6.076246	1.344725
6.096774	1.355004
6.117302	1.365283
6.137830	1.375561
6.158358	1.385840
6.178886	1.287228
6.199413	1.188615
6.219941	1.090002
6.240469	0.991390
6.260997	0.892777
6.281525	0.794164
6.302053	0.695552
6.322581	0.596939
6.343109	0.498327
6.363636	0.399714
6.384164	0.368350
6.404692	0.336985
6.425220	0.305621
6.445748	0.274256
6.466276	0.242892
6.486804	0.211528
6.507331	0.180163
6.527859	0.148799
6.548387	0.117434
6.568915	0.086070
6.589443	0.084502
6.609971	0.082934
6.630499	0.081365
6.651026	0.079797
6.671554	0.078229
6.692082	0.076661
6.712610	0.075093
6.733138	0.073524
6.753666	0.071956
6.774194	0.070388
6.794721	0.070309
6.815249	0.070231
6.835777	0.070153
6.856305	0.070074
6.876833	0.069996
6.897361	0.069917
6.917889	0.069839
6.938416	0.069761
6.958944	0.069682
6.979472	0.069604
