0.000000	0.000000
0.020528	0.000000
0.041056	0.000000
0.061584	0.000000
0.082111	0.000000
0.102639	0.000000
0.123167	0.000000
0.143695	0.000000
0.164223	0.000000
0.184751	0.000000
0.205279	0.000000
0.225806	0.000000
0.246334	0.000000
0.266862	0.000000
0.287390	0.000000
0.307918	0.000000
0.328446	0.000000
0.348974	0.000000
0.369501	0.000000
0.390029	0.000000
0.410557	0.000000
0.431085	0.000000
0.451613	0.000000
0.472141	0.000000
0.492669	0.000000
0.513196	0.000000
0.533724	0.000000
0.554252	0.000000
0.574780	0.000000
0.595308	0.000000
0.615836	0.000000
0.636364	0.000000
0.656891	0.000000
0.677419	0.000000
0.697947	0.000000
0.718475	0.000000
0.739003	0.000000
0.759531	0.000000
0.780059	0.000000
0.800587	0.000000
0.821114	0.000000
0.841642	0.000000
0.862170	0.000000
0.882698	0.000000
0.903226	0.000000
0.923754	0.000000
0.944282	0.000000
0.964809	0.000000
0.985337	0.000000
1.005865	0.000000
1.026393	0.000000
1.046921	0.000000
1.067449	0.000000
1.087977	0.000000
1.108504	0.000000
1.129032	0.000000
1.149560	0.000000
1.170088	0.000000
1.190616	0.000000
1.211144	0.000000
1.231672	0.000000
1.252199	0.000000
1.272727	0.000000
1.293255	0.000000
1.313783	0.000000
1.334311	0.000000
1.354839	0.000000
1.375367	0.000000
1.395894	0.000000
1.416422	0.000000
1.436950	0.000000
1.457478	0.000000
1.478006	0.000000
1.498534	0.000000
1.519062	0.000000
1.539589	0.000000
1.560117	0.000000
1.580645	0.000000
1.601173	0.000000
1.621701	0.000000
1.642229	0.000000
1.662757	0.000000
1.683284	0.000000
1.703812	0.000000
1.724340	0.000000
1.744868	0.000000
1.765396	0.000000
1.785924	0.000000
1.806452	0.000000
1.826979	0.000000
1.847507	0.000000
1.868035	0.000000
1.888563	0.000000
1.909091	0.000000
1.929619	0.000000
1.950147	0.000000
1.970674	0.000000
1.991202	0.000000
2.011730	0.000000
2.032258	0.000000
2.052786	0.000000
2.073314	0.000000
2.093842	0.000000
2.114370	0.000000
2.134897	0.000000
2.155425	0.000000
2.175953	0.000000
2.196481	0.000000
2.217009	0.000000
2.237537	0.000000
2.258065	0.000000
2.278592	2.208187
2.299120	4.416373
2.319648	6.624560
2.340176	8.832746
2.360704	11.040933
2.381232	13.249119
2.401760	15.457306
2.422287	17.665492
2.442815	19.873679
2.463343	22.081865
2.483871	26.007891
2.504399	29.933917
2.524927	33.859943
2.545455	37.785968
2.565982	41.711994
2.586510	45.638020
2.607038	49.564046
2.627566	53.490071
2.648094	57.416097
2.668622	61.342123
2.689150	65.207911
2.709677	69.073698
2.730205	72.939486
2.750733	76.805274
2.771261	80.671061
2.791789	84.536849
2.812317	88.402637
2.832845	92.268425
2.853372	96.134212
2.873900	100.000000
2.894428	99.535704
2.914956	99.071409
2.935484	98.607113
2.956012	98.142818
2.976540	97.678522
2.997067	97.214227
3.017595	96.749931
3.038123	96.285635
3.058651	95.821340
3.079179	95.357044
3.099707	90.227398
3.120235	85.097752
3.140762	79.968106
3.161290	74.838460
3.181818	69.708814
3.202346	64.579168
3.222874	59.449521
3.243402	54.319875
3.263930	49.190229
3.284457	44.060583
3.304985	42.318446
3.325513	40.576309
3.346041	38.834171
3.366569	37.092034
3.387097	35.349897
3.407625	33.607760
3.428152	31.865623
3.448680	30.123485
3.469208	28.381348
3.489736	26.639211
3.510264	26.040649
3.530792	25.442087
3.551320	24.843525
3.571848	24.244964
3.592375	23.646402
3.612903	23.047840
3.633431	22.449278
3.653959	21.850716
3.674487	21.252154
3.695015	20.653593
3.715543	19.056826
3.736070	17.460060
3.756598	15.863294
3.777126	14.266527
3.797654	12.669761
3.818182	11.072995
3.838710	9.476228
3.859238	7.879462
3.879765	6.282696
3.900293	4.685929
3.920821	4.492434
3.941349	4.298939
3.961877	4.105444
3.982405	3.911949
4.002933	3.718455
4.023460	3.524960
4.043988	3.331465
4.064516	3.137970
4.085044	2.944475
4.105572	2.750980
4.126100	2.643885
4.146628	2.536790
4.167155	2.429695
4.187683	2.322601
4.208211	2.215506
4.228739	2.108411
4.249267	2.001316
4.269795	1.894222
4.290323	1.787127
4.310850	1.680032
4.331378	1.617849
4.351906	1.555666
4.372434	1.493483
4.392962	1.431300
4.413490	1.369117
4.434018	1.306934
4.454545	1.244751
4.475073	1.182568
4.495601	1.120385
4.516129	1.058202
4.536657	0.965791
4.557185	0.873380
4.577713	0.780969
4.598240	0.688558
4.618768	0.596147
4.639296	0.503737
4.659824	0.411326
4.680352	0.318915
4.700880	0.226504
4.721408	0.134093
4.741935	0.121355
4.762463	0.108616
4.782991	0.095877
4.803519	0.083138
4.824047	0.070399
4.844575	0.057660
4.865103	0.044921
4.885630	0.032182
4.906158	0.019444
4.926686	0.006705
4.947214	0.095369
4.967742	0.184034
4.988270	0.272699
5.008798	0.361364
5.029326	0.450028
5.049853	0.538693
5.070381	0.627358
5.090909	0.716022
5.111437	0.804687
5.131965	0.893352
5.152493	1.052033
5.173021	1.210715
5.193548	1.369397
5.214076	1.528078
5.234604	1.686760
5.255132	1.845441
5.275660	2.004123
5.296188	2.162804
5.316716	2.321486
5.337243	2.480167
5.357771	2.398800
5.378299	2.317432
5.398827	2.236065
5.419355	2.154697
5.439883	2.073330
5.460411	1.991962
5.480938	1.910594
5.501466	1.829227
5.521994	1.747859
5.542522	1.666492
5.563050	1.589358
5.583578	1.512225
5.604106	1.435091
5.624633	1.357958
5.645161	1.280825
5.665689	1.203691
5.686217	1.126558
5.706745	1.049425
5.727273	0.972291
5.747801	0.895158
5.768328	0.972485
5.788856	1.049811
5.809384	1.127138
5.829912	1.204465
5.850440	1.281791
5.870968	1.359118
5.891496	1.436444
5.912023	1.513771
5.932551	1.591098
5.953079	1.668424
5.973607	1.607344
5.994135	1.546264
6.014663	1.485183
6.035191	1.424103
6.055718	1.363023
6.076246	1.301942
6.096774	1.240862
6.117302	1.179782
6.137830	1.118701
6.158358	1.057621
6.178886	0.965265
6.199413	0.872910
6.219941	0.780554
6.240469	0.688198
6.260997	0.595843
6.281525	0.503487
6.302053	0.411131
6.322581	0.318776
6.343109	0.226420
6.363636	0.134064
6.384164	0.170038
6.404692	0.206012
6.425220	0.241986
6.445748	0.277960
6.466276	0.313934
6.486804	0.349908
6.507331	0.385882
6.527859	0.421855
6.548387	0.457829
6.568915	0.493803
6.589443	0.446892
6.609971	0.399981
6.630499	0.353069
6.651026	0.306158
6.671554	0.259247
6.692082	0.212335
6.712610	0.165424
6.733138	0.118513
6.753666	0.071601
6.774194	0.024690
6.794721	0.022345
6.815249	0.019999
6.835777	0.017653
6.856305	0.015308
6.876833	0.012962
6.897361	0.010617
6.917889	0.008271
6.938416	0.005926
6.958944	0.003580
6.979472	0.001235
