0.000000	0.000000
0.020528	0.000000
0.041056	0.000000
0.061584	0.000000
0.082111	0.000000
0.102639	0.000000
0.123167	0.000000
0.143695	0.000000
0.164223	0.000000
0.184751	0.000000
0.205279	0.000000
0.225806	0.000000
0.246334	0.000000
0.266862	0.000000
0.287390	0.000000
0.307918	0.000000
0.328446	0.000000
0.348974	0.000000
0.369501	0.000000
0.390029	0.000000
0.410557	0.000000
0.431085	0.000000
0.451613	0.000000
0.472141	0.000000
0.492669	0.000000
0.513196	0.000000
0.533724	0.000000
0.554252	0.000000
0.574780	0.000000
0.595308	0.000000
0.615836	0.000000
0.636364	0.000000
0.656891	0.000000
0.677419	0.000000
0.697947	0.000000
0.718475	0.000000
0.739003	0.000000
0.759531	0.000000
0.780059	0.000000
0.800587	0.000000
0.821114	0.000000
0.841642	0.000000
0.862170	0.000000
0.882698	0.000000
0.903226	0.000000
0.923754	0.000000
0.944282	0.000000
0.964809	0.000000
0.985337	0.000000
1.005865	0.000000
1.026393	0.000000
1.046921	0.000000
1.067449	0.000000
1.087977	0.000000
1.108504	0.000000
1.129032	0.000000
1.149560	0.000000
1.170088	0.000000
1.190616	0.000000
1.211144	0.000000
1.231672	0.000000
1.252199	0.000000
1.272727	0.000000
1.293255	0.000000
1.313783	0.000000
1.334311	0.000000
1.354839	0.000000
1.375367	0.000000
1.395894	0.000000
1.416422	0.000000
1.436950	0.000000
1.457478	0.000000
1.478006	0.000000
1.498534	0.000000
1.519062	0.000000
1.539589	0.000000
1.560117	0.000000
1.580645	0.000000
1.601173	0.000000
1.621701	0.000000
1.642229	0.000000
1.662757	0.000000
1.683284	0.000000
1.703812	0.000000
1.724340	0.000000
1.744868	0.000000
1.765396	0.000000
1.785924	0.000000
1.806452	0.000000
1.826979	0.000000
1.847507	0.000000
1.868035	0.179042
1.888563	0.358083
1.909091	0.537125
1.929619	0.716166
1.950147	0.895208
1.970674	1.074249
1.991202	1.253291
2.011730	1.432332
2.032258	1.611374
2.052786	1.790415
2.073314	3.494294
2.093842	5.198173
2.114370	6.902052
2.134897	8.605930
2.155425	10.309809
2.175953	12.013688
2.196481	13.717566
2.217009	15.421445
2.237537	17.125324
2.258065	18.829203
2.278592	25.968633
2.299120	33.108064
2.319648	40.247495
2.340176	47.386926
2.360704	54.526357
2.381232	61.665788
2.401760	68.805218
2.422287	75.944649
2.442815	83.084080
2.463343	90.223511
2.483871	91.201160
2.504399	92.178809
2.524927	93.156458
2.545455	94.134107
2.565982	95.111755
2.586510	96.089404
2.607038	97.067053
2.627566	98.044702
2.648094	99.022351
2.668622	100.000000
2.689150	94.236000
2.709677	88.472001
2.730205	82.708001
2.750733	76.944001
2.771261	71.180001
2.791789	65.416002
2.812317	59.652002
2.832845	53.888002
2.853372	48.124002
2.873900	42.360003
2.894428	40.209771
2.914956	38.059538
2.935484	35.909306
2.956012	33.759074
2.976540	31.608842
2.997067	29.458610
3.017595	27.308378
3.038123	25.158146
3.058651	23.007914
3.079179	20.857682
3.099707	20.404023
3.120235	19.950365
3.140762	19.496706
3.161290	19.043048
3.181818	18.589389
3.202346	18.135730
3.222874	17.682072
3.243402	17.228413
3.263930	16.774755
3.284457	16.321096
3.304985	16.113403
3.325513	15.905711
3.346041	15.698018
3.366569	15.490326
3.387097	15.282633
3.407625	15.074941
3.428152	14.867248
3.448680	14.659556
3.469208	14.451863
3.489736	14.244171
3.510264	13.320674
3.530792	12.397178
3.551320	11.473681
3.571848	10.550185
3.592375	9.626688
3.612903	8.703192
3.633431	7.779695
3.653959	6.856199
3.674487	5.932702
3.695015	5.009206
3.715543	4.730277
3.736070	4.451348
3.756598	4.172419
3.777126	3.893490
3.797654	3.614561
3.818182	3.335633
3.838710	3.056704
3.859238	2.777775
3.879765	2.498846
3.900293	2.219917
3.920821	2.205971
3.941349	2.192024
3.961877	2.178078
3.982405	2.164132
4.002933	2.150185
4.023460	2.136239
4.043988	2.122292
4.064516	2.108346
4.085044	2.094399
4.105572	2.080453
4.126100	1.990235
4.146628	1.900017
4.167155	1.809799
4.187683	1.719580
4.208211	1.629362
4.228739	1.539144
4.249267	1.448926
4.269795	1.358708
4.290323	1.268490
4.310850	1.178272
4.331378	1.209569
4.351906	1.240867
4.372434	1.272164
4.392962	1.303462
4.413490	1.334759
4.434018	1.366056
4.454545	1.397354
4.475073	1.428651
4.495601	1.459949
4.516129	1.491246
4.536657	1.421194
4.557185	1.351142
4.577713	1.281091
4.598240	1.211039
4.618768	1.140987
4.639296	1.070935
4.659824	1.000884
4.680352	0.930832
4.700880	0.860780
4.721408	0.790728
4.741935	0.787226
4.762463	0.783723
4.782991	0.780221
4.803519	0.776718
4.824047	0.773216
4.844575	0.769713
4.865103	0.766210
4.885630	0.762708
4.906158	0.759205
4.926686	0.755703
4.947214	0.797304
4.967742	0.838905
4.988270	0.880506
5.008798	0.922108
5.029326	0.963709
5.049853	1.005310
5.070381	1.046911
5.090909	1.088512
5.111437	1.130114
5.131965	1.171715
5.152493	1.149923
5.173021	1.128131
5.193548	1.106338
5.214076	1.084546
5.234604	1.062754
5.255132	1.040962
5.275660	1.019170
5.296188	0.997378
5.316716	0.975586
5.337243	0.953793
5.357771	0.881087
5.378299	0.808381
5.398827	0.735675
5.419355	0.662969
5.439883	0.590262
5.460411	0.517556
5.480938	0.444850
5.501466	0.372144
5.521994	0.299437
5.542522	0.226731
5.563050	0.270840
5.583578	0.314949
5.604106	0.359059
5.624633	0.403168
5.645161	0.447277
5.665689	0.491386
5.686217	0.535495
5.706745	0.579604
5.727273	0.623713
5.747801	0.667822
5.768328	0.604379
5.788856	0.540936
5.809384	0.477493
5.829912	0.414050
5.850440	0.350607
5.870968	0.287164
5.891496	0.223720
5.912023	0.160277
5.932551	0.096834
5.953079	0.033391
5.973607	0.048123
5.994135	0.062855
6.014663	0.077587
6.035191	0.092319
6.055718	0.107051
6.076246	0.121783
6.096774	0.136515
6.117302	0.151247
6.137830	0.165979
6.158358	0.180711
6.178886	0.169512
6.199413	0.158312
6.219941	0.147113
6.240469	0.135913
6.260997	0.124714
6.281525	0.113514
6.302053	0.102315
6.322581	0.091115
6.343109	0.079916
6.363636	0.068716
6.384164	0.062188
6.404692	0.055660
6.425220	0.049132
6.445748	0.042604
6.466276	0.036076
6.486804	0.029548
6.507331	0.023020
6.527859	0.016492
6.548387	0.009964
6.568915	0.003436
6.589443	0.003109
6.609971	0.002783
6.630499	0.002457
6.651026	0.002130
6.671554	0.001804
6.692082	0.001477
6.712610	0.001151
6.733138	0.000825
6.753666	0.000498
6.774194	0.000172
6.794721	0.000155
6.815249	0.000139
6.835777	0.000123
6.856305	0.000107
6.876833	0.000090
6.897361	0.000074
6.917889	0.000058
6.938416	0.000041
6.958944	0.000025
6.979472	0.000009
