0.000000	0.000000
0.020528	0.000000
0.041056	0.000000
0.061584	0.000000
0.082111	0.000000
0.102639	0.000000
0.123167	0.000000
0.143695	0.000000
0.164223	0.000000
0.184751	0.000000
0.205279	0.000000
0.225806	0.000000
0.246334	0.000000
0.266862	0.000000
0.287390	0.000000
0.307918	0.000000
0.328446	0.000000
0.348974	0.000000
0.369501	0.000000
0.390029	0.000000
0.410557	0.000000
0.431085	0.000000
0.451613	0.000000
0.472141	0.000000
0.492669	0.000000
0.513196	0.000000
0.533724	0.000000
0.554252	0.000000
0.574780	0.000000
0.595308	0.000000
0.615836	0.000000
0.636364	0.000000
0.656891	0.000000
0.677419	0.000000
0.697947	0.000000
0.718475	0.000000
0.739003	0.000000
0.759531	0.000000
0.780059	0.000000
0.800587	0.000000
0.821114	0.000000
0.841642	0.000000
0.862170	0.000000
0.882698	0.000000
0.903226	0.000000
0.923754	0.000000
0.944282	0.000000
0.964809	0.000000
0.985337	0.000000
1.005865	0.000000
1.026393	0.000000
1.046921	0.000000
1.067449	0.000000
1.087977	0.000000
1.108504	0.000000
1.129032	0.000000
1.149560	0.000000
1.170088	0.000000
1.190616	0.000000
1.211144	0.000000
1.231672	0.000000
1.252199	0.000000
1.272727	0.000000
1.293255	0.000000
1.313783	0.000000
1.334311	0.000000
1.354839	0.000000
1.375367	0.000000
1.395894	0.000000
1.416422	0.000000
1.436950	0.000000
1.457478	0.000000
1.478006	0.000000
1.498534	0.000000
1.519062	0.000000
1.539589	0.000000
1.560117	0.000000
1.580645	0.000000
1.601173	0.000000
1.621701	0.000000
1.642229	0.000000
1.662757	0.000000
1.683284	0.000000
1.703812	0.000000
1.724340	0.000000
1.744868	0.000000
1.765396	0.000000
1.785924	0.000000
1.806452	0.000000
1.826979	0.000000
1.847507	0.000000
1.868035	0.000000
1.888563	0.000000
1.909091	0.000000
1.929619	0.000000
1.950147	0.000000
1.970674	0.000000
1.991202	0.000000
2.011730	0.000000
2.032258	0.000000
2.052786	0.000000
2.073314	0.000000
2.093842	0.000000
2.114370	0.000000
2.134897	0.000000
2.155425	0.000000
2.175953	0.000000
2.196481	0.000000
2.217009	0.000000
2.237537	0.000000
2.258065	0.000000
2.278592	0.000000
2.299120	0.000000
2.319648	0.000000
2.340176	0.000000
2.360704	0.000000
2.381232	0.000000
2.401760	0.000000
2.422287	0.000000
2.442815	0.000000
2.463343	0.000000
2.483871	0.000000
2.504399	0.000000
2.524927	0.000000
2.545455	0.000000
2.565982	0.000000
2.586510	0.000000
2.607038	0.000000
2.627566	0.000000
2.648094	0.000000
2.668622	0.000000
2.689150	0.896682
2.709677	1.793364
2.730205	2.690046
2.750733	3.586728
2.771261	4.483410
2.791789	5.380091
2.812317	6.276773
2.832845	7.173455
2.853372	8.070137
2.873900	8.966819
2.894428	13.740058
2.914956	18.513296
2.935484	23.286535
2.956012	28.059774
2.976540	32.833013
2.997067	37.606251
3.017595	42.379490
3.038123	47.152729
3.058651	51.925967
3.079179	56.699206
3.099707	61.029285
3.120235	65.359365
3.140762	69.689444
3.161290	74.019524
3.181818	78.349603
3.202346	82.679682
3.222874	87.009762
3.243402	91.339841
3.263930	95.669921
3.284457	100.000000
3.304985	93.542839
3.325513	87.085677
3.346041	80.628516
3.366569	74.171354
3.387097	67.714193
3.407625	61.257032
3.428152	54.799870
3.448680	48.342709
3.469208	41.885547
3.489736	35.428386
3.510264	34.130448
3.530792	32.832509
3.551320	31.534571
3.571848	30.236633
3.592375	28.938694
3.612903	27.640756
3.633431	26.342817
3.653959	25.044879
3.674487	23.746941
3.695015	22.449002
3.715543	22.065612
3.736070	21.682221
3.756598	21.298831
3.777126	20.915440
3.797654	20.532050
3.818182	20.148659
3.838710	19.765269
3.859238	19.381878
3.879765	18.998488
3.900293	18.615097
3.920821	17.155357
3.941349	15.695616
3.961877	14.235876
3.982405	12.776135
4.002933	11.316395
4.023460	9.856654
4.043988	8.396914
4.064516	6.937174
4.085044	5.477433
4.105572	4.017693
4.126100	3.846708
4.146628	3.675722
4.167155	3.504737
4.187683	3.333752
4.208211	3.162767
4.228739	2.991782
4.249267	2.820797
4.269795	2.649812
4.290323	2.478827
4.310850	2.307842
4.331378	2.117997
4.351906	1.928151
4.372434	1.738305
4.392962	1.548460
4.413490	1.358614
4.434018	1.168769
4.454545	0.978923
4.475073	0.789077
4.495601	0.599232
4.516129	0.409386
4.536657	0.370494
4.557185	0.331603
4.577713	0.292711
4.598240	0.253819
4.618768	0.214928
4.639296	0.176036
4.659824	0.137144
4.680352	0.098253
4.700880	0.059361
4.721408	0.020469
4.741935	0.018525
4.762463	0.016580
4.782991	0.014636
4.803519	0.012691
4.824047	0.010746
4.844575	0.008802
4.865103	0.006857
4.885630	0.004913
4.906158	0.002968
4.926686	0.001023
4.947214	0.000926
4.967742	0.000829
4.988270	0.000732
5.008798	0.000635
5.029326	0.000537
5.049853	0.000440
5.070381	0.000343
5.090909	0.000246
5.111437	0.000148
5.131965	0.000051
5.152493	0.058845
5.173021	0.117639
5.193548	0.176433
5.214076	0.235227
5.234604	0.294021
5.255132	0.352815
5.275660	0.411609
5.296188	0.470403
5.316716	0.529197
5.337243	0.587991
5.357771	0.532132
5.378299	0.476272
5.398827	0.420413
5.419355	0.364554
5.439883	0.308695
5.460411	0.252836
5.480938	0.196977
5.501466	0.141118
5.521994	0.085259
5.542522	0.029400
5.563050	0.105005
5.583578	0.180610
5.604106	0.256216
5.624633	0.331821
5.645161	0.407427
5.665689	0.483032
5.686217	0.558638
5.706745	0.634243
5.727273	0.709849
5.747801	0.785454
5.768328	0.872533
5.788856	0.959611
5.809384	1.046690
5.829912	1.133769
5.850440	1.220847
5.870968	1.307926
5.891496	1.395004
5.912023	1.482083
5.932551	1.569161
5.953079	1.656240
5.973607	1.577296
5.994135	1.498351
6.014663	1.419407
6.035191	1.340463
6.055718	1.261518
6.076246	1.182574
6.096774	1.103629
6.117302	1.024685
6.137830	0.945741
6.158358	0.866796
6.178886	0.902048
6.199413	0.937300
6.219941	0.972552
6.240469	1.007804
6.260997	1.043056
6.281525	1.078308
6.302053	1.113560
6.322581	1.148812
6.343109	1.184064
6.363636	1.219316
6.384164	1.118181
6.404692	1.017045
6.425220	0.915910
6.445748	0.814775
6.466276	0.713639
6.486804	0.612504
6.507331	0.511369
6.527859	0.410233
6.548387	0.309098
6.568915	0.207963
6.589443	0.202906
6.609971	0.197849
6.630499	0.192793
6.651026	0.187736
6.671554	0.182679
6.692082	0.177622
6.712610	0.172565
6.733138	0.167509
6.753666	0.162452
6.774194	0.157395
6.794721	0.166942
6.815249	0.176489
6.835777	0.186036
6.856305	0.195583
6.876833	0.205130
6.897361	0.214677
6.917889	0.224224
6.938416	0.233771
6.958944	0.243318
6.979472	0.252865
