0.000000	0.000000
0.020528	0.000000
0.041056	0.000000
0.061584	0.000000
0.082111	0.000000
0.102639	0.000000
0.123167	0.000000
0.143695	0.000000
0.164223	0.000000
0.184751	0.000000
0.205279	0.000000
0.225806	0.000000
0.246334	0.000000
0.266862	0.000000
0.287390	0.000000
0.307918	0.000000
0.328446	0.000000
0.348974	0.000000
0.369501	0.000000
0.390029	0.000000
0.410557	0.000000
0.431085	0.000000
0.451613	0.000000
0.472141	0.000000
0.492669	0.000000
0.513196	0.000000
0.533724	0.000000
0.554252	0.000000
0.574780	0.000000
0.595308	0.000000
0.615836	0.000000
0.636364	0.000000
0.656891	0.000000
0.677419	0.000000
0.697947	0.000000
0.718475	0.000000
0.739003	0.000000
0.759531	0.000000
0.780059	0.000000
0.800587	0.000000
0.821114	0.000000
0.841642	0.000000
0.862170	0.000000
0.882698	0.000000
0.903226	0.000000
0.923754	0.000000
0.944282	0.000000
0.964809	0.000000
0.985337	0.000000
1.005865	0.000000
1.026393	0.000000
1.046921	0.000000
1.067449	0.000000
1.087977	0.000000
1.108504	0.000000
1.129032	0.000000
1.149560	0.000000
1.170088	0.000000
1.190616	0.000000
1.211144	0.000000
1.231672	0.000000
1.252199	0.000000
1.272727	0.000000
1.293255	0.000000
1.313783	0.000000
1.334311	0.000000
1.354839	0.000000
1.375367	0.000000
1.395894	0.000000
1.416422	0.000000
1.436950	0.000000
1.457478	0.000000
1.478006	0.000000
1.498534	0.000000
1.519062	0.000000
1.539589	0.000000
1.560117	0.000000
1.580645	0.000000
1.601173	0.000000
1.621701	0.000000
1.642229	0.000000
1.662757	0.000000
1.683284	0.000000
1.703812	0.000000
1.724340	0.000000
1.744868	0.000000
1.765396	0.000000
1.785924	0.000000
1.806452	0.000000
1.826979	0.000000
1.847507	0.000000
1.868035	0.000000
1.888563	0.000000
1.909091	0.000000
1.929619	0.000000
1.950147	0.000000
1.970674	0.000000
1.991202	0.000000
2.011730	0.000000
2.032258	0.000000
2.052786	0.000000
2.073314	0.000000
2.093842	0.000000
2.114370	0.000000
2.134897	0.000000
2.155425	0.000000
2.175953	0.000000
2.196481	0.000000
2.217009	0.000000
2.237537	0.000000
2.258065	0.000000
2.278592	0.000000
2.299120	0.000000
2.319648	0.000000
2.340176	0.000000
2.360704	0.000000
2.381232	0.000000
2.401760	0.000000
2.422287	0.000000
2.442815	0.000000
2.463343	0.000000
2.483871	0.000000
2.504399	0.000000
2.524927	0.000000
2.545455	0.000000
2.565982	0.000000
2.586510	0.000000
2.607038	0.000000
2.627566	0.000000
2.648094	0.000000
2.668622	0.000000
2.689150	0.000000
2.709677	0.000000
2.730205	0.000000
2.750733	0.000000
2.771261	0.000000
2.791789	0.000000
2.812317	0.000000
2.832845	0.000000
2.853372	0.000000
2.873900	0.000000
2.894428	0.000000
2.914956	0.000000
2.935484	0.000000
2.956012	0.000000
2.976540	0.000000
2.997067	0.000000
3.017595	0.000000
3.038123	0.000000
3.058651	0.000000
3.079179	0.000000
3.099707	10.000000
3.120235	20.000000
3.140762	30.000000
3.161290	40.000000
3.181818	50.000000
3.202346	60.000000
3.222874	70.000000
3.243402	80.000000
3.263930	90.000000
3.284457	100.000000
3.304985	93.166667
3.325513	86.333333
3.346041	79.500000
3.366569	72.666667
3.387097	65.833333
3.407625	59.000000
3.428152	52.166667
3.448680	45.333333
3.469208	38.500000
3.489736	31.666667
3.510264	30.741667
3.530792	29.816667
3.551320	28.891667
3.571848	27.966667
3.592375	27.041667
3.612903	26.116667
3.633431	25.191667
3.653959	24.266667
3.674487	23.341667
3.695015	22.416667
3.715543	22.953750
3.736070	23.490833
3.756598	24.027917
3.777126	24.565000
3.797654	25.102083
3.818182	25.639167
3.838710	26.176250
3.859238	26.713333
3.879765	27.250417
3.900293	27.787500
3.920821	25.147687
3.941349	22.507875
3.961877	19.868063
3.982405	17.228250
4.002933	14.588438
4.023460	11.948625
4.043988	9.308813
4.064516	6.669000
4.085044	4.029187
4.105572	1.389375
4.126100	2.257384
4.146628	3.125394
4.167155	3.993403
4.187683	4.861413
4.208211	5.729422
4.228739	6.597431
4.249267	7.465441
4.269795	8.333450
4.290323	9.201459
4.310850	10.069469
4.331378	9.446203
4.351906	8.822936
4.372434	8.199670
4.392962	7.576404
4.413490	6.953138
4.434018	6.329872
4.454545	5.706605
4.475073	5.083339
4.495601	4.460073
4.516129	3.836807
4.536657	3.472310
4.557185	3.107813
4.577713	2.743317
4.598240	2.378820
4.618768	2.014324
4.639296	1.649827
4.659824	1.285330
4.680352	0.920834
4.700880	0.556337
4.721408	0.191840
4.741935	0.256949
4.762463	0.322057
4.782991	0.387166
4.803519	0.452274
4.824047	0.517383
4.844575	0.582491
4.865103	0.647600
4.885630	0.712708
4.906158	0.777817
4.926686	0.842925
4.947214	0.846181
4.967742	0.849436
4.988270	0.852692
5.008798	0.855947
5.029326	0.859202
5.049853	0.862458
5.070381	0.865713
5.090909	0.868969
5.111437	0.872224
5.131965	0.875480
5.152493	0.792309
5.173021	0.709138
5.193548	0.625968
5.214076	0.542797
5.234604	0.459627
5.255132	0.376456
5.275660	0.293286
5.296188	0.210115
5.316716	0.126945
5.337243	0.043774
5.357771	0.039615
5.378299	0.035457
5.398827	0.031298
5.419355	0.027140
5.439883	0.022981
5.460411	0.018823
5.480938	0.014664
5.501466	0.010506
5.521994	0.006347
5.542522	0.002189
5.563050	0.335314
5.583578	0.668440
5.604106	1.001565
5.624633	1.334690
5.645161	1.667816
5.665689	2.000941
5.686217	2.334067
5.706745	2.667192
5.727273	3.000317
5.747801	3.333443
5.768328	3.016766
5.788856	2.700089
5.809384	2.383412
5.829912	2.066735
5.850440	1.750057
5.870968	1.433380
5.891496	1.116703
5.912023	0.800026
5.932551	0.483349
5.953079	0.166672
5.973607	0.150838
5.994135	0.135004
6.014663	0.119171
6.035191	0.103337
6.055718	0.087503
6.076246	0.071669
6.096774	0.055835
6.117302	0.040001
6.137830	0.024167
6.158358	0.008334
6.178886	0.174209
6.199413	0.340084
6.219941	0.505959
6.240469	0.671834
6.260997	0.837708
6.281525	1.003583
6.302053	1.169458
6.322581	1.335333
6.343109	1.501208
6.363636	1.667083
6.384164	1.675377
6.404692	1.683671
6.425220	1.691965
6.445748	1.700258
6.466276	1.708552
6.486804	1.716846
6.507331	1.725140
6.527859	1.733433
6.548387	1.741727
6.568915	1.750021
6.589443	1.833769
6.609971	1.917517
6.630499	2.001265
6.651026	2.085013
6.671554	2.168761
6.692082	2.252509
6.712610	2.336257
6.733138	2.420005
6.753666	2.503753
6.774194	2.587501
6.794721	2.591688
6.815249	2.595876
6.835777	2.600063
6.856305	2.604251
6.876833	2.608438
6.897361	2.612625
6.917889	2.616813
6.938416	2.621000
6.958944	2.625188
6.979472	2.629375
