0.000000	0.000000
0.020528	0.000000
0.041056	0.000000
0.061584	0.000000
0.082111	0.000000
0.102639	0.000000
0.123167	0.000000
0.143695	0.000000
0.164223	0.000000
0.184751	0.000000
0.205279	0.000000
0.225806	0.000000
0.246334	0.000000
0.266862	0.000000
0.287390	0.000000
0.307918	0.000000
0.328446	0.000000
0.348974	0.000000
0.369501	0.000000
0.390029	0.000000
0.410557	0.000000
0.431085	0.000000
0.451613	0.000000
0.472141	0.000000
0.492669	0.000000
0.513196	0.000000
0.533724	0.000000
0.554252	0.000000
0.574780	0.000000
0.595308	0.000000
0.615836	0.000000
0.636364	0.000000
0.656891	0.000000
0.677419	0.000000
0.697947	0.000000
0.718475	0.000000
0.739003	0.000000
0.759531	0.000000
0.780059	0.000000
0.800587	0.000000
0.821114	0.000000
0.841642	0.000000
0.862170	0.000000
0.882698	0.000000
0.903226	0.000000
0.923754	0.000000
0.944282	0.000000
0.964809	0.000000
0.985337	0.000000
1.005865	0.000000
1.026393	0.000000
1.046921	0.000000
1.067449	0.000000
1.087977	0.000000
1.108504	0.000000
1.129032	0.000000
1.149560	0.000000
1.170088	0.000000
1.190616	0.000000
1.211144	0.000000
1.231672	0.000000
1.252199	0.000000
1.272727	0.000000
1.293255	0.000000
1.313783	0.000000
1.334311	0.000000
1.354839	0.000000
1.375367	0.000000
1.395894	0.000000
1.416422	0.000000
1.436950	0.000000
1.457478	0.000000
1.478006	0.000000
1.498534	0.000000
1.519062	0.000000
1.539589	0.000000
1.560117	0.000000
1.580645	0.000000
1.601173	0.000000
1.621701	0.000000
1.642229	0.000000
1.662757	0.000000
1.683284	0.000000
1.703812	0.000000
1.724340	0.000000
1.744868	0.000000
1.765396	0.000000
1.785924	0.000000
1.806452	0.000000
1.826979	0.000000
1.847507	0.000000
1.868035	0.000000
1.888563	0.000000
1.909091	0.000000
1.929619	0.000000
1.950147	0.000000
1.970674	0.000000
1.991202	0.000000
2.011730	0.000000
2.032258	0.000000
2.052786	0.000000
2.073314	0.000000
2.093842	0.000000
2.114370	0.000000
2.134897	0.000000
2.155425	0.000000
2.175953	0.000000
2.196481	0.000000
2.217009	0.000000
2.237537	0.000000
2.258065	0.000000
2.278592	0.000000
2.299120	0.000000
2.319648	0.000000
2.340176	0.000000
2.360704	0.000000
2.381232	0.000000
2.401760	0.000000
2.422287	0.000000
2.442815	0.000000
2.463343	0.000000
2.483871	3.775460
2.504399	7.550919
2.524927	11.326379
2.545455	15.101838
2.565982	18.877298
2.586510	22.652757
2.607038	26.428217
2.627566	30.203676
2.648094	33.979136
2.668622	37.754595
2.689150	43.979136
2.709677	50.203676
2.730205	56.428217
2.750733	62.652757
2.771261	68.877298
2.791789	75.101838
2.812317	81.326379
2.832845	87.550919
2.853372	93.775460
2.873900	100.000000
2.894428	92.983855
2.914956	85.967710
2.935484	78.951565
2.956012	71.935420
2.976540	64.919275
2.997067	57.903130
3.017595	50.886985
3.038123	43.870840
3.058651	36.854694
3.079179	29.838549
3.099707	28.792263
3.120235	27.745976
3.140762	26.699690
3.161290	25.653403
3.181818	24.607116
3.202346	23.560830
3.222874	22.514543
3.243402	21.468256
3.263930	20.421970
3.284457	19.375683
3.304985	17.982087
3.325513	16.588491
3.346041	15.194895
3.366569	13.801299
3.387097	12.407703
3.407625	11.014107
3.428152	9.620511
3.448680	8.226915
3.469208	6.833319
3.489736	5.439723
3.510264	5.221012
3.530792	5.002301
3.551320	4.783590
3.571848	4.564879
3.592375	4.346168
3.612903	4.127456
3.633431	3.908745
3.653959	3.690034
3.674487	3.471323
3.695015	3.252612
3.715543	3.241677
3.736070	3.230741
3.756598	3.219805
3.777126	3.208870
3.797654	3.197934
3.818182	3.186999
3.838710	3.176063
3.859238	3.165128
3.879765	3.154192
3.900293	3.143257
3.920821	3.490449
3.941349	3.837642
3.961877	4.184835
3.982405	4.532028
4.002933	4.879221
4.023460	5.226414
4.043988	5.573607
4.064516	5.920800
4.085044	6.267993
4.105572	6.615186
4.126100	7.079639
4.146628	7.544093
4.167155	8.008546
4.187683	8.473000
4.208211	8.937453
4.228739	9.401907
4.249267	9.866360
4.269795	10.330814
4.290323	10.795267
4.310850	11.259721
4.331378	10.786173
4.351906	10.312624
4.372434	9.839076
4.392962	9.365528
4.413490	8.891979
4.434018	8.418431
4.454545	7.944883
4.475073	7.471335
4.495601	6.997786
4.516129	6.524238
4.536657	7.096686
4.557185	7.669133
4.577713	8.241581
4.598240	8.814029
4.618768	9.386477
4.639296	9.958925
4.659824	10.531372
4.680352	11.103820
4.700880	11.676268
4.721408	12.248716
4.741935	11.681213
4.762463	11.113710
4.782991	10.546207
4.803519	9.978704
4.824047	9.411202
4.844575	8.843699
4.865103	8.276196
4.885630	7.708693
4.906158	7.141190
4.926686	6.573688
4.947214	6.147896
4.967742	5.722104
4.988270	5.296312
5.008798	4.870520
5.029326	4.444728
5.049853	4.018936
5.070381	3.593144
5.090909	3.167352
5.111437	2.741560
5.131965	2.315768
5.152493	2.095770
5.173021	1.875772
5.193548	1.655774
5.214076	1.435776
5.234604	1.215778
5.255132	0.995780
5.275660	0.775782
5.296188	0.555784
5.316716	0.335786
5.337243	0.115788
5.357771	0.700914
5.378299	1.286039
5.398827	1.871164
5.419355	2.456290
5.439883	3.041415
5.460411	3.626540
5.480938	4.211665
5.501466	4.796791
5.521994	5.381916
5.542522	5.967041
5.563050	5.400172
5.583578	4.833303
5.604106	4.266435
5.624633	3.699566
5.645161	3.132697
5.665689	2.565828
5.686217	1.998959
5.706745	1.432090
5.727273	0.865221
5.747801	0.298352
5.768328	0.270009
5.788856	0.241665
5.809384	0.213322
5.829912	0.184978
5.850440	0.156635
5.870968	0.128291
5.891496	0.099948
5.912023	0.071604
5.932551	0.043261
5.953079	0.014918
5.973607	0.038339
5.994135	0.061760
6.014663	0.085182
6.035191	0.108603
6.055718	0.132024
6.076246	0.155446
6.096774	0.178867
6.117302	0.202289
6.137830	0.225710
6.158358	0.249131
6.178886	0.225464
6.199413	0.201796
6.219941	0.178129
6.240469	0.154461
6.260997	0.130794
6.281525	0.107126
6.302053	0.083459
6.322581	0.059792
6.343109	0.036124
6.363636	0.012457
6.384164	0.011273
6.404692	0.010090
6.425220	0.008906
6.445748	0.007723
6.466276	0.006540
6.486804	0.005356
6.507331	0.004173
6.527859	0.002990
6.548387	0.001806
6.568915	0.000623
6.589443	0.099918
6.609971	0.199213
6.630499	0.298508
6.651026	0.397803
6.671554	0.497098
6.692082	0.596393
6.712610	0.695688
6.733138	0.794983
6.753666	0.894278
6.774194	0.993573
6.794721	0.899184
6.815249	0.804794
6.835777	0.710405
6.856305	0.616015
6.876833	0.521626
6.897361	0.427236
6.917889	0.332847
6.938416	0.238458
6.958944	0.144068
6.979472	0.049679
