0.000000	0.000000
0.020528	0.000000
0.041056	0.000000
0.061584	0.000000
0.082111	0.000000
0.102639	0.000000
0.123167	0.000000
0.143695	0.000000
0.164223	0.000000
0.184751	0.000000
0.205279	0.000000
0.225806	0.000000
0.246334	0.000000
0.266862	0.000000
0.287390	0.000000
0.307918	0.000000
0.328446	0.000000
0.348974	0.000000
0.369501	0.000000
0.390029	0.000000
0.410557	0.000000
0.431085	0.000000
0.451613	0.000000
0.472141	0.000000
0.492669	0.000000
0.513196	0.000000
0.533724	0.000000
0.554252	0.000000
0.574780	0.000000
0.595308	0.000000
0.615836	0.000000
0.636364	0.000000
0.656891	0.000000
0.677419	0.000000
0.697947	0.000000
0.718475	0.000000
0.739003	0.000000
0.759531	0.000000
0.780059	0.000000
0.800587	0.000000
0.821114	0.000000
0.841642	0.000000
0.862170	0.000000
0.882698	0.000000
0.903226	0.000000
0.923754	0.000000
0.944282	0.000000
0.964809	0.000000
0.985337	0.000000
1.005865	0.000000
1.026393	0.000000
1.046921	0.000000
1.067449	0.000000
1.087977	0.000000
1.108504	0.000000
1.129032	0.000000
1.149560	0.000000
1.170088	0.000000
1.190616	0.000000
1.211144	0.000000
1.231672	0.000000
1.252199	0.000000
1.272727	0.000000
1.293255	0.000000
1.313783	0.000000
1.334311	0.000000
1.354839	0.000000
1.375367	0.000000
1.395894	0.000000
1.416422	0.000000
1.436950	0.000000
1.457478	0.000000
1.478006	0.000000
1.498534	0.000000
1.519062	0.000000
1.539589	0.000000
1.560117	0.000000
1.580645	0.000000
1.601173	0.000000
1.621701	0.000000
1.642229	0.000000
1.662757	0.000000
1.683284	0.000000
1.703812	0.000000
1.724340	0.000000
1.744868	0.000000
1.765396	0.000000
1.785924	0.000000
1.806452	0.000000
1.826979	0.000000
1.847507	0.000000
1.868035	0.000000
1.888563	0.000000
1.909091	0.000000
1.929619	0.000000
1.950147	0.000000
1.970674	0.000000
1.991202	0.000000
2.011730	0.000000
2.032258	0.000000
2.052786	0.000000
2.073314	0.000000
2.093842	0.000000
2.114370	0.000000
2.134897	0.000000
2.155425	0.000000
2.175953	0.000000
2.196481	0.000000
2.217009	0.000000
2.237537	0.000000
2.258065	0.000000
2.278592	0.022924
2.299120	0.045849
2.319648	0.068773
2.340176	0.091697
2.360704	0.114622
2.381232	0.137546
2.401760	0.160470
2.422287	0.183395
2.442815	0.206319
2.463343	0.229243
2.483871	0.673593
2.504399	1.117944
2.524927	1.562294
2.545455	2.006644
2.565982	2.450994
2.586510	2.895344
2.607038	3.339694
2.627566	3.784044
2.648094	4.228394
2.668622	4.672744
2.689150	9.959918
2.709677	15.247091
2.730205	20.534265
2.750733	25.821439
2.771261	31.108612
2.791789	36.395786
2.812317	41.682960
2.832845	46.970133
2.853372	52.257307
2.873900	57.544481
2.894428	61.790033
2.914956	66.035584
2.935484	70.281136
2.956012	74.526688
2.976540	78.772240
2.997067	83.017792
3.017595	87.263344
3.038123	91.508896
3.058651	95.754448
3.079179	100.000000
3.099707	97.086926
3.120235	94.173853
3.140762	91.260779
3.161290	88.347705
3.181818	85.434631
3.202346	82.521558
3.222874	79.608484
3.243402	76.695410
3.263930	73.782336
3.284457	70.869263
3.304985	68.041462
3.325513	65.213660
3.346041	62.385859
3.366569	59.558058
3.387097	56.730257
3.407625	53.902456
3.428152	51.074655
3.448680	48.246853
3.469208	45.419052
3.489736	42.591251
3.510264	39.630168
3.530792	36.669084
3.551320	33.708000
3.571848	30.746917
3.592375	27.785833
3.612903	24.824750
3.633431	21.863666
3.653959	18.902583
3.674487	15.941499
3.695015	12.980416
3.715543	12.916417
3.736070	12.852419
3.756598	12.788421
3.777126	12.724422
3.797654	12.660424
3.818182	12.596426
3.838710	12.532428
3.859238	12.468429
3.879765	12.404431
3.900293	12.340433
3.920821	11.947519
3.941349	11.554606
3.961877	11.161692
3.982405	10.768778
4.002933	10.375865
4.023460	9.982951
4.043988	9.590037
4.064516	9.197124
4.085044	8.804210
4.105572	8.411296
4.126100	8.475707
4.146628	8.540117
4.167155	8.604527
4.187683	8.668937
4.208211	8.733347
4.228739	8.797758
4.249267	8.862168
4.269795	8.926578
4.290323	8.990988
4.310850	9.055399
4.331378	8.898149
4.351906	8.740899
4.372434	8.583649
4.392962	8.426399
4.413490	8.269149
4.434018	8.111899
4.454545	7.954650
4.475073	7.797400
4.495601	7.640150
4.516129	7.482900
4.536657	6.970702
4.557185	6.458504
4.577713	5.946306
4.598240	5.434108
4.618768	4.921910
4.639296	4.409713
4.659824	3.897515
4.680352	3.385317
4.700880	2.873119
4.721408	2.360921
4.741935	2.472857
4.762463	2.584793
4.782991	2.696729
4.803519	2.808665
4.824047	2.920602
4.844575	3.032538
4.865103	3.144474
4.885630	3.256410
4.906158	3.368346
4.926686	3.480282
4.947214	3.516445
4.967742	3.552607
4.988270	3.588770
5.008798	3.624933
5.029326	3.661095
5.049853	3.697258
5.070381	3.733420
5.090909	3.769583
5.111437	3.805745
5.131965	3.841908
5.152493	3.690887
5.173021	3.539867
5.193548	3.388846
5.214076	3.237825
5.234604	3.086804
5.255132	2.935783
5.275660	2.784763
5.296188	2.633742
5.316716	2.482721
5.337243	2.331700
5.357771	2.293583
5.378299	2.255467
5.398827	2.217350
5.419355	2.179233
5.439883	2.141116
5.460411	2.102999
5.480938	2.064882
5.501466	2.026766
5.521994	1.988649
5.542522	1.950532
5.563050	1.856929
5.583578	1.763326
5.604106	1.669722
5.624633	1.576119
5.645161	1.482516
5.665689	1.388913
5.686217	1.295310
5.706745	1.201706
5.727273	1.108103
5.747801	1.014500
5.768328	1.162649
5.788856	1.310798
5.809384	1.458946
5.829912	1.607095
5.850440	1.755244
5.870968	1.903393
5.891496	2.051541
5.912023	2.199690
5.932551	2.347839
5.953079	2.495988
5.973607	2.258869
5.994135	2.021750
6.014663	1.784631
6.035191	1.547512
6.055718	1.310394
6.076246	1.073275
6.096774	0.836156
6.117302	0.599037
6.137830	0.361918
6.158358	0.124799
6.178886	0.265772
6.199413	0.406745
6.219941	0.547718
6.240469	0.688691
6.260997	0.829664
6.281525	0.970637
6.302053	1.111610
6.322581	1.252583
6.343109	1.393556
6.363636	1.534529
6.384164	1.633275
6.404692	1.732021
6.425220	1.830767
6.445748	1.929513
6.466276	2.028259
6.486804	2.127005
6.507331	2.225751
6.527859	2.324497
6.548387	2.423243
6.568915	2.521989
6.589443	2.465795
6.609971	2.409601
6.630499	2.353406
6.651026	2.297212
6.671554	2.241018
6.692082	2.184824
6.712610	2.128629
6.733138	2.072435
6.753666	2.016241
6.774194	1.960046
6.794721	1.773842
6.815249	1.587638
6.835777	1.401433
6.856305	1.215229
6.876833	1.029024
6.897361	0.842820
6.917889	0.656616
6.938416	0.470411
6.958944	0.284207
6.979472	0.098002
