0.000000	0.000000
0.020528	0.000000
0.041056	0.000000
0.061584	0.000000
0.082111	0.000000
0.102639	0.000000
0.123167	0.000000
0.143695	0.000000
0.164223	0.000000
0.184751	0.000000
0.205279	0.000000
0.225806	0.000000
0.246334	0.000000
0.266862	0.000000
0.287390	0.000000
0.307918	0.000000
0.328446	0.000000
0.348974	0.000000
0.369501	0.000000
0.390029	0.000000
0.410557	0.000000
0.431085	0.000000
0.451613	0.000000
0.472141	0.000000
0.492669	0.000000
0.513196	0.000000
0.533724	0.000000
0.554252	0.000000
0.574780	0.000000
0.595308	0.000000
0.615836	0.000000
0.636364	0.000000
0.656891	0.000000
0.677419	0.000000
0.697947	0.000000
0.718475	0.000000
0.739003	0.000000
0.759531	0.000000
0.780059	0.000000
0.800587	0.000000
0.821114	0.000000
0.841642	0.000000
0.862170	0.000000
0.882698	0.000000
0.903226	0.000000
0.923754	0.000000
0.944282	0.000000
0.964809	0.000000
0.985337	0.000000
1.005865	0.000000
1.026393	0.000000
1.046921	0.000000
1.067449	0.000000
1.087977	0.000000
1.108504	0.000000
1.129032	0.000000
1.149560	0.000000
1.170088	0.000000
1.190616	0.000000
1.211144	0.000000
1.231672	0.000000
1.252199	0.000000
1.272727	0.000000
1.293255	0.000000
1.313783	0.000000
1.334311	0.000000
1.354839	0.000000
1.375367	0.000000
1.395894	0.000000
1.416422	0.000000
1.436950	0.000000
1.457478	0.000000
1.478006	0.000000
1.498534	0.000000
1.519062	0.000000
1.539589	0.000000
1.560117	0.000000
1.580645	0.000000
1.601173	0.000000
1.621701	0.000000
1.642229	0.000000
1.662757	0.000000
1.683284	0.000000
1.703812	0.000000
1.724340	0.000000
1.744868	0.000000
1.765396	0.000000
1.785924	0.000000
1.806452	0.000000
1.826979	0.000000
1.847507	0.000000
1.868035	0.000000
1.888563	0.000000
1.909091	0.000000
1.929619	0.000000
1.950147	0.000000
1.970674	0.000000
1.991202	0.000000
2.011730	0.000000
2.032258	0.000000
2.052786	0.000000
2.073314	0.000000
2.093842	0.000000
2.114370	0.000000
2.134897	0.000000
2.155425	0.000000
2.175953	0.000000
2.196481	0.000000
2.217009	0.000000
2.237537	0.000000
2.258065	0.000000
2.278592	0.000000
2.299120	0.000000
2.319648	0.000000
2.340176	0.000000
2.360704	0.000000
2.381232	0.000000
2.401760	0.000000
2.422287	0.000000
2.442815	0.000000
2.463343	0.000000
2.483871	0.000000
2.504399	0.000000
2.524927	0.000000
2.545455	0.000000
2.565982	0.000000
2.586510	0.000000
2.607038	0.000000
2.627566	0.000000
2.648094	0.000000
2.668622	0.000000
2.689150	10.000000
2.709677	20.000000
2.730205	30.000000
2.750733	40.000000
2.771261	50.000000
2.791789	60.000000
2.812317	70.000000
2.832845	80.000000
2.853372	90.000000
2.873900	100.000000
2.894428	94.820000
2.914956	89.640000
2.935484	84.460000
2.956012	79.280000
2.976540	74.100000
2.997067	68.920000
3.017595	63.740000
3.038123	58.560000
3.058651	53.380000
3.079179	48.200000
3.099707	46.981000
3.120235	45.762000
3.140762	44.543000
3.161290	43.324000
3.181818	42.105000
3.202346	40.886000
3.222874	39.667000
3.243402	38.448000
3.263930	37.229000
3.284457	36.010000
3.304985	33.549050
3.325513	31.088100
3.346041	28.627150
3.366569	26.166200
3.387097	23.705250
3.407625	21.244300
3.428152	18.783350
3.448680	16.322400
3.469208	13.861450
3.489736	11.400500
3.510264	11.917452
3.530792	12.434405
3.551320	12.951357
3.571848	13.468310
3.592375	13.985262
3.612903	14.502215
3.633431	15.019167
3.653959	15.536120
3.674487	16.053072
3.695015	16.570025
3.715543	15.715873
3.736070	14.861720
3.756598	14.007568
3.777126	13.153415
3.797654	12.299263
3.818182	11.445111
3.838710	10.590958
3.859238	9.736806
3.879765	8.882654
3.900293	8.028501
3.920821	7.265794
3.941349	6.503086
3.961877	5.740378
3.982405	4.977671
4.002933	4.214963
4.023460	3.452256
4.043988	2.689548
4.064516	1.926840
4.085044	1.164133
4.105572	0.401425
4.126100	1.323290
4.146628	2.245154
4.167155	3.167019
4.187683	4.088884
4.208211	5.010748
4.228739	5.932613
4.249267	6.854477
4.269795	7.776342
4.290323	8.698207
4.310850	9.620071
4.331378	9.226164
4.351906	8.832258
4.372434	8.438351
4.392962	8.044444
4.413490	7.650537
4.434018	7.256631
4.454545	6.862724
4.475073	6.468817
4.495601	6.074910
4.516129	5.681004
4.536657	6.261308
4.557185	6.841613
4.577713	7.421918
4.598240	8.002222
4.618768	8.582527
4.639296	9.162832
4.659824	9.743136
4.680352	10.323441
4.700880	10.903746
4.721408	11.484050
4.741935	12.273065
4.762463	13.062081
4.782991	13.851096
4.803519	14.640111
4.824047	15.429126
4.844575	16.218142
4.865103	17.007157
4.885630	17.796172
4.906158	18.585187
4.926686	19.374203
4.947214	18.813653
4.967742	18.253104
4.988270	17.692555
5.008798	17.132006
5.029326	16.571456
5.049853	16.010907
5.070381	15.450358
5.090909	14.889809
5.111437	14.329259
5.131965	13.768710
5.152493	12.500683
5.173021	11.232655
5.193548	9.964628
5.214076	8.696600
5.234604	7.428573
5.255132	6.160545
5.275660	4.892518
5.296188	3.624490
5.316716	2.356463
5.337243	1.088436
5.357771	0.985034
5.378299	0.881633
5.398827	0.778231
5.419355	0.674830
5.439883	0.571429
5.460411	0.468027
5.480938	0.364626
5.501466	0.261225
5.521994	0.157823
5.542522	0.054422
5.563050	0.049252
5.583578	0.044082
5.604106	0.038912
5.624633	0.033742
5.645161	0.028571
5.665689	0.023401
5.686217	0.018231
5.706745	0.013061
5.727273	0.007891
5.747801	0.002721
5.768328	0.002463
5.788856	0.002204
5.809384	0.001946
5.829912	0.001687
5.850440	0.001429
5.870968	0.001170
5.891496	0.000912
5.912023	0.000653
5.932551	0.000395
5.953079	0.000136
5.973607	0.000123
5.994135	0.000110
6.014663	0.000097
6.035191	0.000084
6.055718	0.000071
6.076246	0.000059
6.096774	0.000046
6.117302	0.000033
6.137830	0.000020
6.158358	0.000007
6.178886	0.040006
6.199413	0.080006
6.219941	0.120005
6.240469	0.160004
6.260997	0.200004
6.281525	0.240003
6.302053	0.280002
6.322581	0.320002
6.343109	0.360001
6.363636	0.400000
6.384164	0.482000
6.404692	0.564000
6.425220	0.646000
6.445748	0.728000
6.466276	0.810000
6.486804	0.892000
6.507331	0.974000
6.527859	1.056000
6.548387	1.138000
6.568915	1.220000
6.589443	1.144100
6.609971	1.068200
6.630499	0.992300
6.651026	0.916400
6.671554	0.840500
6.692082	0.764600
6.712610	0.688700
6.733138	0.612800
6.753666	0.536900
6.774194	0.461000
6.794721	0.497205
6.815249	0.533410
6.835777	0.569615
6.856305	0.605820
6.876833	0.642025
6.897361	0.678230
6.917889	0.714435
6.938416	0.750640
6.958944	0.786845
6.979472	0.823050
