0.000000	0.000000
0.020528	0.001671
0.041056	0.003342
0.061584	0.005013
0.082111	0.006684
0.102639	0.008355
0.123167	0.010026
0.143695	0.011697
0.164223	0.013368
0.184751	0.015040
0.205279	0.016711
0.225806	0.017212
0.246334	0.017713
0.266862	0.018215
0.287390	0.018716
0.307918	0.019217
0.328446	0.019718
0.348974	0.020220
0.369501	0.020721
0.390029	0.021222
0.410557	0.021724
0.431085	0.021331
0.451613	0.020938
0.472141	0.020546
0.492669	0.020153
0.513196	0.019760
0.533724	0.019368
0.554252	0.018975
0.574780	0.018582
0.595308	0.018189
0.615836	0.017797
0.636364	0.021119
0.656891	0.024442
0.677419	0.027764
0.697947	0.031087
0.718475	0.034409
0.739003	0.037732
0.759531	0.041054
0.780059	0.044377
0.800587	0.047699
0.821114	0.051022
0.841642	0.059543
0.862170	0.068064
0.882698	0.076586
0.903226	0.085107
0.923754	0.093629
0.944282	0.102150
0.964809	0.110672
0.985337	0.119193
1.005865	0.127714
1.026393	0.136236
1.046921	0.132066
1.067449	0.127897
1.087977	0.123728
1.108504	0.119558
1.129032	0.115389
1.149560	0.111220
1.170088	0.107050
1.190616	0.102881
1.211144	0.098712
1.231672	0.094542
1.252199	0.096005
1.272727	0.097468
1.293255	0.098930
1.313783	0.100393
1.334311	0.101855
1.354839	0.103318
1.375367	0.104781
1.395894	0.106243
1.416422	0.107706
1.436950	0.109168
1.457478	1.076785
1.478006	2.044401
1.498534	3.012017
1.519062	3.979633
1.539589	4.947250
1.560117	5.914866
1.580645	6.882482
1.601173	7.850098
1.621701	8.817715
1.642229	9.785331
1.662757	15.807330
1.683284	21.829328
1.703812	27.851327
1.724340	33.873326
1.744868	39.895325
1.765396	45.917323
1.785924	51.939322
1.806452	57.961321
1.826979	63.983320
1.847507	70.005318
1.868035	67.959416
1.888563	65.913514
1.909091	63.867611
1.929619	61.821709
1.950147	59.775807
1.970674	57.729904
1.991202	55.684002
2.011730	53.638100
2.032258	51.592197
2.052786	49.546295
2.073314	45.468968
2.093842	41.391642
2.114370	37.314315
2.134897	33.236989
2.155425	29.159662
2.175953	25.082336
2.196481	21.005009
2.217009	16.927682
2.237537	12.850356
2.258065	8.773029
2.278592	8.775957
2.299120	8.778884
2.319648	8.781811
2.340176	8.784738
2.360704	8.787665
2.381232	8.790593
2.401760	8.793520
2.422287	8.796447
2.442815	8.799374
2.463343	8.802301
2.483871	10.536589
2.504399	12.270877
2.524927	14.005165
2.545455	15.739453
2.565982	17.473740
2.586510	19.208028
2.607038	20.942316
2.627566	22.676604
2.648094	24.410891
2.668622	26.145179
2.689150	33.530661
2.709677	40.916143
2.730205	48.301625
2.750733	55.687108
2.771261	63.072590
2.791789	70.458072
2.812317	77.843554
2.832845	85.229036
2.853372	92.614518
2.873900	100.000000
2.894428	97.310401
2.914956	94.620801
2.935484	91.931202
2.956012	89.241603
2.976540	86.552004
2.997067	83.862404
3.017595	81.172805
3.038123	78.483206
3.058651	75.793606
3.079179	73.104007
3.099707	72.454005
3.120235	71.804004
3.140762	71.154002
3.161290	70.504001
3.181818	69.853999
3.202346	69.203997
3.222874	68.553996
3.243402	67.903994
3.263930	67.253992
3.284457	66.603991
3.304985	63.818003
3.325513	61.032016
3.346041	58.246028
3.366569	55.460041
3.387097	52.674053
3.407625	49.888066
3.428152	47.102078
3.448680	44.316091
3.469208	41.530104
3.489736	38.744116
3.510264	37.003525
3.530792	35.262933
3.551320	33.522341
3.571848	31.781750
3.592375	30.041158
3.612903	28.300567
3.633431	26.559975
3.653959	24.819383
3.674487	23.078792
3.695015	21.338200
3.715543	21.061088
3.736070	20.783975
3.756598	20.506863
3.777126	20.229750
3.797654	19.952637
3.818182	19.675525
3.838710	19.398412
3.859238	19.121300
3.879765	18.844187
3.900293	18.567075
3.920821	17.738578
3.941349	16.910081
3.961877	16.081584
3.982405	15.253087
4.002933	14.424590
4.023460	13.596094
4.043988	12.767597
4.064516	11.939100
4.085044	11.110603
4.105572	10.282106
4.126100	9.639518
4.146628	8.996930
4.167155	8.354341
4.187683	7.711753
4.208211	7.069165
4.228739	6.426576
4.249267	5.783988
4.269795	5.141400
4.290323	4.498811
4.310850	3.856223
4.331378	3.629415
4.351906	3.402608
4.372434	3.175800
4.392962	2.948992
4.413490	2.722184
4.434018	2.495377
4.454545	2.268569
4.475073	2.041761
4.495601	1.814953
4.516129	1.588145
4.536657	1.489910
4.557185	1.391674
4.577713	1.293439
4.598240	1.195204
4.618768	1.096968
4.639296	0.998733
4.659824	0.900497
4.680352	0.802262
4.700880	0.704026
4.721408	0.605791
4.741935	0.578738
4.762463	0.551684
4.782991	0.524631
4.803519	0.497578
4.824047	0.470524
4.844575	0.443471
4.865103	0.416418
4.885630	0.389364
4.906158	0.362311
4.926686	0.335258
4.947214	0.321372
4.967742	0.307487
4.988270	0.293601
5.008798	0.279715
5.029326	0.265830
5.049853	0.251944
5.070381	0.238059
5.090909	0.224173
5.111437	0.210287
5.131965	0.196402
5.152493	0.197796
5.173021	0.199191
5.193548	0.200585
5.214076	0.201980
5.234604	0.203374
5.255132	0.204769
5.275660	0.206164
5.296188	0.207558
5.316716	0.208953
5.337243	0.210347
5.357771	0.194542
5.378299	0.178736
5.398827	0.162931
5.419355	0.147126
5.439883	0.131320
5.460411	0.115515
5.480938	0.099710
5.501466	0.083904
5.521994	0.068099
5.542522	0.052294
5.563050	0.052757
5.583578	0.053220
5.604106	0.053683
5.624633	0.054146
5.645161	0.054609
5.665689	0.055072
5.686217	0.055535
5.706745	0.055998
5.727273	0.056461
5.747801	0.056924
5.768328	0.055276
5.788856	0.053628
5.809384	0.051980
5.829912	0.050332
5.850440	0.048685
5.870968	0.047037
5.891496	0.045389
5.912023	0.043741
5.932551	0.042093
5.953079	0.040445
5.973607	0.036603
5.994135	0.032760
6.014663	0.028918
6.035191	0.025076
6.055718	0.021234
6.076246	0.017391
6.096774	0.013549
6.117302	0.009707
6.137830	0.005865
6.158358	0.002022
6.178886	0.002666
6.199413	0.003309
6.219941	0.003952
6.240469	0.004596
6.260997	0.005239
6.281525	0.005883
6.302053	0.006526
6.322581	0.007170
6.343109	0.007813
6.363636	0.008456
6.384164	0.007653
6.404692	0.006850
6.425220	0.006046
6.445748	0.005243
6.466276	0.004440
6.486804	0.003636
6.507331	0.002833
6.527859	0.002030
6.548387	0.001226
6.568915	0.000423
6.589443	0.004143
6.609971	0.007862
6.630499	0.011582
6.651026	0.015302
6.671554	0.019021
6.692082	0.022741
6.712610	0.026461
6.733138	0.030181
6.753666	0.033900
6.774194	0.037620
6.794721	0.037388
6.815249	0.037156
6.835777	0.036925
6.856305	0.036693
6.876833	0.036461
6.897361	0.036229
6.917889	0.035998
6.938416	0.035766
6.958944	0.035534
6.979472	0.035302
