0.000000	0.000000
0.020528	0.000000
0.041056	0.000000
0.061584	0.000000
0.082111	0.000000
0.102639	0.000000
0.123167	0.000000
0.143695	0.000000
0.164223	0.000000
0.184751	0.000000
0.205279	0.000000
0.225806	0.000000
0.246334	0.000000
0.266862	0.000000
0.287390	0.000000
0.307918	0.000000
0.328446	0.000000
0.348974	0.000000
0.369501	0.000000
0.390029	0.000000
0.410557	0.000000
0.431085	0.000000
0.451613	0.000000
0.472141	0.000000
0.492669	0.000000
0.513196	0.000000
0.533724	0.000000
0.554252	0.000000
0.574780	0.000000
0.595308	0.000000
0.615836	0.000000
0.636364	0.000000
0.656891	0.000000
0.677419	0.000000
0.697947	0.000000
0.718475	0.000000
0.739003	0.000000
0.759531	0.000000
0.780059	0.000000
0.800587	0.000000
0.821114	0.000000
0.841642	0.000000
0.862170	0.000000
0.882698	0.000000
0.903226	0.000000
0.923754	0.000000
0.944282	0.000000
0.964809	0.000000
0.985337	0.000000
1.005865	0.000000
1.026393	0.000000
1.046921	0.000000
1.067449	0.000000
1.087977	0.000000
1.108504	0.000000
1.129032	0.000000
1.149560	0.000000
1.170088	0.000000
1.190616	0.000000
1.211144	0.000000
1.231672	0.000000
1.252199	0.000000
1.272727	0.000000
1.293255	0.000000
1.313783	0.000000
1.334311	0.000000
1.354839	0.000000
1.375367	0.000000
1.395894	0.000000
1.416422	0.000000
1.436950	0.000000
1.457478	0.000000
1.478006	0.000000
1.498534	0.000000
1.519062	0.000000
1.539589	0.000000
1.560117	0.000000
1.580645	0.000000
1.601173	0.000000
1.621701	0.000000
1.642229	0.000000
1.662757	0.000000
1.683284	0.000000
1.703812	0.000000
1.724340	0.000000
1.744868	0.000000
1.765396	0.000000
1.785924	0.000000
1.806452	0.000000
1.826979	0.000000
1.847507	0.000000
1.868035	0.000000
1.888563	0.000000
1.909091	0.000000
1.929619	0.000000
1.950147	0.000000
1.970674	0.000000
1.991202	0.000000
2.011730	0.000000
2.032258	0.000000
2.052786	0.000000
2.073314	0.000000
2.093842	0.000000
2.114370	0.000000
2.134897	0.000000
2.155425	0.000000
2.175953	0.000000
2.196481	0.000000
2.217009	0.000000
2.237537	0.000000
2.258065	0.000000
2.278592	0.000000
2.299120	0.000000
2.319648	0.000000
2.340176	0.000000
2.360704	0.000000
2.381232	0.000000
2.401760	0.000000
2.422287	0.000000
2.442815	0.000000
2.463343	0.000000
2.483871	0.288785
2.504399	0.577570
2.524927	0.866355
2.545455	1.155141
2.565982	1.443926
2.586510	1.732711
2.607038	2.021496
2.627566	2.310281
2.648094	2.599066
2.668622	2.887852
2.689150	3.094814
2.709677	3.301777
2.730205	3.508740
2.750733	3.715702
2.771261	3.922665
2.791789	4.129628
2.812317	4.336590
2.832845	4.543553
2.853372	4.750516
2.873900	4.957478
2.894428	7.274097
2.914956	9.590715
2.935484	11.907334
2.956012	14.223952
2.976540	16.540571
2.997067	18.857189
3.017595	21.173808
3.038123	23.490426
3.058651	25.807045
3.079179	28.123663
3.099707	34.632877
3.120235	41.142090
3.140762	47.651303
3.161290	54.160517
3.181818	60.669730
3.202346	67.178943
3.222874	73.688157
3.243402	80.197370
3.263930	86.706584
3.284457	93.215797
3.304985	93.894217
3.325513	94.572638
3.346041	95.251058
3.366569	95.929478
3.387097	96.607898
3.407625	97.286319
3.428152	97.964739
3.448680	98.643159
3.469208	99.321580
3.489736	100.000000
3.510264	95.541707
3.530792	91.083415
3.551320	86.625122
3.571848	82.166830
3.592375	77.708537
3.612903	73.250245
3.633431	68.791952
3.653959	64.333660
3.674487	59.875367
3.695015	55.417075
3.715543	52.326363
3.736070	49.235652
3.756598	46.144940
3.777126	43.054228
3.797654	39.963517
3.818182	36.872805
3.838710	33.782093
3.859238	30.691382
3.879765	27.600670
3.900293	24.509958
3.920821	23.079955
3.941349	21.649952
3.961877	20.219948
3.982405	18.789945
4.002933	17.359942
4.023460	15.929938
4.043988	14.499935
4.064516	13.069932
4.085044	11.639928
4.105572	10.209925
4.126100	10.078261
4.146628	9.946597
4.167155	9.814934
4.187683	9.683270
4.208211	9.551606
4.228739	9.419943
4.249267	9.288279
4.269795	9.156615
4.290323	9.024951
4.310850	8.893288
4.331378	8.565832
4.351906	8.238376
4.372434	7.910921
4.392962	7.583465
4.413490	7.256010
4.434018	6.928554
4.454545	6.601098
4.475073	6.273643
4.495601	5.946187
4.516129	5.618732
4.536657	6.155864
4.557185	6.692996
4.577713	7.230128
4.598240	7.767260
4.618768	8.304392
4.639296	8.841524
4.659824	9.378656
4.680352	9.915789
4.700880	10.452921
4.721408	10.990053
4.741935	10.170608
4.762463	9.351164
4.782991	8.531720
4.803519	7.712275
4.824047	6.892831
4.844575	6.073387
4.865103	5.253942
4.885630	4.434498
4.906158	3.615054
4.926686	2.795609
4.947214	2.602223
4.967742	2.408836
4.988270	2.215450
5.008798	2.022063
5.029326	1.828676
5.049853	1.635290
5.070381	1.441903
5.090909	1.248517
5.111437	1.055130
5.131965	0.861743
5.152493	0.783889
5.173021	0.706034
5.193548	0.628179
5.214076	0.550325
5.234604	0.472470
5.255132	0.394615
5.275660	0.316760
5.296188	0.238906
5.316716	0.161051
5.337243	0.083196
5.357771	0.075293
5.378299	0.067389
5.398827	0.059485
5.419355	0.051582
5.439883	0.043678
5.460411	0.035774
5.480938	0.027871
5.501466	0.019967
5.521994	0.012063
5.542522	0.004160
5.563050	0.003765
5.583578	0.003369
5.604106	0.002974
5.624633	0.002579
5.645161	0.002184
5.665689	0.001789
5.686217	0.001394
5.706745	0.000998
5.727273	0.000603
5.747801	0.000208
5.768328	0.012221
5.788856	0.024234
5.809384	0.036247
5.829912	0.048260
5.850440	0.060273
5.870968	0.072286
5.891496	0.084299
5.912023	0.096312
5.932551	0.108325
5.953079	0.120338
5.973607	0.108905
5.994135	0.097473
6.014663	0.086041
6.035191	0.074609
6.055718	0.063177
6.076246	0.051745
6.096774	0.040313
6.117302	0.028881
6.137830	0.017449
6.158358	0.006017
6.178886	0.005445
6.199413	0.004874
6.219941	0.004302
6.240469	0.003730
6.260997	0.003159
6.281525	0.002587
6.302053	0.002016
6.322581	0.001444
6.343109	0.000872
6.363636	0.000301
6.384164	0.000272
6.404692	0.000244
6.425220	0.000215
6.445748	0.000187
6.466276	0.000158
6.486804	0.000129
6.507331	0.000101
6.527859	0.000072
6.548387	0.000044
6.568915	0.000015
6.589443	0.000014
6.609971	0.000012
6.630499	0.000011
6.651026	0.000009
6.671554	0.000008
6.692082	0.000006
6.712610	0.000005
6.733138	0.000004
6.753666	0.000002
6.774194	0.000001
6.794721	0.004012
6.815249	0.008022
6.835777	0.012033
6.856305	0.016044
6.876833	0.020055
6.897361	0.024066
6.917889	0.028077
6.938416	0.032087
6.958944	0.036098
6.979472	0.040109
