0.000000	0.000000
0.020528	0.000000
0.041056	0.000000
0.061584	0.000000
0.082111	0.000000
0.102639	0.000000
0.123167	0.000000
0.143695	0.000000
0.164223	0.000000
0.184751	0.000000
0.205279	0.000000
0.225806	0.000000
0.246334	0.000000
0.266862	0.000000
0.287390	0.000000
0.307918	0.000000
0.328446	0.000000
0.348974	0.000000
0.369501	0.000000
0.390029	0.000000
0.410557	0.000000
0.431085	0.000000
0.451613	0.000000
0.472141	0.000000
0.492669	0.000000
0.513196	0.000000
0.533724	0.000000
0.554252	0.000000
0.574780	0.000000
0.595308	0.000000
0.615836	0.000000
0.636364	0.000000
0.656891	0.000000
0.677419	0.000000
0.697947	0.000000
0.718475	0.000000
0.739003	0.000000
0.759531	0.000000
0.780059	0.000000
0.800587	0.000000
0.821114	0.000000
0.841642	0.000000
0.862170	0.000000
0.882698	0.000000
0.903226	0.000000
0.923754	0.000000
0.944282	0.000000
0.964809	0.000000
0.985337	0.000000
1.005865	0.000000
1.026393	0.000000
1.046921	0.000000
1.067449	0.000000
1.087977	0.000000
1.108504	0.000000
1.129032	0.000000
1.149560	0.000000
1.170088	0.000000
1.190616	0.000000
1.211144	0.000000
1.231672	0.000000
1.252199	0.000000
1.272727	0.000000
1.293255	0.000000
1.313783	0.000000
1.334311	0.000000
1.354839	0.000000
1.375367	0.000000
1.395894	0.000000
1.416422	0.000000
1.436950	0.000000
1.457478	0.000000
1.478006	0.000000
1.498534	0.000000
1.519062	0.000000
1.539589	0.000000
1.560117	0.000000
1.580645	0.000000
1.601173	0.000000
1.621701	0.000000
1.642229	0.000000
1.662757	0.000000
1.683284	0.000000
1.703812	0.000000
1.724340	0.000000
1.744868	0.000000
1.765396	0.000000
1.785924	0.000000
1.806452	0.000000
1.826979	0.000000
1.847507	0.000000
1.868035	0.000000
1.888563	0.000000
1.909091	0.000000
1.929619	0.000000
1.950147	0.000000
1.970674	0.000000
1.991202	0.000000
2.011730	0.000000
2.032258	0.000000
2.052786	0.000000
2.073314	0.000000
2.093842	0.000000
2.114370	0.000000
2.134897	0.000000
2.155425	0.000000
2.175953	0.000000
2.196481	0.000000
2.217009	0.000000
2.237537	0.000000
2.258065	0.000000
2.278592	0.000000
2.299120	0.000000
2.319648	0.000000
2.340176	0.000000
2.360704	0.000000
2.381232	0.000000
2.401760	0.000000
2.422287	0.000000
2.442815	0.000000
2.463343	0.000000
2.483871	0.000000
2.504399	0.000000
2.524927	0.000000
2.545455	0.000000
2.565982	0.000000
2.586510	0.000000
2.607038	0.000000
2.627566	0.000000
2.648094	0.000000
2.668622	0.000000
2.689150	0.467632
2.709677	0.935265
2.730205	1.402897
2.750733	1.870530
2.771261	2.338162
2.791789	2.805794
2.812317	3.273427
2.832845	3.741059
2.853372	4.208692
2.873900	4.676324
2.894428	10.183758
2.914956	15.691193
2.935484	21.198627
2.956012	26.706061
2.976540	32.213495
2.997067	37.720930
3.017595	43.228364
3.038123	48.735798
3.058651	54.243233
3.079179	59.750667
3.099707	63.775600
3.120235	67.800534
3.140762	71.825467
3.161290	75.850400
3.181818	79.875333
3.202346	83.900267
3.222874	87.925200
3.243402	91.950133
3.263930	95.975067
3.284457	100.000000
3.304985	95.788497
3.325513	91.576995
3.346041	87.365492
3.366569	83.153989
3.387097	78.942487
3.407625	74.730984
3.428152	70.519481
3.448680	66.307978
3.469208	62.096476
3.489736	57.884973
3.510264	55.110922
3.530792	52.336871
3.551320	49.562820
3.571848	46.788769
3.592375	44.014718
3.612903	41.240668
3.633431	38.466617
3.653959	35.692566
3.674487	32.918515
3.695015	30.144464
3.715543	28.985472
3.736070	27.826481
3.756598	26.667490
3.777126	25.508498
3.797654	24.349507
3.818182	23.190515
3.838710	22.031524
3.859238	20.872533
3.879765	19.713541
3.900293	18.554550
3.920821	17.212737
3.941349	15.870924
3.961877	14.529111
3.982405	13.187297
4.002933	11.845484
4.023460	10.503671
4.043988	9.161858
4.064516	7.820045
4.085044	6.478232
4.105572	5.136419
4.126100	4.750488
4.146628	4.364557
4.167155	3.978626
4.187683	3.592695
4.208211	3.206764
4.228739	2.820834
4.249267	2.434903
4.269795	2.048972
4.290323	1.663041
4.310850	1.277110
4.331378	1.313079
4.351906	1.349048
4.372434	1.385017
4.392962	1.420986
4.413490	1.456955
4.434018	1.492924
4.454545	1.528894
4.475073	1.564863
4.495601	1.600832
4.516129	1.636801
4.536657	1.553575
4.557185	1.470350
4.577713	1.387124
4.598240	1.303898
4.618768	1.220673
4.639296	1.137447
4.659824	1.054222
4.680352	0.970996
4.700880	0.887770
4.721408	0.804545
4.741935	0.779127
4.762463	0.753710
4.782991	0.728293
4.803519	0.702875
4.824047	0.677458
4.844575	0.652041
4.865103	0.626624
4.885630	0.601206
4.906158	0.575789
4.926686	0.550372
4.947214	0.498086
4.967742	0.445801
4.988270	0.393516
5.008798	0.341230
5.029326	0.288945
5.049853	0.236660
5.070381	0.184375
5.090909	0.132089
5.111437	0.079804
5.131965	0.027519
5.152493	0.024904
5.173021	0.022290
5.193548	0.019676
5.214076	0.017062
5.234604	0.014447
5.255132	0.011833
5.275660	0.009219
5.296188	0.006604
5.316716	0.003990
5.337243	0.001376
5.357771	0.005496
5.378299	0.009617
5.398827	0.013737
5.419355	0.017858
5.439883	0.021978
5.460411	0.026099
5.480938	0.030219
5.501466	0.034340
5.521994	0.038460
5.542522	0.042581
5.563050	0.098053
5.583578	0.153524
5.604106	0.208996
5.624633	0.264468
5.645161	0.319939
5.665689	0.375411
5.686217	0.430883
5.706745	0.486354
5.727273	0.541826
5.747801	0.597298
5.768328	0.625578
5.788856	0.653859
5.809384	0.682140
5.829912	0.710421
5.850440	0.738702
5.870968	0.766982
5.891496	0.795263
5.912023	0.823544
5.932551	0.851825
5.953079	0.880106
5.973607	1.051568
5.994135	1.223030
6.014663	1.394492
6.035191	1.565954
6.055718	1.737417
6.076246	1.908879
6.096774	2.080341
6.117302	2.251803
6.137830	2.423265
6.158358	2.594727
6.178886	2.424750
6.199413	2.254773
6.219941	2.084795
6.240469	1.914818
6.260997	1.744840
6.281525	1.574863
6.302053	1.404885
6.322581	1.234908
6.343109	1.064930
6.363636	0.894953
6.384164	0.941720
6.404692	0.988487
6.425220	1.035253
6.445748	1.082020
6.466276	1.128787
6.486804	1.175554
6.507331	1.222320
6.527859	1.269087
6.548387	1.315854
6.568915	1.362621
6.589443	1.301191
6.609971	1.239761
6.630499	1.178332
6.651026	1.116902
6.671554	1.055472
6.692082	0.994042
6.712610	0.932613
6.733138	0.871183
6.753666	0.809753
6.774194	0.748324
6.794721	0.685735
6.815249	0.623147
6.835777	0.560559
6.856305	0.497970
6.876833	0.435382
6.897361	0.372794
6.917889	0.310205
6.938416	0.247617
6.958944	0.185029
6.979472	0.122440
