0.000000	0.000000
0.020528	0.000000
0.041056	0.000000
0.061584	0.000000
0.082111	0.000000
0.102639	0.000000
0.123167	0.000000
0.143695	0.000000
0.164223	0.000000
0.184751	0.000000
0.205279	0.000000
0.225806	0.000000
0.246334	0.000000
0.266862	0.000000
0.287390	0.000000
0.307918	0.000000
0.328446	0.000000
0.348974	0.000000
0.369501	0.000000
0.390029	0.000000
0.410557	0.000000
0.431085	0.000000
0.451613	0.000000
0.472141	0.000000
0.492669	0.000000
0.513196	0.000000
0.533724	0.000000
0.554252	0.000000
0.574780	0.000000
0.595308	0.000000
0.615836	0.000000
0.636364	0.000000
0.656891	0.000000
0.677419	0.000000
0.697947	0.000000
0.718475	0.000000
0.739003	0.000000
0.759531	0.000000
0.780059	0.000000
0.800587	0.000000
0.821114	0.000000
0.841642	0.000000
0.862170	0.000000
0.882698	0.000000
0.903226	0.000000
0.923754	0.000000
0.944282	0.000000
0.964809	0.000000
0.985337	0.000000
1.005865	0.000000
1.026393	0.000000
1.046921	0.000000
1.067449	0.000000
1.087977	0.000000
1.108504	0.000000
1.129032	0.000000
1.149560	0.000000
1.170088	0.000000
1.190616	0.000000
1.211144	0.000000
1.231672	0.000000
1.252199	0.000000
1.272727	0.000000
1.293255	0.000000
1.313783	0.000000
1.334311	0.000000
1.354839	0.000000
1.375367	0.000000
1.395894	0.000000
1.416422	0.000000
1.436950	0.000000
1.457478	0.000000
1.478006	0.000000
1.498534	0.000000
1.519062	0.000000
1.539589	0.000000
1.560117	0.000000
1.580645	0.000000
1.601173	0.000000
1.621701	0.000000
1.642229	0.000000
1.662757	0.000000
1.683284	0.000000
1.703812	0.000000
1.724340	0.000000
1.744868	0.000000
1.765396	0.000000
1.785924	0.000000
1.806452	0.000000
1.826979	0.000000
1.847507	0.000000
1.868035	0.000000
1.888563	0.000000
1.909091	0.000000
1.929619	0.000000
1.950147	0.000000
1.970674	0.000000
1.991202	0.000000
2.011730	0.000000
2.032258	0.000000
2.052786	0.000000
2.073314	0.000000
2.093842	0.000000
2.114370	0.000000
2.134897	0.000000
2.155425	0.000000
2.175953	0.000000
2.196481	0.000000
2.217009	0.000000
2.237537	0.000000
2.258065	0.000000
2.278592	0.000000
2.299120	0.000000
2.319648	0.000000
2.340176	0.000000
2.360704	0.000000
2.381232	0.000000
2.401760	0.000000
2.422287	0.000000
2.442815	0.000000
2.463343	0.000000
2.483871	0.000000
2.504399	0.000000
2.524927	0.000000
2.545455	0.000000
2.565982	0.000000
2.586510	0.000000
2.607038	0.000000
2.627566	0.000000
2.648094	0.000000
2.668622	0.000000
2.689150	0.451173
2.709677	0.902346
2.730205	1.353519
2.750733	1.804692
2.771261	2.255865
2.791789	2.707038
2.812317	3.158211
2.832845	3.609384
2.853372	4.060557
2.873900	4.511730
2.894428	8.601291
2.914956	12.690852
2.935484	16.780413
2.956012	20.869974
2.976540	24.959535
2.997067	29.049096
3.017595	33.138658
3.038123	37.228219
3.058651	41.317780
3.079179	45.407341
3.099707	48.537998
3.120235	51.668655
3.140762	54.799313
3.161290	57.929970
3.181818	61.060627
3.202346	64.191284
3.222874	67.321942
3.243402	70.452599
3.263930	73.583256
3.284457	76.713914
3.304985	79.042522
3.325513	81.371131
3.346041	83.699740
3.366569	86.028348
3.387097	88.356957
3.407625	90.685565
3.428152	93.014174
3.448680	95.342783
3.469208	97.671391
3.489736	100.000000
3.510264	94.251181
3.530792	88.502363
3.551320	82.753544
3.571848	77.004725
3.592375	71.255907
3.612903	65.507088
3.633431	59.758269
3.653959	54.009450
3.674487	48.260632
3.695015	42.511813
3.715543	40.729056
3.736070	38.946299
3.756598	37.163541
3.777126	35.380784
3.797654	33.598027
3.818182	31.815270
3.838710	30.032513
3.859238	28.249756
3.879765	26.466998
3.900293	24.684241
3.920821	23.808773
3.941349	22.933305
3.961877	22.057837
3.982405	21.182369
4.002933	20.306901
4.023460	19.431433
4.043988	18.555965
4.064516	17.680497
4.085044	16.805029
4.105572	15.929562
4.126100	14.686957
4.146628	13.444352
4.167155	12.201748
4.187683	10.959143
4.208211	9.716539
4.228739	8.473934
4.249267	7.231330
4.269795	5.988725
4.290323	4.746121
4.310850	3.503516
4.331378	3.376933
4.351906	3.250349
4.372434	3.123766
4.392962	2.997182
4.413490	2.870599
4.434018	2.744015
4.454545	2.617432
4.475073	2.490848
4.495601	2.364265
4.516129	2.237681
4.536657	2.102445
4.557185	1.967209
4.577713	1.831974
4.598240	1.696738
4.618768	1.561502
4.639296	1.426266
4.659824	1.291031
4.680352	1.155795
4.700880	1.020559
4.721408	0.885323
4.741935	0.878562
4.762463	0.871800
4.782991	0.865038
4.803519	0.858276
4.824047	0.851515
4.844575	0.844753
4.865103	0.837991
4.885630	0.831229
4.906158	0.824467
4.926686	0.817706
4.947214	0.740024
4.967742	0.662342
4.988270	0.584660
5.008798	0.506977
5.029326	0.429295
5.049853	0.351613
5.070381	0.273931
5.090909	0.196249
5.111437	0.118567
5.131965	0.040885
5.152493	0.037001
5.173021	0.033117
5.193548	0.029233
5.214076	0.025349
5.234604	0.021465
5.255132	0.017581
5.275660	0.013697
5.296188	0.009812
5.316716	0.005928
5.337243	0.002044
5.357771	0.001850
5.378299	0.001656
5.398827	0.001462
5.419355	0.001267
5.439883	0.001073
5.460411	0.000879
5.480938	0.000685
5.501466	0.000491
5.521994	0.000296
5.542522	0.000102
5.563050	0.000093
5.583578	0.000083
5.604106	0.000073
5.624633	0.000063
5.645161	0.000054
5.665689	0.000044
5.686217	0.000034
5.706745	0.000025
5.727273	0.000015
5.747801	0.000005
5.768328	0.135357
5.788856	0.270708
5.809384	0.406059
5.829912	0.541411
5.850440	0.676762
5.870968	0.812114
5.891496	0.947465
5.912023	1.082816
5.932551	1.218168
5.953079	1.353519
5.973607	1.405404
5.994135	1.457289
6.014663	1.509174
6.035191	1.561059
6.055718	1.612944
6.076246	1.664829
6.096774	1.716713
6.117302	1.768598
6.137830	1.820483
6.158358	1.872368
6.178886	1.810509
6.199413	1.748650
6.219941	1.686791
6.240469	1.624932
6.260997	1.563073
6.281525	1.501214
6.302053	1.439355
6.322581	1.377496
6.343109	1.315637
6.363636	1.253778
6.384164	1.231349
6.404692	1.208920
6.425220	1.186491
6.445748	1.164062
6.466276	1.141633
6.486804	1.119204
6.507331	1.096775
6.527859	1.074346
6.548387	1.051917
6.568915	1.029488
6.589443	0.976804
6.609971	0.924120
6.630499	0.871436
6.651026	0.818752
6.671554	0.766068
6.692082	0.713384
6.712610	0.660700
6.733138	0.608016
6.753666	0.555331
6.774194	0.502647
6.794721	0.525795
6.815249	0.548942
6.835777	0.572089
6.856305	0.595236
6.876833	0.618383
6.897361	0.641530
6.917889	0.664677
6.938416	0.687824
6.958944	0.710971
6.979472	0.734119
