0.000000	0.000000
0.020528	0.000000
0.041056	0.000000
0.061584	0.000000
0.082111	0.000000
0.102639	0.000000
0.123167	0.000000
0.143695	0.000000
0.164223	0.000000
0.184751	0.000000
0.205279	0.000000
0.225806	0.000000
0.246334	0.000000
0.266862	0.000000
0.287390	0.000000
0.307918	0.000000
0.328446	0.000000
0.348974	0.000000
0.369501	0.000000
0.390029	0.000000
0.410557	0.000000
0.431085	0.000000
0.451613	0.000000
0.472141	0.000000
0.492669	0.000000
0.513196	0.000000
0.533724	0.000000
0.554252	0.000000
0.574780	0.000000
0.595308	0.000000
0.615836	0.000000
0.636364	0.000000
0.656891	0.000000
0.677419	0.000000
0.697947	0.000000
0.718475	0.000000
0.739003	0.000000
0.759531	0.000000
0.780059	0.000000
0.800587	0.000000
0.821114	0.000000
0.841642	0.000000
0.862170	0.000000
0.882698	0.000000
0.903226	0.000000
0.923754	0.000000
0.944282	0.000000
0.964809	0.000000
0.985337	0.000000
1.005865	0.000000
1.026393	0.000000
1.046921	0.000000
1.067449	0.000000
1.087977	0.000000
1.108504	0.000000
1.129032	0.000000
1.149560	0.000000
1.170088	0.000000
1.190616	0.000000
1.211144	0.000000
1.231672	0.000000
1.252199	0.000000
1.272727	0.000000
1.293255	0.000000
1.313783	0.000000
1.334311	0.000000
1.354839	0.000000
1.375367	0.000000
1.395894	0.000000
1.416422	0.000000
1.436950	0.000000
1.457478	0.000000
1.478006	0.000000
1.498534	0.000000
1.519062	0.000000
1.539589	0.000000
1.560117	0.000000
1.580645	0.000000
1.601173	0.000000
1.621701	0.000000
1.642229	0.000000
1.662757	0.000000
1.683284	0.000000
1.703812	0.000000
1.724340	0.000000
1.744868	0.000000
1.765396	0.000000
1.785924	0.000000
1.806452	0.000000
1.826979	0.000000
1.847507	0.000000
1.868035	0.000000
1.888563	0.000000
1.909091	0.000000
1.929619	0.000000
1.950147	0.000000
1.970674	0.000000
1.991202	0.000000
2.011730	0.000000
2.032258	0.000000
2.052786	0.000000
2.073314	0.000000
2.093842	0.000000
2.114370	0.000000
2.134897	0.000000
2.155425	0.000000
2.175953	0.000000
2.196481	0.000000
2.217009	0.000000
2.237537	0.000000
2.258065	0.000000
2.278592	0.000000
2.299120	0.000000
2.319648	0.000000
2.340176	0.000000
2.360704	0.000000
2.381232	0.000000
2.401760	0.000000
2.422287	0.000000
2.442815	0.000000
2.463343	0.000000
2.483871	0.000000
2.504399	0.000000
2.524927	0.000000
2.545455	0.000000
2.565982	0.000000
2.586510	0.000000
2.607038	0.000000
2.627566	0.000000
2.648094	0.000000
2.668622	0.000000
2.689150	0.506267
2.709677	1.012533
2.730205	1.518800
2.750733	2.025067
2.771261	2.531333
2.791789	3.037600
2.812317	3.543866
2.832845	4.050133
2.853372	4.556400
2.873900	5.062666
2.894428	7.075076
2.914956	9.087486
2.935484	11.099896
2.956012	13.112306
2.976540	15.124716
2.997067	17.137125
3.017595	19.149535
3.038123	21.161945
3.058651	23.174355
3.079179	25.186765
3.099707	29.653935
3.120235	34.121105
3.140762	38.588275
3.161290	43.055446
3.181818	47.522616
3.202346	51.989786
3.222874	56.456956
3.243402	60.924126
3.263930	65.391297
3.284457	69.858467
3.304985	72.872620
3.325513	75.886773
3.346041	78.900927
3.366569	81.915080
3.387097	84.929233
3.407625	87.943387
3.428152	90.957540
3.448680	93.971693
3.469208	96.985847
3.489736	100.000000
3.510264	96.290425
3.530792	92.580849
3.551320	88.871274
3.571848	85.161698
3.592375	81.452123
3.612903	77.742548
3.633431	74.032972
3.653959	70.323397
3.674487	66.613821
3.695015	62.904246
3.715543	59.617884
3.736070	56.331522
3.756598	53.045160
3.777126	49.758798
3.797654	46.472437
3.818182	43.186075
3.838710	39.899713
3.859238	36.613351
3.879765	33.326989
3.900293	30.040627
3.920821	28.901746
3.941349	27.762864
3.961877	26.623983
3.982405	25.485102
4.002933	24.346220
4.023460	23.207339
4.043988	22.068458
4.064516	20.929576
4.085044	19.790695
4.105572	18.651814
4.126100	17.354516
4.146628	16.057219
4.167155	14.759922
4.187683	13.462624
4.208211	12.165327
4.228739	10.868030
4.249267	9.570732
4.269795	8.273435
4.290323	6.976138
4.310850	5.678840
4.331378	5.354514
4.351906	5.030187
4.372434	4.705861
4.392962	4.381534
4.413490	4.057208
4.434018	3.732881
4.454545	3.408555
4.475073	3.084228
4.495601	2.759902
4.516129	2.435575
4.536657	2.356076
4.557185	2.276576
4.577713	2.197076
4.598240	2.117577
4.618768	2.038077
4.639296	1.958577
4.659824	1.879078
4.680352	1.799578
4.700880	1.720078
4.721408	1.640579
4.741935	1.560664
4.762463	1.480749
4.782991	1.400834
4.803519	1.320919
4.824047	1.241004
4.844575	1.161089
4.865103	1.081174
4.885630	1.001259
4.906158	0.921344
4.926686	0.841429
4.947214	0.761493
4.967742	0.681557
4.988270	0.601622
5.008798	0.521686
5.029326	0.441750
5.049853	0.361814
5.070381	0.281879
5.090909	0.201943
5.111437	0.122007
5.131965	0.042071
5.152493	0.063388
5.173021	0.084705
5.193548	0.106021
5.214076	0.127338
5.234604	0.148654
5.255132	0.169971
5.275660	0.191287
5.296188	0.212604
5.316716	0.233920
5.337243	0.255237
5.357771	0.230989
5.378299	0.206742
5.398827	0.182494
5.419355	0.158247
5.439883	0.133999
5.460411	0.109752
5.480938	0.085504
5.501466	0.061257
5.521994	0.037009
5.542522	0.012762
5.563050	0.011549
5.583578	0.010337
5.604106	0.009125
5.624633	0.007912
5.645161	0.006700
5.665689	0.005488
5.686217	0.004275
5.706745	0.003063
5.727273	0.001850
5.747801	0.000638
5.768328	0.013234
5.788856	0.025830
5.809384	0.038426
5.829912	0.051022
5.850440	0.063618
5.870968	0.076214
5.891496	0.088810
5.912023	0.101406
5.932551	0.114003
5.953079	0.126599
5.973607	0.291765
5.994135	0.456931
6.014663	0.622098
6.035191	0.787264
6.055718	0.952431
6.076246	1.117597
6.096774	1.282764
6.117302	1.447930
6.137830	1.613097
6.158358	1.778263
6.178886	1.691596
6.199413	1.604930
6.219941	1.518263
6.240469	1.431596
6.260997	1.344930
6.281525	1.258263
6.302053	1.171596
6.322581	1.084930
6.343109	0.998263
6.363636	0.911596
6.384164	0.983203
6.404692	1.054810
6.425220	1.126416
6.445748	1.198023
6.466276	1.269630
6.486804	1.341236
6.507331	1.412843
6.527859	1.484450
6.548387	1.556056
6.568915	1.627663
6.589443	1.517333
6.609971	1.407004
6.630499	1.296674
6.651026	1.186344
6.671554	1.076015
6.692082	0.965685
6.712610	0.855355
6.733138	0.745026
6.753666	0.634696
6.774194	0.524366
6.794721	0.550492
6.815249	0.576617
6.835777	0.602742
6.856305	0.628867
6.876833	0.654992
6.897361	0.681118
6.917889	0.707243
6.938416	0.733368
6.958944	0.759493
6.979472	0.785618
