0.000000	0.000000
0.020528	0.000000
0.041056	0.000000
0.061584	0.000000
0.082111	0.000000
0.102639	0.000000
0.123167	0.000000
0.143695	0.000000
0.164223	0.000000
0.184751	0.000000
0.205279	0.000000
0.225806	0.000000
0.246334	0.000000
0.266862	0.000000
0.287390	0.000000
0.307918	0.000000
0.328446	0.000000
0.348974	0.000000
0.369501	0.000000
0.390029	0.000000
0.410557	0.000000
0.431085	0.000000
0.451613	0.000000
0.472141	0.000000
0.492669	0.000000
0.513196	0.000000
0.533724	0.000000
0.554252	0.000000
0.574780	0.000000
0.595308	0.000000
0.615836	0.000000
0.636364	0.000000
0.656891	0.000000
0.677419	0.000000
0.697947	0.000000
0.718475	0.000000
0.739003	0.000000
0.759531	0.000000
0.780059	0.000000
0.800587	0.000000
0.821114	0.000000
0.841642	0.000000
0.862170	0.000000
0.882698	0.000000
0.903226	0.000000
0.923754	0.000000
0.944282	0.000000
0.964809	0.000000
0.985337	0.000000
1.005865	0.000000
1.026393	0.000000
1.046921	0.000000
1.067449	0.000000
1.087977	0.000000
1.108504	0.000000
1.129032	0.000000
1.149560	0.000000
1.170088	0.000000
1.190616	0.000000
1.211144	0.000000
1.231672	0.000000
1.252199	0.000000
1.272727	0.000000
1.293255	0.000000
1.313783	0.000000
1.334311	0.000000
1.354839	0.000000
1.375367	0.000000
1.395894	0.000000
1.416422	0.000000
1.436950	0.000000
1.457478	0.000000
1.478006	0.000000
1.498534	0.000000
1.519062	0.000000
1.539589	0.000000
1.560117	0.000000
1.580645	0.000000
1.601173	0.000000
1.621701	0.000000
1.642229	0.000000
1.662757	0.000000
1.683284	0.000000
1.703812	0.000000
1.724340	0.000000
1.744868	0.000000
1.765396	0.000000
1.785924	0.000000
1.806452	0.000000
1.826979	0.000000
1.847507	0.000000
1.868035	0.000000
1.888563	0.000000
1.909091	0.000000
1.929619	0.000000
1.950147	0.000000
1.970674	0.000000
1.991202	0.000000
2.011730	0.000000
2.032258	0.000000
2.052786	0.000000
2.073314	0.000000
2.093842	0.000000
2.114370	0.000000
2.134897	0.000000
2.155425	0.000000
2.175953	0.000000
2.196481	0.000000
2.217009	0.000000
2.237537	0.000000
2.258065	0.000000
2.278592	0.000000
2.299120	0.000000
2.319648	0.000000
2.340176	0.000000
2.360704	0.000000
2.381232	0.000000
2.401760	0.000000
2.422287	0.000000
2.442815	0.000000
2.463343	0.000000
2.483871	0.060428
2.504399	0.120856
2.524927	0.181284
2.545455	0.241712
2.565982	0.302140
2.586510	0.362567
2.607038	0.422995
2.627566	0.483423
2.648094	0.543851
2.668622	0.604279
2.689150	1.030296
2.709677	1.456312
2.730205	1.882329
2.750733	2.308346
2.771261	2.734362
2.791789	3.160379
2.812317	3.586396
2.832845	4.012413
2.853372	4.438429
2.873900	4.864446
2.894428	7.808946
2.914956	10.753447
2.935484	13.697947
2.956012	16.642448
2.976540	19.586948
2.997067	22.531449
3.017595	25.475949
3.038123	28.420450
3.058651	31.364950
3.079179	34.309451
3.099707	38.256080
3.120235	42.202709
3.140762	46.149339
3.161290	50.095968
3.181818	54.042597
3.202346	57.989226
3.222874	61.935856
3.243402	65.882485
3.263930	69.829114
3.284457	73.775743
3.304985	75.294935
3.325513	76.814127
3.346041	78.333319
3.366569	79.852510
3.387097	81.371702
3.407625	82.890894
3.428152	84.410086
3.448680	85.929278
3.469208	87.448469
3.489736	88.967661
3.510264	90.070895
3.530792	91.174129
3.551320	92.277363
3.571848	93.380597
3.592375	94.483831
3.612903	95.587064
3.633431	96.690298
3.653959	97.793532
3.674487	98.896766
3.695015	100.000000
3.715543	94.337172
3.736070	88.674343
3.756598	83.011515
3.777126	77.348687
3.797654	71.685858
3.818182	66.023030
3.838710	60.360202
3.859238	54.697373
3.879765	49.034545
3.900293	43.371717
3.920821	42.567384
3.941349	41.763052
3.961877	40.958720
3.982405	40.154388
4.002933	39.350056
4.023460	38.545724
4.043988	37.741392
4.064516	36.937060
4.085044	36.132728
4.105572	35.328396
4.126100	32.704887
4.146628	30.081377
4.167155	27.457868
4.187683	24.834359
4.208211	22.210849
4.228739	19.587340
4.249267	16.963831
4.269795	14.340321
4.290323	11.716812
4.310850	9.093303
4.331378	8.320081
4.351906	7.546859
4.372434	6.773637
4.392962	6.000415
4.413490	5.227193
4.434018	4.453971
4.454545	3.680749
4.475073	2.907527
4.495601	2.134306
4.516129	1.361084
4.536657	1.465939
4.557185	1.570794
4.577713	1.675649
4.598240	1.780504
4.618768	1.885359
4.639296	1.990215
4.659824	2.095070
4.680352	2.199925
4.700880	2.304780
4.721408	2.409635
4.741935	2.271362
4.762463	2.133088
4.782991	1.994815
4.803519	1.856541
4.824047	1.718268
4.844575	1.579994
4.865103	1.441721
4.885630	1.303447
4.906158	1.165174
4.926686	1.026900
4.947214	1.019987
4.967742	1.013073
4.988270	1.006159
5.008798	0.999246
5.029326	0.992332
5.049853	0.985418
5.070381	0.978505
5.090909	0.971591
5.111437	0.964677
5.131965	0.957764
5.152493	0.866776
5.173021	0.775788
5.193548	0.684801
5.214076	0.593813
5.234604	0.502826
5.255132	0.411838
5.275660	0.320851
5.296188	0.229863
5.316716	0.138876
5.337243	0.047888
5.357771	0.043339
5.378299	0.038789
5.398827	0.034240
5.419355	0.029691
5.439883	0.025141
5.460411	0.020592
5.480938	0.016043
5.501466	0.011493
5.521994	0.006944
5.542522	0.002394
5.563050	0.002167
5.583578	0.001939
5.604106	0.001712
5.624633	0.001485
5.645161	0.001257
5.665689	0.001030
5.686217	0.000802
5.706745	0.000575
5.727273	0.000347
5.747801	0.000120
5.768328	0.030322
5.788856	0.060525
5.809384	0.090727
5.829912	0.120930
5.850440	0.151133
5.870968	0.181335
5.891496	0.211538
5.912023	0.241740
5.932551	0.271943
5.953079	0.302145
5.973607	0.371637
5.994135	0.441129
6.014663	0.510620
6.035191	0.580112
6.055718	0.649603
6.076246	0.719095
6.096774	0.788586
6.117302	0.858078
6.137830	0.927569
6.158358	0.997061
6.178886	1.038303
6.199413	1.079545
6.219941	1.120787
6.240469	1.162029
6.260997	1.203271
6.281525	1.244513
6.302053	1.285755
6.322581	1.326997
6.343109	1.368239
6.363636	1.409481
6.384164	1.373775
6.404692	1.338070
6.425220	1.302365
6.445748	1.266659
6.466276	1.230954
6.486804	1.195249
6.507331	1.159543
6.527859	1.123838
6.548387	1.088133
6.568915	1.052427
6.589443	1.111070
6.609971	1.169713
6.630499	1.228355
6.651026	1.286998
6.671554	1.345641
6.692082	1.404283
6.712610	1.462926
6.733138	1.521568
6.753666	1.580211
6.774194	1.638854
6.794721	1.536037
6.815249	1.433220
6.835777	1.330404
6.856305	1.227587
6.876833	1.124770
6.897361	1.021954
6.917889	0.919137
6.938416	0.816320
6.958944	0.713504
6.979472	0.610687
