0.000000	0.000000
0.020528	0.000000
0.041056	0.000000
0.061584	0.000000
0.082111	0.000000
0.102639	0.000000
0.123167	0.000000
0.143695	0.000000
0.164223	0.000000
0.184751	0.000000
0.205279	0.000000
0.225806	0.000000
0.246334	0.000000
0.266862	0.000000
0.287390	0.000000
0.307918	0.000000
0.328446	0.000000
0.348974	0.000000
0.369501	0.000000
0.390029	0.000000
0.410557	0.000000
0.431085	0.000000
0.451613	0.000000
0.472141	0.000000
0.492669	0.000000
0.513196	0.000000
0.533724	0.000000
0.554252	0.000000
0.574780	0.000000
0.595308	0.000000
0.615836	0.000000
0.636364	0.000000
0.656891	0.000000
0.677419	0.000000
0.697947	0.000000
0.718475	0.000000
0.739003	0.000000
0.759531	0.000000
0.780059	0.000000
0.800587	0.000000
0.821114	0.000000
0.841642	0.000000
0.862170	0.000000
0.882698	0.000000
0.903226	0.000000
0.923754	0.000000
0.944282	0.000000
0.964809	0.000000
0.985337	0.000000
1.005865	0.000000
1.026393	0.000000
1.046921	0.000000
1.067449	0.000000
1.087977	0.000000
1.108504	0.000000
1.129032	0.000000
1.149560	0.000000
1.170088	0.000000
1.190616	0.000000
1.211144	0.000000
1.231672	0.000000
1.252199	0.000000
1.272727	0.000000
1.293255	0.000000
1.313783	0.000000
1.334311	0.000000
1.354839	0.000000
1.375367	0.000000
1.395894	0.000000
1.416422	0.000000
1.436950	0.000000
1.457478	0.000000
1.478006	0.000000
1.498534	0.000000
1.519062	0.000000
1.539589	0.000000
1.560117	0.000000
1.580645	0.000000
1.601173	0.000000
1.621701	0.000000
1.642229	0.000000
1.662757	0.000000
1.683284	0.000000
1.703812	0.000000
1.724340	0.000000
1.744868	0.000000
1.765396	0.000000
1.785924	0.000000
1.806452	0.000000
1.826979	0.000000
1.847507	0.000000
1.868035	0.000000
1.888563	0.000000
1.909091	0.000000
1.929619	0.000000
1.950147	0.000000
1.970674	0.000000
1.991202	0.000000
2.011730	0.000000
2.032258	0.000000
2.052786	0.000000
2.073314	0.000000
2.093842	0.000000
2.114370	0.000000
2.134897	0.000000
2.155425	0.000000
2.175953	0.000000
2.196481	0.000000
2.217009	0.000000
2.237537	0.000000
2.258065	0.000000
2.278592	0.000000
2.299120	0.000000
2.319648	0.000000
2.340176	0.000000
2.360704	0.000000
2.381232	0.000000
2.401760	0.000000
2.422287	0.000000
2.442815	0.000000
2.463343	0.000000
2.483871	0.000000
2.504399	0.000000
2.524927	0.000000
2.545455	0.000000
2.565982	0.000000
2.586510	0.000000
2.607038	0.000000
2.627566	0.000000
2.648094	0.000000
2.668622	0.000000
2.689150	1.130317
2.709677	2.260634
2.730205	3.390951
2.750733	4.521268
2.771261	5.651585
2.791789	6.781902
2.812317	7.912219
2.832845	9.042536
2.853372	10.172853
2.873900	11.303170
2.894428	13.984671
2.914956	16.666172
2.935484	19.347674
2.956012	22.029175
2.976540	24.710676
2.997067	27.392177
3.017595	30.073678
3.038123	32.755179
3.058651	35.436680
3.079179	38.118182
3.099707	41.200190
3.120235	44.282198
3.140762	47.364206
3.161290	50.446214
3.181818	53.528222
3.202346	56.610230
3.222874	59.692238
3.243402	62.774246
3.263930	65.856254
3.284457	68.938262
3.304985	72.044436
3.325513	75.150610
3.346041	78.256784
3.366569	81.362957
3.387097	84.469131
3.407625	87.575305
3.428152	90.681479
3.448680	93.787652
3.469208	96.893826
3.489736	100.000000
3.510264	95.099935
3.530792	90.199870
3.551320	85.299804
3.571848	80.399739
3.592375	75.499674
3.612903	70.599609
3.633431	65.699544
3.653959	60.799478
3.674487	55.899413
3.695015	50.999348
3.715543	47.785710
3.736070	44.572072
3.756598	41.358434
3.777126	38.144796
3.797654	34.931158
3.818182	31.717520
3.838710	28.503882
3.859238	25.290244
3.879765	22.076606
3.900293	18.862967
3.920821	17.874215
3.941349	16.885462
3.961877	15.896709
3.982405	14.907956
4.002933	13.919203
4.023460	12.930450
4.043988	11.941697
4.064516	10.952944
4.085044	9.964191
4.105572	8.975438
4.126100	8.371192
4.146628	7.766947
4.167155	7.162702
4.187683	6.558457
4.208211	5.954211
4.228739	5.349966
4.249267	4.745721
4.269795	4.141476
4.290323	3.537230
4.310850	2.932985
4.331378	2.894492
4.351906	2.855999
4.372434	2.817506
4.392962	2.779013
4.413490	2.740520
4.434018	2.702027
4.454545	2.663534
4.475073	2.625041
4.495601	2.586548
4.516129	2.548055
4.536657	3.125780
4.557185	3.703506
4.577713	4.281231
4.598240	4.858956
4.618768	5.436681
4.639296	6.014406
4.659824	6.592131
4.680352	7.169856
4.700880	7.747581
4.721408	8.325306
4.741935	8.395596
4.762463	8.465886
4.782991	8.536176
4.803519	8.606466
4.824047	8.676755
4.844575	8.747045
4.865103	8.817335
4.885630	8.887625
4.906158	8.957915
4.926686	9.028204
4.947214	8.269894
4.967742	7.511583
4.988270	6.753272
5.008798	5.994961
5.029326	5.236650
5.049853	4.478339
5.070381	3.720028
5.090909	2.961717
5.111437	2.203406
5.131965	1.445096
5.152493	1.307811
5.173021	1.170527
5.193548	1.033243
5.214076	0.895959
5.234604	0.758675
5.255132	0.621391
5.275660	0.484107
5.296188	0.346823
5.316716	0.209539
5.337243	0.072255
5.357771	0.102654
5.378299	0.133053
5.398827	0.163452
5.419355	0.193851
5.439883	0.224250
5.460411	0.254649
5.480938	0.285048
5.501466	0.315447
5.521994	0.345846
5.542522	0.376245
5.563050	0.381905
5.583578	0.387565
5.604106	0.393226
5.624633	0.398886
5.645161	0.404546
5.665689	0.410207
5.686217	0.415867
5.706745	0.421527
5.727273	0.427187
5.747801	0.432848
5.768328	0.511798
5.788856	0.590747
5.809384	0.669697
5.829912	0.748647
5.850440	0.827597
5.870968	0.906546
5.891496	0.985496
5.912023	1.064446
5.932551	1.143396
5.953079	1.222345
5.973607	1.147626
5.994135	1.072907
6.014663	0.998188
6.035191	0.923468
6.055718	0.848749
6.076246	0.774030
6.096774	0.699311
6.117302	0.624591
6.137830	0.549872
6.158358	0.475153
6.178886	0.508680
6.199413	0.542207
6.219941	0.575735
6.240469	0.609262
6.260997	0.642789
6.281525	0.676316
6.302053	0.709843
6.322581	0.743371
6.343109	0.776898
6.363636	0.810425
6.384164	0.791400
6.404692	0.772374
6.425220	0.753349
6.445748	0.734323
6.466276	0.715298
6.486804	0.696273
6.507331	0.677247
6.527859	0.658222
6.548387	0.639196
6.568915	0.620171
6.589443	0.577816
6.609971	0.535461
6.630499	0.493107
6.651026	0.450752
6.671554	0.408397
6.692082	0.366042
6.712610	0.323687
6.733138	0.281332
6.753666	0.238978
6.774194	0.196623
6.794721	0.194505
6.815249	0.192387
6.835777	0.190270
6.856305	0.188152
6.876833	0.186034
6.897361	0.183916
6.917889	0.181799
6.938416	0.179681
6.958944	0.177563
6.979472	0.175445
