0.000000	0.000000
0.020528	0.000000
0.041056	0.000000
0.061584	0.000000
0.082111	0.000000
0.102639	0.000000
0.123167	0.000000
0.143695	0.000000
0.164223	0.000000
0.184751	0.000000
0.205279	0.000000
0.225806	0.000000
0.246334	0.000000
0.266862	0.000000
0.287390	0.000000
0.307918	0.000000
0.328446	0.000000
0.348974	0.000000
0.369501	0.000000
0.390029	0.000000
0.410557	0.000000
0.431085	0.000000
0.451613	0.000000
0.472141	0.000000
0.492669	0.000000
0.513196	0.000000
0.533724	0.000000
0.554252	0.000000
0.574780	0.000000
0.595308	0.000000
0.615836	0.000000
0.636364	0.000000
0.656891	0.000000
0.677419	0.000000
0.697947	0.000000
0.718475	0.000000
0.739003	0.000000
0.759531	0.000000
0.780059	0.000000
0.800587	0.000000
0.821114	0.000000
0.841642	0.000000
0.862170	0.000000
0.882698	0.000000
0.903226	0.000000
0.923754	0.000000
0.944282	0.000000
0.964809	0.000000
0.985337	0.000000
1.005865	0.000000
1.026393	0.000000
1.046921	0.000000
1.067449	0.000000
1.087977	0.000000
1.108504	0.000000
1.129032	0.000000
1.149560	0.000000
1.170088	0.000000
1.190616	0.000000
1.211144	0.000000
1.231672	0.000000
1.252199	0.000000
1.272727	0.000000
1.293255	0.000000
1.313783	0.000000
1.334311	0.000000
1.354839	0.000000
1.375367	0.000000
1.395894	0.000000
1.416422	0.000000
1.436950	0.000000
1.457478	0.000000
1.478006	0.000000
1.498534	0.000000
1.519062	0.000000
1.539589	0.000000
1.560117	0.000000
1.580645	0.000000
1.601173	0.000000
1.621701	0.000000
1.642229	0.000000
1.662757	0.000000
1.683284	0.000000
1.703812	0.000000
1.724340	0.000000
1.744868	0.000000
1.765396	0.000000
1.785924	0.000000
1.806452	0.000000
1.826979	0.000000
1.847507	0.000000
1.868035	0.000000
1.888563	0.000000
1.909091	0.000000
1.929619	0.000000
1.950147	0.000000
1.970674	0.000000
1.991202	0.000000
2.011730	0.000000
2.032258	0.000000
2.052786	0.000000
2.073314	0.000000
2.093842	0.000000
2.114370	0.000000
2.134897	0.000000
2.155425	0.000000
2.175953	0.000000
2.196481	0.000000
2.217009	0.000000
2.237537	0.000000
2.258065	0.000000
2.278592	0.000000
2.299120	0.000000
2.319648	0.000000
2.340176	0.000000
2.360704	0.000000
2.381232	0.000000
2.401760	0.000000
2.422287	0.000000
2.442815	0.000000
2.463343	0.000000
2.483871	1.185569
2.504399	2.371139
2.524927	3.556708
2.545455	4.742277
2.565982	5.927847
2.586510	7.113416
2.607038	8.298985
2.627566	9.484555
2.648094	10.670124
2.668622	11.855693
2.689150	18.409322
2.709677	24.962951
2.730205	31.516580
2.750733	38.070208
2.771261	44.623837
2.791789	51.177466
2.812317	57.731095
2.832845	64.284724
2.853372	70.838352
2.873900	77.391981
2.894428	79.652783
2.914956	81.913585
2.935484	84.174387
2.956012	86.435189
2.976540	88.695991
2.997067	90.956792
3.017595	93.217594
3.038123	95.478396
3.058651	97.739198
3.079179	100.000000
3.099707	94.191034
3.120235	88.382067
3.140762	82.573101
3.161290	76.764134
3.181818	70.955168
3.202346	65.146202
3.222874	59.337235
3.243402	53.528269
3.263930	47.719303
3.284457	41.910336
3.304985	40.229910
3.325513	38.549484
3.346041	36.869058
3.366569	35.188632
3.387097	33.508205
3.407625	31.827779
3.428152	30.147353
3.448680	28.466927
3.469208	26.786501
3.489736	25.106075
3.510264	24.344585
3.530792	23.583096
3.551320	22.821606
3.571848	22.060116
3.592375	21.298627
3.612903	20.537137
3.633431	19.775648
3.653959	19.014158
3.674487	18.252669
3.695015	17.491179
3.715543	16.425222
3.736070	15.359265
3.756598	14.293308
3.777126	13.227350
3.797654	12.161393
3.818182	11.095436
3.838710	10.029479
3.859238	8.963521
3.879765	7.897564
3.900293	6.831607
3.920821	6.486297
3.941349	6.140987
3.961877	5.795677
3.982405	5.450367
4.002933	5.105057
4.023460	4.759747
4.043988	4.414437
4.064516	4.069127
4.085044	3.723817
4.105572	3.378507
4.126100	3.226916
4.146628	3.075325
4.167155	2.923733
4.187683	2.772142
4.208211	2.620551
4.228739	2.468960
4.249267	2.317369
4.269795	2.165778
4.290323	2.014187
4.310850	1.862596
4.331378	1.755732
4.351906	1.648868
4.372434	1.542005
4.392962	1.435141
4.413490	1.328277
4.434018	1.221414
4.454545	1.114550
4.475073	1.007686
4.495601	0.900823
4.516129	0.793959
4.536657	0.753574
4.557185	0.713190
4.577713	0.672805
4.598240	0.632420
4.618768	0.592036
4.639296	0.551651
4.659824	0.511266
4.680352	0.470882
4.700880	0.430497
4.721408	0.390113
4.741935	0.353052
4.762463	0.315991
4.782991	0.278930
4.803519	0.241870
4.824047	0.204809
4.844575	0.167748
4.865103	0.130688
4.885630	0.093627
4.906158	0.056566
4.926686	0.019506
4.947214	0.023493
4.967742	0.027480
4.988270	0.031467
5.008798	0.035454
5.029326	0.039442
5.049853	0.043429
5.070381	0.047416
5.090909	0.051403
5.111437	0.055391
5.131965	0.059378
5.152493	0.176382
5.173021	0.293386
5.193548	0.410390
5.214076	0.527395
5.234604	0.644399
5.255132	0.761403
5.275660	0.878407
5.296188	0.995411
5.316716	1.112416
5.337243	1.229420
5.357771	1.235270
5.378299	1.241120
5.398827	1.246971
5.419355	1.252821
5.439883	1.258671
5.460411	1.264521
5.480938	1.270371
5.501466	1.276222
5.521994	1.282072
5.542522	1.287922
5.563050	1.218132
5.583578	1.148341
5.604106	1.078551
5.624633	1.008760
5.645161	0.938970
5.665689	0.869180
5.686217	0.799389
5.706745	0.729599
5.727273	0.659808
5.747801	0.590018
5.768328	0.679972
5.788856	0.769927
5.809384	0.859881
5.829912	0.949835
5.850440	1.039790
5.870968	1.129744
5.891496	1.219699
5.912023	1.309653
5.932551	1.399607
5.953079	1.489562
5.973607	1.418136
5.994135	1.346711
6.014663	1.275285
6.035191	1.203860
6.055718	1.132434
6.076246	1.061009
6.096774	0.989584
6.117302	0.918158
6.137830	0.846733
6.158358	0.775307
6.178886	0.730854
6.199413	0.686401
6.219941	0.641948
6.240469	0.597495
6.260997	0.553042
6.281525	0.508589
6.302053	0.464136
6.322581	0.419683
6.343109	0.375230
6.363636	0.330778
6.384164	0.311034
6.404692	0.291291
6.425220	0.271547
6.445748	0.251804
6.466276	0.232061
6.486804	0.212317
6.507331	0.192574
6.527859	0.172830
6.548387	0.153087
6.568915	0.133344
6.589443	0.126516
6.609971	0.119689
6.630499	0.112862
6.651026	0.106034
6.671554	0.099207
6.692082	0.092379
6.712610	0.085552
6.733138	0.078724
6.753666	0.071897
6.774194	0.065070
6.794721	0.058888
6.815249	0.052706
6.835777	0.046525
6.856305	0.040343
6.876833	0.034162
6.897361	0.027980
6.917889	0.021798
6.938416	0.015617
6.958944	0.009435
6.979472	0.003253
