0.000000	0.000000
0.020528	0.000000
0.041056	0.000000
0.061584	0.000000
0.082111	0.000000
0.102639	0.000000
0.123167	0.000000
0.143695	0.000000
0.164223	0.000000
0.184751	0.000000
0.205279	0.000000
0.225806	0.000000
0.246334	0.000000
0.266862	0.000000
0.287390	0.000000
0.307918	0.000000
0.328446	0.000000
0.348974	0.000000
0.369501	0.000000
0.390029	0.000000
0.410557	0.000000
0.431085	0.000000
0.451613	0.000000
0.472141	0.000000
0.492669	0.000000
0.513196	0.000000
0.533724	0.000000
0.554252	0.000000
0.574780	0.000000
0.595308	0.000000
0.615836	0.000000
0.636364	0.000000
0.656891	0.000000
0.677419	0.000000
0.697947	0.000000
0.718475	0.000000
0.739003	0.000000
0.759531	0.000000
0.780059	0.000000
0.800587	0.000000
0.821114	0.000000
0.841642	0.000000
0.862170	0.000000
0.882698	0.000000
0.903226	0.000000
0.923754	0.000000
0.944282	0.000000
0.964809	0.000000
0.985337	0.000000
1.005865	0.000000
1.026393	0.000000
1.046921	0.000000
1.067449	0.000000
1.087977	0.000000
1.108504	0.000000
1.129032	0.000000
1.149560	0.000000
1.170088	0.000000
1.190616	0.000000
1.211144	0.000000
1.231672	0.000000
1.252199	0.000000
1.272727	0.000000
1.293255	0.000000
1.313783	0.000000
1.334311	0.000000
1.354839	0.000000
1.375367	0.000000
1.395894	0.000000
1.416422	0.000000
1.436950	0.000000
1.457478	0.000000
1.478006	0.000000
1.498534	0.000000
1.519062	0.000000
1.539589	0.000000
1.560117	0.000000
1.580645	0.000000
1.601173	0.000000
1.621701	0.000000
1.642229	0.000000
1.662757	0.000000
1.683284	0.000000
1.703812	0.000000
1.724340	0.000000
1.744868	0.000000
1.765396	0.000000
1.785924	0.000000
1.806452	0.000000
1.826979	0.000000
1.847507	0.000000
1.868035	0.000000
1.888563	0.000000
1.909091	0.000000
1.929619	0.000000
1.950147	0.000000
1.970674	0.000000
1.991202	0.000000
2.011730	0.000000
2.032258	0.000000
2.052786	0.000000
2.073314	0.000000
2.093842	0.000000
2.114370	0.000000
2.134897	0.000000
2.155425	0.000000
2.175953	0.000000
2.196481	0.000000
2.217009	0.000000
2.237537	0.000000
2.258065	0.000000
2.278592	0.000000
2.299120	0.000000
2.319648	0.000000
2.340176	0.000000
2.360704	0.000000
2.381232	0.000000
2.401760	0.000000
2.422287	0.000000
2.442815	0.000000
2.463343	0.000000
2.483871	0.326376
2.504399	0.652752
2.524927	0.979128
2.545455	1.305503
2.565982	1.631879
2.586510	1.958255
2.607038	2.284631
2.627566	2.611007
2.648094	2.937383
2.668622	3.263758
2.689150	6.042184
2.709677	8.820609
2.730205	11.599035
2.750733	14.377460
2.771261	17.155885
2.791789	19.934311
2.812317	22.712736
2.832845	25.491162
2.853372	28.269587
2.873900	31.048012
2.894428	36.832027
2.914956	42.616041
2.935484	48.400056
2.956012	54.184070
2.976540	59.968085
2.997067	65.752099
3.017595	71.536114
3.038123	77.320128
3.058651	83.104142
3.079179	88.888157
3.099707	89.999341
3.120235	91.110526
3.140762	92.221710
3.161290	93.332894
3.181818	94.444078
3.202346	95.555263
3.222874	96.666447
3.243402	97.777631
3.263930	98.888816
3.284457	100.000000
3.304985	94.845634
3.325513	89.691268
3.346041	84.536901
3.366569	79.382535
3.387097	74.228169
3.407625	69.073803
3.428152	63.919437
3.448680	58.765071
3.469208	53.610704
3.489736	48.456338
3.510264	46.034869
3.530792	43.613400
3.551320	41.191931
3.571848	38.770461
3.592375	36.348992
3.612903	33.927523
3.633431	31.506054
3.653959	29.084584
3.674487	26.663115
3.695015	24.241646
3.715543	23.751889
3.736070	23.262131
3.756598	22.772374
3.777126	22.282617
3.797654	21.792860
3.818182	21.303102
3.838710	20.813345
3.859238	20.323588
3.879765	19.833830
3.900293	19.344073
3.920821	17.772322
3.941349	16.200571
3.961877	14.628820
3.982405	13.057069
4.002933	11.485318
4.023460	9.913567
4.043988	8.341816
4.064516	6.770065
4.085044	5.198313
4.105572	3.626562
4.126100	3.487535
4.146628	3.348507
4.167155	3.209480
4.187683	3.070452
4.208211	2.931425
4.228739	2.792397
4.249267	2.653370
4.269795	2.514342
4.290323	2.375315
4.310850	2.236287
4.331378	2.096368
4.351906	1.956448
4.372434	1.816529
4.392962	1.676610
4.413490	1.536691
4.434018	1.396771
4.454545	1.256852
4.475073	1.116933
4.495601	0.977013
4.516129	0.837094
4.536657	0.757570
4.557185	0.678046
4.577713	0.598522
4.598240	0.518998
4.618768	0.439474
4.639296	0.359950
4.659824	0.280426
4.680352	0.200903
4.700880	0.121379
4.721408	0.041855
4.741935	0.037879
4.762463	0.033902
4.782991	0.029926
4.803519	0.025950
4.824047	0.021974
4.844575	0.017998
4.865103	0.014021
4.885630	0.010045
4.906158	0.006069
4.926686	0.002093
4.947214	0.122774
4.967742	0.243455
4.988270	0.364136
5.008798	0.484817
5.029326	0.605498
5.049853	0.726180
5.070381	0.846861
5.090909	0.967542
5.111437	1.088223
5.131965	1.208904
5.152493	1.094058
5.173021	0.979212
5.193548	0.864366
5.214076	0.749520
5.234604	0.634675
5.255132	0.519829
5.275660	0.404983
5.296188	0.290137
5.316716	0.175291
5.337243	0.060445
5.357771	0.133275
5.378299	0.206105
5.398827	0.278934
5.419355	0.351764
5.439883	0.424594
5.460411	0.497423
5.480938	0.570253
5.501466	0.643083
5.521994	0.715912
5.542522	0.788742
5.563050	0.991835
5.583578	1.194929
5.604106	1.398022
5.624633	1.601115
5.645161	1.804209
5.665689	2.007302
5.686217	2.210396
5.706745	2.413489
5.727273	2.616582
5.747801	2.819676
5.768328	2.654554
5.788856	2.489433
5.809384	2.324312
5.829912	2.159191
5.850440	1.994069
5.870968	1.828948
5.891496	1.663827
5.912023	1.498706
5.932551	1.333585
5.953079	1.168463
5.973607	1.262955
5.994135	1.357447
6.014663	1.451939
6.035191	1.546431
6.055718	1.640923
6.076246	1.735415
6.096774	1.829906
6.117302	1.924398
6.137830	2.018890
6.158358	2.113382
6.178886	1.997227
6.199413	1.881071
6.219941	1.764916
6.240469	1.648761
6.260997	1.532605
6.281525	1.416450
6.302053	1.300295
6.322581	1.184139
6.343109	1.067984
6.363636	0.951829
6.384164	0.879537
6.404692	0.807245
6.425220	0.734953
6.445748	0.662662
6.466276	0.590370
6.486804	0.518078
6.507331	0.445787
6.527859	0.373495
6.548387	0.301203
6.568915	0.228911
6.589443	0.225297
6.609971	0.221682
6.630499	0.218068
6.651026	0.214453
6.671554	0.210838
6.692082	0.207224
6.712610	0.203609
6.733138	0.199995
6.753666	0.196380
6.774194	0.192765
6.794721	0.186541
6.815249	0.180316
6.835777	0.174091
6.856305	0.167867
6.876833	0.161642
6.897361	0.155417
6.917889	0.149192
6.938416	0.142968
6.958944	0.136743
6.979472	0.130518
