0.000000	0.000000
0.020528	0.000000
0.041056	0.000000
0.061584	0.000000
0.082111	0.000000
0.102639	0.000000
0.123167	0.000000
0.143695	0.000000
0.164223	0.000000
0.184751	0.000000
0.205279	0.000000
0.225806	0.000000
0.246334	0.000000
0.266862	0.000000
0.287390	0.000000
0.307918	0.000000
0.328446	0.000000
0.348974	0.000000
0.369501	0.000000
0.390029	0.000000
0.410557	0.000000
0.431085	0.000000
0.451613	0.000000
0.472141	0.000000
0.492669	0.000000
0.513196	0.000000
0.533724	0.000000
0.554252	0.000000
0.574780	0.000000
0.595308	0.000000
0.615836	0.000000
0.636364	0.000000
0.656891	0.000000
0.677419	0.000000
0.697947	0.000000
0.718475	0.000000
0.739003	0.000000
0.759531	0.000000
0.780059	0.000000
0.800587	0.000000
0.821114	0.000000
0.841642	0.000000
0.862170	0.000000
0.882698	0.000000
0.903226	0.000000
0.923754	0.000000
0.944282	0.000000
0.964809	0.000000
0.985337	0.000000
1.005865	0.000000
1.026393	0.000000
1.046921	0.000000
1.067449	0.000000
1.087977	0.000000
1.108504	0.000000
1.129032	0.000000
1.149560	0.000000
1.170088	0.000000
1.190616	0.000000
1.211144	0.000000
1.231672	0.000000
1.252199	0.000000
1.272727	0.000000
1.293255	0.000000
1.313783	0.000000
1.334311	0.000000
1.354839	0.000000
1.375367	0.000000
1.395894	0.000000
1.416422	0.000000
1.436950	0.000000
1.457478	0.000000
1.478006	0.000000
1.498534	0.000000
1.519062	0.000000
1.539589	0.000000
1.560117	0.000000
1.580645	0.000000
1.601173	0.000000
1.621701	0.000000
1.642229	0.000000
1.662757	0.000000
1.683284	0.000000
1.703812	0.000000
1.724340	0.000000
1.744868	0.000000
1.765396	0.000000
1.785924	0.000000
1.806452	0.000000
1.826979	0.000000
1.847507	0.000000
1.868035	0.000000
1.888563	0.000000
1.909091	0.000000
1.929619	0.000000
1.950147	0.000000
1.970674	0.000000
1.991202	0.000000
2.011730	0.000000
2.032258	0.000000
2.052786	0.000000
2.073314	0.000000
2.093842	0.000000
2.114370	0.000000
2.134897	0.000000
2.155425	0.000000
2.175953	0.000000
2.196481	0.000000
2.217009	0.000000
2.237537	0.000000
2.258065	0.000000
2.278592	0.111440
2.299120	0.222880
2.319648	0.334320
2.340176	0.445760
2.360704	0.557200
2.381232	0.668640
2.401760	0.780081
2.422287	0.891521
2.442815	1.002961
2.463343	1.114401
2.483871	1.008533
2.504399	0.902665
2.524927	0.796797
2.545455	0.690928
2.565982	0.585060
2.586510	0.479192
2.607038	0.373324
2.627566	0.267456
2.648094	0.161588
2.668622	0.055720
2.689150	2.897214
2.709677	5.738708
2.730205	8.580202
2.750733	11.421696
2.771261	14.263190
2.791789	17.104684
2.812317	19.946178
2.832845	22.787672
2.853372	25.629166
2.873900	28.470660
2.894428	33.946662
2.914956	39.422664
2.935484	44.898666
2.956012	50.374668
2.976540	55.850670
2.997067	61.326672
3.017595	66.802674
3.038123	72.278676
3.058651	77.754678
3.079179	83.230680
3.099707	84.907612
3.120235	86.584544
3.140762	88.261476
3.161290	89.938408
3.181818	91.615340
3.202346	93.292272
3.222874	94.969204
3.243402	96.646136
3.263930	98.323068
3.284457	100.000000
3.304985	97.044572
3.325513	94.089144
3.346041	91.133715
3.366569	88.178287
3.387097	85.222859
3.407625	82.267431
3.428152	79.312002
3.448680	76.356574
3.469208	73.401146
3.489736	70.445718
3.510264	66.539377
3.530792	62.633035
3.551320	58.726694
3.571848	54.820353
3.592375	50.914011
3.612903	47.007670
3.633431	43.101329
3.653959	39.194988
3.674487	35.288646
3.695015	31.382305
3.715543	29.809183
3.736070	28.236062
3.756598	26.662940
3.777126	25.089818
3.797654	23.516697
3.818182	21.943575
3.838710	20.370454
3.859238	18.797332
3.879765	17.224210
3.900293	15.651089
3.920821	14.483359
3.941349	13.315629
3.961877	12.147900
3.982405	10.980170
4.002933	9.812441
4.023460	8.644711
4.043988	7.476982
4.064516	6.309252
4.085044	5.141523
4.105572	3.973793
4.126100	3.814097
4.146628	3.654402
4.167155	3.494706
4.187683	3.335010
4.208211	3.175315
4.228739	3.015619
4.249267	2.855924
4.269795	2.696228
4.290323	2.536532
4.310850	2.376837
4.331378	2.262477
4.351906	2.148118
4.372434	2.033758
4.392962	1.919399
4.413490	1.805040
4.434018	1.690680
4.454545	1.576321
4.475073	1.461961
4.495601	1.347602
4.516129	1.233243
4.536657	1.176870
4.557185	1.120497
4.577713	1.064125
4.598240	1.007752
4.618768	0.951380
4.639296	0.895007
4.659824	0.838635
4.680352	0.782262
4.700880	0.725890
4.721408	0.669517
4.741935	0.666698
4.762463	0.663880
4.782991	0.661061
4.803519	0.658243
4.824047	0.655424
4.844575	0.652605
4.865103	0.649787
4.885630	0.646968
4.906158	0.644149
4.926686	0.641331
4.947214	0.580404
4.967742	0.519478
4.988270	0.458552
5.008798	0.397625
5.029326	0.336699
5.049853	0.275772
5.070381	0.214846
5.090909	0.153919
5.111437	0.092993
5.131965	0.032067
5.152493	0.029020
5.173021	0.025974
5.193548	0.022928
5.214076	0.019881
5.234604	0.016835
5.255132	0.013789
5.275660	0.010742
5.296188	0.007696
5.316716	0.004650
5.337243	0.001603
5.357771	0.047040
5.378299	0.092477
5.398827	0.137914
5.419355	0.183351
5.439883	0.228787
5.460411	0.274224
5.480938	0.319661
5.501466	0.365098
5.521994	0.410535
5.542522	0.455971
5.563050	0.498767
5.583578	0.541562
5.604106	0.584358
5.624633	0.627153
5.645161	0.669949
5.665689	0.712744
5.686217	0.755540
5.706745	0.798335
5.727273	0.841131
5.747801	0.883926
5.768328	0.982310
5.788856	1.080693
5.809384	1.179077
5.829912	1.277460
5.850440	1.375844
5.870968	1.474227
5.891496	1.572611
5.912023	1.670994
5.932551	1.769378
5.953079	1.867761
5.973607	1.796699
5.994135	1.725636
6.014663	1.654573
6.035191	1.583510
6.055718	1.512448
6.076246	1.441385
6.096774	1.370322
6.117302	1.299260
6.137830	1.228197
6.158358	1.157134
6.178886	1.143450
6.199413	1.129766
6.219941	1.116082
6.240469	1.102398
6.260997	1.088714
6.281525	1.075030
6.302053	1.061346
6.322581	1.047662
6.343109	1.033978
6.363636	1.020294
6.384164	0.963889
6.404692	0.907485
6.425220	0.851081
6.445748	0.794677
6.466276	0.738273
6.486804	0.681868
6.507331	0.625464
6.527859	0.569060
6.548387	0.512656
6.568915	0.456251
6.589443	0.428104
6.609971	0.399956
6.630499	0.371809
6.651026	0.343661
6.671554	0.315514
6.692082	0.287366
6.712610	0.259219
6.733138	0.231071
6.753666	0.202924
6.774194	0.174776
6.794721	0.163238
6.815249	0.151700
6.835777	0.140161
6.856305	0.128623
6.876833	0.117085
6.897361	0.105547
6.917889	0.094008
6.938416	0.082470
6.958944	0.070932
6.979472	0.059393
