0.000000	0.000000
0.020528	0.000000
0.041056	0.000000
0.061584	0.000000
0.082111	0.000000
0.102639	0.000000
0.123167	0.000000
0.143695	0.000000
0.164223	0.000000
0.184751	0.000000
0.205279	0.000000
0.225806	0.000000
0.246334	0.000000
0.266862	0.000000
0.287390	0.000000
0.307918	0.000000
0.328446	0.000000
0.348974	0.000000
0.369501	0.000000
0.390029	0.000000
0.410557	0.000000
0.431085	0.000000
0.451613	0.000000
0.472141	0.000000
0.492669	0.000000
0.513196	0.000000
0.533724	0.000000
0.554252	0.000000
0.574780	0.000000
0.595308	0.000000
0.615836	0.000000
0.636364	0.000000
0.656891	0.000000
0.677419	0.000000
0.697947	0.000000
0.718475	0.000000
0.739003	0.000000
0.759531	0.000000
0.780059	0.000000
0.800587	0.000000
0.821114	0.000000
0.841642	0.000000
0.862170	0.000000
0.882698	0.000000
0.903226	0.000000
0.923754	0.000000
0.944282	0.000000
0.964809	0.000000
0.985337	0.000000
1.005865	0.000000
1.026393	0.000000
1.046921	0.000000
1.067449	0.000000
1.087977	0.000000
1.108504	0.000000
1.129032	0.000000
1.149560	0.000000
1.170088	0.000000
1.190616	0.000000
1.211144	0.000000
1.231672	0.000000
1.252199	0.000000
1.272727	0.000000
1.293255	0.000000
1.313783	0.000000
1.334311	0.000000
1.354839	0.000000
1.375367	0.000000
1.395894	0.000000
1.416422	0.000000
1.436950	0.000000
1.457478	0.000000
1.478006	0.000000
1.498534	0.000000
1.519062	0.000000
1.539589	0.000000
1.560117	0.000000
1.580645	0.000000
1.601173	0.000000
1.621701	0.000000
1.642229	0.000000
1.662757	0.000000
1.683284	0.000000
1.703812	0.000000
1.724340	0.000000
1.744868	0.000000
1.765396	0.000000
1.785924	0.000000
1.806452	0.000000
1.826979	0.000000
1.847507	0.000000
1.868035	0.000000
1.888563	0.000000
1.909091	0.000000
1.929619	0.000000
1.950147	0.000000
1.970674	0.000000
1.991202	0.000000
2.011730	0.000000
2.032258	0.000000
2.052786	0.000000
2.073314	0.000000
2.093842	0.000000
2.114370	0.000000
2.134897	0.000000
2.155425	0.000000
2.175953	0.000000
2.196481	0.000000
2.217009	0.000000
2.237537	0.000000
2.258065	0.000000
2.278592	0.000000
2.299120	0.000000
2.319648	0.000000
2.340176	0.000000
2.360704	0.000000
2.381232	0.000000
2.401760	0.000000
2.422287	0.000000
2.442815	0.000000
2.463343	0.000000
2.483871	0.000000
2.504399	0.000000
2.524927	0.000000
2.545455	0.000000
2.565982	0.000000
2.586510	0.000000
2.607038	0.000000
2.627566	0.000000
2.648094	0.000000
2.668622	0.000000
2.689150	0.364217
2.709677	0.728433
2.730205	1.092650
2.750733	1.456866
2.771261	1.821083
2.791789	2.185300
2.812317	2.549516
2.832845	2.913733
2.853372	3.277949
2.873900	3.642166
2.894428	5.933358
2.914956	8.224550
2.935484	10.515743
2.956012	12.806935
2.976540	15.098127
2.997067	17.389319
3.017595	19.680511
3.038123	21.971703
3.058651	24.262896
3.079179	26.554088
3.099707	31.673253
3.120235	36.792419
3.140762	41.911584
3.161290	47.030749
3.181818	52.149915
3.202346	57.269080
3.222874	62.388246
3.243402	67.507411
3.263930	72.626577
3.284457	77.745742
3.304985	79.971168
3.325513	82.196594
3.346041	84.422019
3.366569	86.647445
3.387097	88.872871
3.407625	91.098297
3.428152	93.323723
3.448680	95.549148
3.469208	97.774574
3.489736	100.000000
3.510264	95.410179
3.530792	90.820359
3.551320	86.230538
3.571848	81.640717
3.592375	77.050896
3.612903	72.461076
3.633431	67.871255
3.653959	63.281434
3.674487	58.691614
3.695015	54.101793
3.715543	51.167656
3.736070	48.233520
3.756598	45.299383
3.777126	42.365247
3.797654	39.431110
3.818182	36.496974
3.838710	33.562837
3.859238	30.628701
3.879765	27.694564
3.900293	24.760428
3.920821	23.919012
3.941349	23.077595
3.961877	22.236179
3.982405	21.394763
4.002933	20.553347
4.023460	19.711930
4.043988	18.870514
4.064516	18.029098
4.085044	17.187682
4.105572	16.346265
4.126100	15.157587
4.146628	13.968908
4.167155	12.780230
4.187683	11.591551
4.208211	10.402872
4.228739	9.214194
4.249267	8.025515
4.269795	6.836836
4.290323	5.648158
4.310850	4.459479
4.331378	4.332598
4.351906	4.205716
4.372434	4.078835
4.392962	3.951953
4.413490	3.825072
4.434018	3.698191
4.454545	3.571309
4.475073	3.444428
4.495601	3.317546
4.516129	3.190665
4.536657	2.981978
4.557185	2.773291
4.577713	2.564605
4.598240	2.355918
4.618768	2.147232
4.639296	1.938545
4.659824	1.729858
4.680352	1.521172
4.700880	1.312485
4.721408	1.103798
4.741935	0.998938
4.762463	0.894077
4.782991	0.789216
4.803519	0.684355
4.824047	0.579494
4.844575	0.474633
4.865103	0.369772
4.885630	0.264912
4.906158	0.160051
4.926686	0.055190
4.947214	0.049947
4.967742	0.044704
4.988270	0.039461
5.008798	0.034218
5.029326	0.028975
5.049853	0.023732
5.070381	0.018489
5.090909	0.013246
5.111437	0.008003
5.131965	0.002759
5.152493	0.002497
5.173021	0.002235
5.193548	0.001973
5.214076	0.001711
5.234604	0.001449
5.255132	0.001187
5.275660	0.000924
5.296188	0.000662
5.316716	0.000400
5.337243	0.000138
5.357771	0.000125
5.378299	0.000112
5.398827	0.000099
5.419355	0.000086
5.439883	0.000072
5.460411	0.000059
5.480938	0.000046
5.501466	0.000033
5.521994	0.000020
5.542522	0.000007
5.563050	0.000006
5.583578	0.000006
5.604106	0.000005
5.624633	0.000004
5.645161	0.000004
5.665689	0.000003
5.686217	0.000002
5.706745	0.000002
5.727273	0.000001
5.747801	0.000000
5.768328	0.053958
5.788856	0.107916
5.809384	0.161874
5.829912	0.215832
5.850440	0.269790
5.870968	0.323748
5.891496	0.377706
5.912023	0.431664
5.932551	0.485622
5.953079	0.539580
5.973607	0.717642
5.994135	0.895703
6.014663	1.073764
6.035191	1.251826
6.055718	1.429887
6.076246	1.607949
6.096774	1.786010
6.117302	1.964072
6.137830	2.142133
6.158358	2.320195
6.178886	2.227926
6.199413	2.135658
6.219941	2.043390
6.240469	1.951122
6.260997	1.858854
6.281525	1.766585
6.302053	1.674317
6.322581	1.582049
6.343109	1.489781
6.363636	1.397513
6.384164	1.413133
6.404692	1.428754
6.425220	1.444375
6.445748	1.459996
6.466276	1.475617
6.486804	1.491238
6.507331	1.506858
6.527859	1.522479
6.548387	1.538100
6.568915	1.553721
6.589443	1.473565
6.609971	1.393409
6.630499	1.313253
6.651026	1.233097
6.671554	1.152941
6.692082	1.072785
6.712610	0.992629
6.733138	0.912473
6.753666	0.832317
6.774194	0.752161
6.794721	0.714430
6.815249	0.676698
6.835777	0.638967
6.856305	0.601235
6.876833	0.563503
6.897361	0.525772
6.917889	0.488040
6.938416	0.450309
6.958944	0.412577
6.979472	0.374846
