0.000000	0.000000
0.020528	0.000000
0.041056	0.000000
0.061584	0.000000
0.082111	0.000000
0.102639	0.000000
0.123167	0.000000
0.143695	0.000000
0.164223	0.000000
0.184751	0.000000
0.205279	0.000000
0.225806	0.000000
0.246334	0.000000
0.266862	0.000000
0.287390	0.000000
0.307918	0.000000
0.328446	0.000000
0.348974	0.000000
0.369501	0.000000
0.390029	0.000000
0.410557	0.000000
0.431085	0.000000
0.451613	0.000000
0.472141	0.000000
0.492669	0.000000
0.513196	0.000000
0.533724	0.000000
0.554252	0.000000
0.574780	0.000000
0.595308	0.000000
0.615836	0.000000
0.636364	0.000000
0.656891	0.000000
0.677419	0.000000
0.697947	0.000000
0.718475	0.000000
0.739003	0.000000
0.759531	0.000000
0.780059	0.000000
0.800587	0.000000
0.821114	0.000000
0.841642	0.000000
0.862170	0.000000
0.882698	0.000000
0.903226	0.000000
0.923754	0.000000
0.944282	0.000000
0.964809	0.000000
0.985337	0.000000
1.005865	0.000000
1.026393	0.000000
1.046921	0.000000
1.067449	0.000000
1.087977	0.000000
1.108504	0.000000
1.129032	0.000000
1.149560	0.000000
1.170088	0.000000
1.190616	0.000000
1.211144	0.000000
1.231672	0.000000
1.252199	0.000000
1.272727	0.000000
1.293255	0.000000
1.313783	0.000000
1.334311	0.000000
1.354839	0.000000
1.375367	0.000000
1.395894	0.000000
1.416422	0.000000
1.436950	0.000000
1.457478	0.000000
1.478006	0.000000
1.498534	0.000000
1.519062	0.000000
1.539589	0.000000
1.560117	0.000000
1.580645	0.000000
1.601173	0.000000
1.621701	0.000000
1.642229	0.000000
1.662757	0.000000
1.683284	0.000000
1.703812	0.000000
1.724340	0.000000
1.744868	0.000000
1.765396	0.000000
1.785924	0.000000
1.806452	0.000000
1.826979	0.000000
1.847507	0.000000
1.868035	0.000000
1.888563	0.000000
1.909091	0.000000
1.929619	0.000000
1.950147	0.000000
1.970674	0.000000
1.991202	0.000000
2.011730	0.000000
2.032258	0.000000
2.052786	0.000000
2.073314	0.000000
2.093842	0.000000
2.114370	0.000000
2.134897	0.000000
2.155425	0.000000
2.175953	0.000000
2.196481	0.000000
2.217009	0.000000
2.237537	0.000000
2.258065	0.000000
2.278592	0.000000
2.299120	0.000000
2.319648	0.000000
2.340176	0.000000
2.360704	0.000000
2.381232	0.000000
2.401760	0.000000
2.422287	0.000000
2.442815	0.000000
2.463343	0.000000
2.483871	0.000000
2.504399	0.000000
2.524927	0.000000
2.545455	0.000000
2.565982	0.000000
2.586510	0.000000
2.607038	0.000000
2.627566	0.000000
2.648094	0.000000
2.668622	0.000000
2.689150	10.000000
2.709677	20.000000
2.730205	30.000000
2.750733	40.000000
2.771261	50.000000
2.791789	60.000000
2.812317	70.000000
2.832845	80.000000
2.853372	90.000000
2.873900	100.000000
2.894428	90.500000
2.914956	81.000000
2.935484	71.500000
2.956012	62.000000
2.976540	52.500000
2.997067	43.000000
3.017595	33.500000
3.038123	24.000000
3.058651	14.500000
3.079179	5.000000
3.099707	4.525000
3.120235	4.050000
3.140762	3.575000
3.161290	3.100000
3.181818	2.625000
3.202346	2.150000
3.222874	1.675000
3.243402	1.200000
3.263930	0.725000
3.284457	0.250000
3.304985	0.226250
3.325513	0.202500
3.346041	0.178750
3.366569	0.155000
3.387097	0.131250
3.407625	0.107500
3.428152	0.083750
3.448680	0.060000
3.469208	0.036250
3.489736	0.012500
3.510264	0.011313
3.530792	0.010125
3.551320	0.008938
3.571848	0.007750
3.592375	0.006563
3.612903	0.005375
3.633431	0.004188
3.653959	0.003000
3.674487	0.001813
3.695015	0.000625
3.715543	0.000566
3.736070	0.000506
3.756598	0.000447
3.777126	0.000388
3.797654	0.000328
3.818182	0.000269
3.838710	0.000209
3.859238	0.000150
3.879765	0.000091
3.900293	0.000031
3.920821	0.000028
3.941349	0.000025
3.961877	0.000022
3.982405	0.000019
4.002933	0.000016
4.023460	0.000013
4.043988	0.000010
4.064516	0.000007
4.085044	0.000005
4.105572	0.000002
4.126100	0.000001
4.146628	0.000001
4.167155	0.000001
4.187683	0.000001
4.208211	0.000001
4.228739	0.000001
4.249267	0.000001
4.269795	0.000000
4.290323	0.000000
4.310850	0.000000
4.331378	0.277778
4.351906	0.555556
4.372434	0.833333
4.392962	1.111111
4.413490	1.388889
4.434018	1.666667
4.454545	1.944444
4.475073	2.222222
4.495601	2.500000
4.516129	2.777778
4.536657	2.513889
4.557185	2.250000
4.577713	1.986111
4.598240	1.722222
4.618768	1.458333
4.639296	1.194444
4.659824	0.930556
4.680352	0.666667
4.700880	0.402778
4.721408	0.138889
4.741935	0.125694
4.762463	0.112500
4.782991	0.099306
4.803519	0.086111
4.824047	0.072917
4.844575	0.059722
4.865103	0.046528
4.885630	0.033333
4.906158	0.020139
4.926686	0.006944
4.947214	0.561840
4.967742	1.116736
4.988270	1.671632
5.008798	2.226528
5.029326	2.781424
5.049853	3.336319
5.070381	3.891215
5.090909	4.446111
5.111437	5.001007
5.131965	5.555903
5.152493	5.028092
5.173021	4.500281
5.193548	3.972470
5.214076	3.444660
5.234604	2.916849
5.255132	2.389038
5.275660	1.861227
5.296188	1.333417
5.316716	0.805606
5.337243	0.277795
5.357771	0.251405
5.378299	0.225014
5.398827	0.198624
5.419355	0.172233
5.439883	0.145842
5.460411	0.119452
5.480938	0.093061
5.501466	0.066671
5.521994	0.040280
5.542522	0.013890
5.563050	0.012570
5.583578	0.011251
5.604106	0.009931
5.624633	0.008612
5.645161	0.007292
5.665689	0.005973
5.686217	0.004653
5.706745	0.003334
5.727273	0.002014
5.747801	0.000694
5.768328	0.556184
5.788856	1.111674
5.809384	1.667163
5.829912	2.222653
5.850440	2.778142
5.870968	3.333632
5.891496	3.889122
5.912023	4.444611
5.932551	5.000101
5.953079	5.555590
5.973607	5.861143
5.994135	6.166695
6.014663	6.472247
6.035191	6.777799
6.055718	7.083352
6.076246	7.388904
6.096774	7.694456
6.117302	8.000008
6.137830	8.305561
6.158358	8.611113
6.178886	7.793057
6.199413	6.975001
6.219941	6.156946
6.240469	5.338890
6.260997	4.520834
6.281525	3.702779
6.302053	2.884723
6.322581	2.066667
6.343109	1.248611
6.363636	0.430556
6.384164	0.667431
6.404692	0.904306
6.425220	1.141181
6.445748	1.378056
6.466276	1.614931
6.486804	1.851806
6.507331	2.088681
6.527859	2.325556
6.548387	2.562431
6.568915	2.799306
6.589443	3.366705
6.609971	3.934104
6.630499	4.501503
6.651026	5.068903
6.671554	5.636302
6.692082	6.203701
6.712610	6.771101
6.733138	7.338500
6.753666	7.905899
6.774194	8.473299
6.794721	7.668335
6.815249	6.863372
6.835777	6.058409
6.856305	5.253445
6.876833	4.448482
6.897361	3.643518
6.917889	2.838555
6.938416	2.033592
6.958944	1.228628
6.979472	0.423665
