0.000000	0.000000
0.020528	0.000000
0.041056	0.000000
0.061584	0.000000
0.082111	0.000000
0.102639	0.000000
0.123167	0.000000
0.143695	0.000000
0.164223	0.000000
0.184751	0.000000
0.205279	0.000000
0.225806	0.000000
0.246334	0.000000
0.266862	0.000000
0.287390	0.000000
0.307918	0.000000
0.328446	0.000000
0.348974	0.000000
0.369501	0.000000
0.390029	0.000000
0.410557	0.000000
0.431085	0.000000
0.451613	0.000000
0.472141	0.000000
0.492669	0.000000
0.513196	0.000000
0.533724	0.000000
0.554252	0.000000
0.574780	0.000000
0.595308	0.000000
0.615836	0.000000
0.636364	0.000000
0.656891	0.000000
0.677419	0.000000
0.697947	0.000000
0.718475	0.000000
0.739003	0.000000
0.759531	0.000000
0.780059	0.000000
0.800587	0.000000
0.821114	0.000000
0.841642	0.000000
0.862170	0.000000
0.882698	0.000000
0.903226	0.000000
0.923754	0.000000
0.944282	0.000000
0.964809	0.000000
0.985337	0.000000
1.005865	0.000000
1.026393	0.000000
1.046921	0.000000
1.067449	0.000000
1.087977	0.000000
1.108504	0.000000
1.129032	0.000000
1.149560	0.000000
1.170088	0.000000
1.190616	0.000000
1.211144	0.000000
1.231672	0.000000
1.252199	0.000000
1.272727	0.000000
1.293255	0.000000
1.313783	0.000000
1.334311	0.000000
1.354839	0.000000
1.375367	0.000000
1.395894	0.000000
1.416422	0.000000
1.436950	0.000000
1.457478	0.000000
1.478006	0.000000
1.498534	0.000000
1.519062	0.000000
1.539589	0.000000
1.560117	0.000000
1.580645	0.000000
1.601173	0.000000
1.621701	0.000000
1.642229	0.000000
1.662757	0.000000
1.683284	0.000000
1.703812	0.000000
1.724340	0.000000
1.744868	0.000000
1.765396	0.000000
1.785924	0.000000
1.806452	0.000000
1.826979	0.000000
1.847507	0.000000
1.868035	0.000000
1.888563	0.000000
1.909091	0.000000
1.929619	0.000000
1.950147	0.000000
1.970674	0.000000
1.991202	0.000000
2.011730	0.000000
2.032258	0.000000
2.052786	0.000000
2.073314	0.553405
2.093842	1.106810
2.114370	1.660216
2.134897	2.213621
2.155425	2.767026
2.175953	3.320431
2.196481	3.873836
2.217009	4.427242
2.237537	4.980647
2.258065	5.534052
2.278592	9.615737
2.299120	13.697422
2.319648	17.779108
2.340176	21.860793
2.360704	25.942478
2.381232	30.024163
2.401760	34.105848
2.422287	38.187534
2.442815	42.269219
2.463343	46.350904
2.483871	51.715814
2.504399	57.080723
2.524927	62.445633
2.545455	67.810542
2.565982	73.175452
2.586510	78.540362
2.607038	83.905271
2.627566	89.270181
2.648094	94.635090
2.668622	100.000000
2.689150	96.252840
2.709677	92.505680
2.730205	88.758521
2.750733	85.011361
2.771261	81.264201
2.791789	77.517041
2.812317	73.769882
2.832845	70.022722
2.853372	66.275562
2.873900	62.528402
2.894428	60.661524
2.914956	58.794645
2.935484	56.927767
2.956012	55.060888
2.976540	53.194010
2.997067	51.327131
3.017595	49.460253
3.038123	47.593375
3.058651	45.726496
3.079179	43.859618
3.099707	42.131798
3.120235	40.403978
3.140762	38.676158
3.161290	36.948339
3.181818	35.220519
3.202346	33.492699
3.222874	31.764879
3.243402	30.037059
3.263930	28.309240
3.284457	26.581420
3.304985	26.244066
3.325513	25.906712
3.346041	25.569358
3.366569	25.232005
3.387097	24.894651
3.407625	24.557297
3.428152	24.219943
3.448680	23.882589
3.469208	23.545236
3.489736	23.207882
3.510264	21.756021
3.530792	20.304161
3.551320	18.852301
3.571848	17.400441
3.592375	15.948580
3.612903	14.496720
3.633431	13.044860
3.653959	11.592999
3.674487	10.141139
3.695015	8.689279
3.715543	8.217719
3.736070	7.746160
3.756598	7.274600
3.777126	6.803041
3.797654	6.331481
3.818182	5.859922
3.838710	5.388362
3.859238	4.916802
3.879765	4.445243
3.900293	3.973683
3.920821	3.808537
3.941349	3.643390
3.961877	3.478243
3.982405	3.313096
4.002933	3.147950
4.023460	2.982803
4.043988	2.817656
4.064516	2.652509
4.085044	2.487363
4.105572	2.322216
4.126100	2.127345
4.146628	1.932474
4.167155	1.737604
4.187683	1.542733
4.208211	1.347862
4.228739	1.152991
4.249267	0.958121
4.269795	0.763250
4.290323	0.568379
4.310850	0.373509
4.331378	0.428114
4.351906	0.482720
4.372434	0.537326
4.392962	0.591932
4.413490	0.646538
4.434018	0.701144
4.454545	0.755750
4.475073	0.810356
4.495601	0.864962
4.516129	0.919568
4.536657	0.864383
4.557185	0.809199
4.577713	0.754015
4.598240	0.698831
4.618768	0.643647
4.639296	0.588462
4.659824	0.533278
4.680352	0.478094
4.700880	0.422910
4.721408	0.367726
4.741935	0.487230
4.762463	0.606735
4.782991	0.726240
4.803519	0.845745
4.824047	0.965249
4.844575	1.084754
4.865103	1.204259
4.885630	1.323763
4.906158	1.443268
4.926686	1.562773
4.947214	1.510834
4.967742	1.458894
4.988270	1.406955
5.008798	1.355016
5.029326	1.303077
5.049853	1.251137
5.070381	1.199198
5.090909	1.147259
5.111437	1.095320
5.131965	1.043380
5.152493	1.027913
5.173021	1.012447
5.193548	0.996980
5.214076	0.981513
5.234604	0.966046
5.255132	0.950579
5.275660	0.935112
5.296188	0.919645
5.316716	0.904179
5.337243	0.888712
5.357771	0.913678
5.378299	0.938645
5.398827	0.963611
5.419355	0.988578
5.439883	1.013544
5.460411	1.038510
5.480938	1.063477
5.501466	1.088443
5.521994	1.113410
5.542522	1.138376
5.563050	1.081710
5.583578	1.025044
5.604106	0.968378
5.624633	0.911711
5.645161	0.855045
5.665689	0.798379
5.686217	0.741713
5.706745	0.685047
5.727273	0.628381
5.747801	0.571714
5.768328	0.549576
5.788856	0.527438
5.809384	0.505300
5.829912	0.483162
5.850440	0.461024
5.870968	0.438886
5.891496	0.416747
5.912023	0.394609
5.932551	0.372471
5.953079	0.350333
5.973607	0.323486
5.994135	0.296640
6.014663	0.269793
6.035191	0.242946
6.055718	0.216100
6.076246	0.189253
6.096774	0.162406
6.117302	0.135559
6.137830	0.108713
6.158358	0.081866
6.178886	0.086959
6.199413	0.092051
6.219941	0.097144
6.240469	0.102237
6.260997	0.107329
6.281525	0.112422
6.302053	0.117514
6.322581	0.122607
6.343109	0.127700
6.363636	0.132792
6.384164	0.120177
6.404692	0.107562
6.425220	0.094946
6.445748	0.082331
6.466276	0.069716
6.486804	0.057101
6.507331	0.044485
6.527859	0.031870
6.548387	0.019255
6.568915	0.006640
6.589443	0.006009
6.609971	0.005378
6.630499	0.004747
6.651026	0.004117
6.671554	0.003486
6.692082	0.002855
6.712610	0.002224
6.733138	0.001594
6.753666	0.000963
6.774194	0.000332
6.794721	0.000300
6.815249	0.000269
6.835777	0.000237
6.856305	0.000206
6.876833	0.000174
6.897361	0.000143
6.917889	0.000111
6.938416	0.000080
6.958944	0.000048
6.979472	0.000017
