0.000000	0.000000
0.020528	0.000000
0.041056	0.000000
0.061584	0.000000
0.082111	0.000000
0.102639	0.000000
0.123167	0.000000
0.143695	0.000000
0.164223	0.000000
0.184751	0.000000
0.205279	0.000000
0.225806	0.000000
0.246334	0.000000
0.266862	0.000000
0.287390	0.000000
0.307918	0.000000
0.328446	0.000000
0.348974	0.000000
0.369501	0.000000
0.390029	0.000000
0.410557	0.000000
0.431085	0.000000
0.451613	0.000000
0.472141	0.000000
0.492669	0.000000
0.513196	0.000000
0.533724	0.000000
0.554252	0.000000
0.574780	0.000000
0.595308	0.000000
0.615836	0.000000
0.636364	0.000000
0.656891	0.000000
0.677419	0.000000
0.697947	0.000000
0.718475	0.000000
0.739003	0.000000
0.759531	0.000000
0.780059	0.000000
0.800587	0.000000
0.821114	0.000000
0.841642	0.000000
0.862170	0.000000
0.882698	0.000000
0.903226	0.000000
0.923754	0.000000
0.944282	0.000000
0.964809	0.000000
0.985337	0.000000
1.005865	0.000000
1.026393	0.000000
1.046921	0.000000
1.067449	0.000000
1.087977	0.000000
1.108504	0.000000
1.129032	0.000000
1.149560	0.000000
1.170088	0.000000
1.190616	0.000000
1.211144	0.000000
1.231672	0.000000
1.252199	0.000000
1.272727	0.000000
1.293255	0.000000
1.313783	0.000000
1.334311	0.000000
1.354839	0.000000
1.375367	0.000000
1.395894	0.000000
1.416422	0.000000
1.436950	0.000000
1.457478	0.000000
1.478006	0.000000
1.498534	0.000000
1.519062	0.000000
1.539589	0.000000
1.560117	0.000000
1.580645	0.000000
1.601173	0.000000
1.621701	0.000000
1.642229	0.000000
1.662757	0.000000
1.683284	0.000000
1.703812	0.000000
1.724340	0.000000
1.744868	0.000000
1.765396	0.000000
1.785924	0.000000
1.806452	0.000000
1.826979	0.000000
1.847507	0.000000
1.868035	0.000000
1.888563	0.000000
1.909091	0.000000
1.929619	0.000000
1.950147	0.000000
1.970674	0.000000
1.991202	0.000000
2.011730	0.000000
2.032258	0.000000
2.052786	0.000000
2.073314	0.000000
2.093842	0.000000
2.114370	0.000000
2.134897	0.000000
2.155425	0.000000
2.175953	0.000000
2.196481	0.000000
2.217009	0.000000
2.237537	0.000000
2.258065	0.000000
2.278592	0.204339
2.299120	0.408679
2.319648	0.613018
2.340176	0.817357
2.360704	1.021696
2.381232	1.226036
2.401760	1.430375
2.422287	1.634714
2.442815	1.839054
2.463343	2.043393
2.483871	5.731717
2.504399	9.420041
2.524927	13.108366
2.545455	16.796690
2.565982	20.485014
2.586510	24.173338
2.607038	27.861662
2.627566	31.549986
2.648094	35.238311
2.668622	38.926635
2.689150	45.033971
2.709677	51.141308
2.730205	57.248644
2.750733	63.355981
2.771261	69.463317
2.791789	75.570654
2.812317	81.677990
2.832845	87.785327
2.853372	93.892663
2.873900	100.000000
2.894428	98.445879
2.914956	96.891759
2.935484	95.337638
2.956012	93.783517
2.976540	92.229396
2.997067	90.675276
3.017595	89.121155
3.038123	87.567034
3.058651	86.012914
3.079179	84.458793
3.099707	79.970277
3.120235	75.481762
3.140762	70.993246
3.161290	66.504730
3.181818	62.016215
3.202346	57.527699
3.222874	53.039184
3.243402	48.550668
3.263930	44.062153
3.284457	39.573637
3.304985	37.232840
3.325513	34.892043
3.346041	32.551246
3.366569	30.210449
3.387097	27.869652
3.407625	25.528855
3.428152	23.188058
3.448680	20.847261
3.469208	18.506464
3.489736	16.165667
3.510264	15.657463
3.530792	15.149260
3.551320	14.641056
3.571848	14.132852
3.592375	13.624649
3.612903	13.116445
3.633431	12.608241
3.653959	12.100038
3.674487	11.591834
3.695015	11.083631
3.715543	10.232106
3.736070	9.380581
3.756598	8.529056
3.777126	7.677532
3.797654	6.826007
3.818182	5.974482
3.838710	5.122957
3.859238	4.271433
3.879765	3.419908
3.900293	2.568383
3.920821	2.610462
3.941349	2.652540
3.961877	2.694619
3.982405	2.736698
4.002933	2.778776
4.023460	2.820855
4.043988	2.862933
4.064516	2.905012
4.085044	2.947091
4.105572	2.989169
4.126100	2.769419
4.146628	2.549669
4.167155	2.329919
4.187683	2.110169
4.208211	1.890418
4.228739	1.670668
4.249267	1.450918
4.269795	1.231168
4.290323	1.011418
4.310850	0.791668
4.331378	0.774842
4.351906	0.758016
4.372434	0.741190
4.392962	0.724365
4.413490	0.707539
4.434018	0.690713
4.454545	0.673887
4.475073	0.657061
4.495601	0.640236
4.516129	0.623410
4.536657	0.564186
4.557185	0.504962
4.577713	0.445738
4.598240	0.386514
4.618768	0.327290
4.639296	0.268066
4.659824	0.208842
4.680352	0.149618
4.700880	0.090394
4.721408	0.031170
4.741935	0.028209
4.762463	0.025248
4.782991	0.022287
4.803519	0.019326
4.824047	0.016365
4.844575	0.013403
4.865103	0.010442
4.885630	0.007481
4.906158	0.004520
4.926686	0.001559
4.947214	0.021844
4.967742	0.042130
4.988270	0.062416
5.008798	0.082702
5.029326	0.102988
5.049853	0.123274
5.070381	0.143560
5.090909	0.163845
5.111437	0.184131
5.131965	0.204417
5.152493	0.275491
5.173021	0.346564
5.193548	0.417638
5.214076	0.488711
5.234604	0.559785
5.255132	0.630858
5.275660	0.701932
5.296188	0.773005
5.316716	0.844079
5.337243	0.915152
5.357771	0.886595
5.378299	0.858038
5.398827	0.829482
5.419355	0.800925
5.439883	0.772368
5.460411	0.743811
5.480938	0.715255
5.501466	0.686698
5.521994	0.658141
5.542522	0.629584
5.563050	0.698215
5.583578	0.766847
5.604106	0.835478
5.624633	0.904110
5.645161	0.972741
5.665689	1.041372
5.686217	1.110004
5.706745	1.178635
5.727273	1.247266
5.747801	1.315898
5.768328	1.249270
5.788856	1.182642
5.809384	1.116015
5.829912	1.049387
5.850440	0.982760
5.870968	0.916132
5.891496	0.849504
5.912023	0.782877
5.932551	0.716249
5.953079	0.649621
5.973607	0.596665
5.994135	0.543708
6.014663	0.490752
6.035191	0.437795
6.055718	0.384838
6.076246	0.331882
6.096774	0.278925
6.117302	0.225968
6.137830	0.173012
6.158358	0.120055
6.178886	0.108650
6.199413	0.097245
6.219941	0.085839
6.240469	0.074434
6.260997	0.063029
6.281525	0.051624
6.302053	0.040218
6.322581	0.028813
6.343109	0.017408
6.363636	0.006003
6.384164	0.008352
6.404692	0.010700
6.425220	0.013049
6.445748	0.015398
6.466276	0.017747
6.486804	0.020096
6.507331	0.022445
6.527859	0.024794
6.548387	0.027143
6.568915	0.029491
6.589443	0.026690
6.609971	0.023888
6.630499	0.021086
6.651026	0.018285
6.671554	0.015483
6.692082	0.012681
6.712610	0.009880
6.733138	0.007078
6.753666	0.004276
6.774194	0.001475
6.794721	0.007173
6.815249	0.012871
6.835777	0.018569
6.856305	0.024267
6.876833	0.029965
6.897361	0.035664
6.917889	0.041362
6.938416	0.047060
6.958944	0.052758
6.979472	0.058456
