0.000000	0.000000
0.020528	0.000000
0.041056	0.000000
0.061584	0.000000
0.082111	0.000000
0.102639	0.000000
0.123167	0.000000
0.143695	0.000000
0.164223	0.000000
0.184751	0.000000
0.205279	0.000000
0.225806	0.000000
0.246334	0.000000
0.266862	0.000000
0.287390	0.000000
0.307918	0.000000
0.328446	0.000000
0.348974	0.000000
0.369501	0.000000
0.390029	0.000000
0.410557	0.000000
0.431085	0.000000
0.451613	0.000000
0.472141	0.000000
0.492669	0.000000
0.513196	0.000000
0.533724	0.000000
0.554252	0.000000
0.574780	0.000000
0.595308	0.000000
0.615836	0.000000
0.636364	0.000000
0.656891	0.000000
0.677419	0.000000
0.697947	0.000000
0.718475	0.000000
0.739003	0.000000
0.759531	0.000000
0.780059	0.000000
0.800587	0.000000
0.821114	0.000000
0.841642	0.000000
0.862170	0.000000
0.882698	0.000000
0.903226	0.000000
0.923754	0.000000
0.944282	0.000000
0.964809	0.000000
0.985337	0.000000
1.005865	0.000000
1.026393	0.000000
1.046921	0.000000
1.067449	0.000000
1.087977	0.000000
1.108504	0.000000
1.129032	0.000000
1.149560	0.000000
1.170088	0.000000
1.190616	0.000000
1.211144	0.000000
1.231672	0.000000
1.252199	0.000000
1.272727	0.000000
1.293255	0.000000
1.313783	0.000000
1.334311	0.000000
1.354839	0.000000
1.375367	0.000000
1.395894	0.000000
1.416422	0.000000
1.436950	0.000000
1.457478	0.000000
1.478006	0.000000
1.498534	0.000000
1.519062	0.000000
1.539589	0.000000
1.560117	0.000000
1.580645	0.000000
1.601173	0.000000
1.621701	0.000000
1.642229	0.000000
1.662757	0.000000
1.683284	0.000000
1.703812	0.000000
1.724340	0.000000
1.744868	0.000000
1.765396	0.000000
1.785924	0.000000
1.806452	0.000000
1.826979	0.000000
1.847507	0.000000
1.868035	0.000000
1.888563	0.000000
1.909091	0.000000
1.929619	0.000000
1.950147	0.000000
1.970674	0.000000
1.991202	0.000000
2.011730	0.000000
2.032258	0.000000
2.052786	0.000000
2.073314	0.000000
2.093842	0.000000
2.114370	0.000000
2.134897	0.000000
2.155425	0.000000
2.175953	0.000000
2.196481	0.000000
2.217009	0.000000
2.237537	0.000000
2.258065	0.000000
2.278592	0.211622
2.299120	0.423243
2.319648	0.634865
2.340176	0.846486
2.360704	1.058108
2.381232	1.269729
2.401760	1.481351
2.422287	1.692972
2.442815	1.904594
2.463343	2.116215
2.483871	6.087142
2.504399	10.058069
2.524927	14.028995
2.545455	17.999922
2.565982	21.970849
2.586510	25.941776
2.607038	29.912702
2.627566	33.883629
2.648094	37.854556
2.668622	41.825483
2.689150	45.268892
2.709677	48.712302
2.730205	52.155712
2.750733	55.599121
2.771261	59.042531
2.791789	62.485941
2.812317	65.929350
2.832845	69.372760
2.853372	72.816170
2.873900	76.259579
2.894428	78.633622
2.914956	81.007664
2.935484	83.381706
2.956012	85.755748
2.976540	88.129790
2.997067	90.503832
3.017595	92.877874
3.038123	95.251916
3.058651	97.625958
3.079179	100.000000
3.099707	95.916503
3.120235	91.833007
3.140762	87.749510
3.161290	83.666013
3.181818	79.582516
3.202346	75.499020
3.222874	71.415523
3.243402	67.332026
3.263930	63.248530
3.284457	59.165033
3.304985	55.262520
3.325513	51.360007
3.346041	47.457494
3.366569	43.554981
3.387097	39.652468
3.407625	35.749955
3.428152	31.847443
3.448680	27.944930
3.469208	24.042417
3.489736	20.139904
3.510264	19.728118
3.530792	19.316332
3.551320	18.904547
3.571848	18.492761
3.592375	18.080975
3.612903	17.669189
3.633431	17.257403
3.653959	16.845618
3.674487	16.433832
3.695015	16.022046
3.715543	14.772037
3.736070	13.522027
3.756598	12.272017
3.777126	11.022008
3.797654	9.771998
3.818182	8.521989
3.838710	7.271979
3.859238	6.021970
3.879765	4.771960
3.900293	3.521950
3.920821	3.404025
3.941349	3.286100
3.961877	3.168175
3.982405	3.050250
4.002933	2.932325
4.023460	2.814399
4.043988	2.696474
4.064516	2.578549
4.085044	2.460624
4.105572	2.342699
4.126100	2.225953
4.146628	2.109208
4.167155	1.992462
4.187683	1.875716
4.208211	1.758971
4.228739	1.642225
4.249267	1.525479
4.269795	1.408734
4.290323	1.291988
4.310850	1.175243
4.331378	1.063595
4.351906	0.951946
4.372434	0.840298
4.392962	0.728650
4.413490	0.617002
4.434018	0.505354
4.454545	0.393706
4.475073	0.282058
4.495601	0.170410
4.516129	0.058762
4.536657	0.063257
4.557185	0.067752
4.577713	0.072247
4.598240	0.076741
4.618768	0.081236
4.639296	0.085731
4.659824	0.090226
4.680352	0.094721
4.700880	0.099215
4.721408	0.103710
4.741935	0.114012
4.762463	0.124314
4.782991	0.134616
4.803519	0.144918
4.824047	0.155220
4.844575	0.165522
4.865103	0.175824
4.885630	0.186126
4.906158	0.196428
4.926686	0.206730
4.947214	0.590179
4.967742	0.973628
4.988270	1.357078
5.008798	1.740527
5.029326	2.123976
5.049853	2.507426
5.070381	2.890875
5.090909	3.274324
5.111437	3.657773
5.131965	4.041223
5.152493	3.793349
5.173021	3.545475
5.193548	3.297601
5.214076	3.049728
5.234604	2.801854
5.255132	2.553980
5.275660	2.306106
5.296188	2.058233
5.316716	1.810359
5.337243	1.562485
5.357771	1.524898
5.378299	1.487312
5.398827	1.449725
5.419355	1.412138
5.439883	1.374552
5.460411	1.336965
5.480938	1.299378
5.501466	1.261791
5.521994	1.224205
5.542522	1.186618
5.563050	1.174661
5.583578	1.162705
5.604106	1.150748
5.624633	1.138792
5.645161	1.126835
5.665689	1.114879
5.686217	1.102922
5.706745	1.090966
5.727273	1.079009
5.747801	1.067052
5.768328	1.076532
5.788856	1.086011
5.809384	1.095491
5.829912	1.104970
5.850440	1.114449
5.870968	1.123929
5.891496	1.133408
5.912023	1.142888
5.932551	1.152367
5.953079	1.161846
5.973607	1.066587
5.994135	0.971327
6.014663	0.876068
6.035191	0.780808
6.055718	0.685548
6.076246	0.590289
6.096774	0.495029
6.117302	0.399770
6.137830	0.304510
6.158358	0.209251
6.178886	0.194410
6.199413	0.179570
6.219941	0.164730
6.240469	0.149890
6.260997	0.135050
6.281525	0.120209
6.302053	0.105369
6.322581	0.090529
6.343109	0.075689
6.363636	0.060849
6.384164	0.075222
6.404692	0.089596
6.425220	0.103970
6.445748	0.118344
6.466276	0.132718
6.486804	0.147091
6.507331	0.161465
6.527859	0.175839
6.548387	0.190213
6.568915	0.204587
6.589443	0.205305
6.609971	0.206024
6.630499	0.206743
6.651026	0.207462
6.671554	0.208180
6.692082	0.208899
6.712610	0.209618
6.733138	0.210336
6.753666	0.211055
6.774194	0.211774
6.794721	0.216848
6.815249	0.221923
6.835777	0.226997
6.856305	0.232072
6.876833	0.237146
6.897361	0.242221
6.917889	0.247295
6.938416	0.252370
6.958944	0.257445
6.979472	0.262519
