0.000000	0.000000
0.020528	0.000000
0.041056	0.000000
0.061584	0.000000
0.082111	0.000000
0.102639	0.000000
0.123167	0.000000
0.143695	0.000000
0.164223	0.000000
0.184751	0.000000
0.205279	0.000000
0.225806	0.000000
0.246334	0.000000
0.266862	0.000000
0.287390	0.000000
0.307918	0.000000
0.328446	0.000000
0.348974	0.000000
0.369501	0.000000
0.390029	0.000000
0.410557	0.000000
0.431085	0.000000
0.451613	0.000000
0.472141	0.000000
0.492669	0.000000
0.513196	0.000000
0.533724	0.000000
0.554252	0.000000
0.574780	0.000000
0.595308	0.000000
0.615836	0.000000
0.636364	0.000000
0.656891	0.000000
0.677419	0.000000
0.697947	0.000000
0.718475	0.000000
0.739003	0.000000
0.759531	0.000000
0.780059	0.000000
0.800587	0.000000
0.821114	0.000000
0.841642	0.000000
0.862170	0.000000
0.882698	0.000000
0.903226	0.000000
0.923754	0.000000
0.944282	0.000000
0.964809	0.000000
0.985337	0.000000
1.005865	0.000000
1.026393	0.000000
1.046921	0.000000
1.067449	0.000000
1.087977	0.000000
1.108504	0.000000
1.129032	0.000000
1.149560	0.000000
1.170088	0.000000
1.190616	0.000000
1.211144	0.000000
1.231672	0.000000
1.252199	0.000000
1.272727	0.000000
1.293255	0.000000
1.313783	0.000000
1.334311	0.000000
1.354839	0.000000
1.375367	0.000000
1.395894	0.000000
1.416422	0.000000
1.436950	0.000000
1.457478	0.000000
1.478006	0.000000
1.498534	0.000000
1.519062	0.000000
1.539589	0.000000
1.560117	0.000000
1.580645	0.000000
1.601173	0.000000
1.621701	0.000000
1.642229	0.000000
1.662757	0.000000
1.683284	0.000000
1.703812	0.000000
1.724340	0.000000
1.744868	0.000000
1.765396	0.000000
1.785924	0.000000
1.806452	0.000000
1.826979	0.000000
1.847507	0.000000
1.868035	0.053701
1.888563	0.107401
1.909091	0.161102
1.929619	0.214803
1.950147	0.268503
1.970674	0.322204
1.991202	0.375905
2.011730	0.429605
2.032258	0.483306
2.052786	0.537006
2.073314	2.435324
2.093842	4.333642
2.114370	6.231960
2.134897	8.130278
2.155425	10.028596
2.175953	11.926913
2.196481	13.825231
2.217009	15.723549
2.237537	17.621867
2.258065	19.520185
2.278592	27.568166
2.299120	35.616148
2.319648	43.664129
2.340176	51.712111
2.360704	59.760092
2.381232	67.808074
2.401760	75.856055
2.422287	83.904037
2.442815	91.952018
2.463343	100.000000
2.483871	99.161914
2.504399	98.323828
2.524927	97.485742
2.545455	96.647657
2.565982	95.809571
2.586510	94.971485
2.607038	94.133399
2.627566	93.295313
2.648094	92.457227
2.668622	91.619142
2.689150	86.421975
2.709677	81.224809
2.730205	76.027643
2.750733	70.830476
2.771261	65.633310
2.791789	60.436144
2.812317	55.238978
2.832845	50.041811
2.853372	44.844645
2.873900	39.647479
2.894428	38.447859
2.914956	37.248240
2.935484	36.048620
2.956012	34.849000
2.976540	33.649381
2.997067	32.449761
3.017595	31.250141
3.038123	30.050522
3.058651	28.850902
3.079179	27.651283
3.099707	26.640800
3.120235	25.630318
3.140762	24.619835
3.161290	23.609353
3.181818	22.598871
3.202346	21.588388
3.222874	20.577906
3.243402	19.567423
3.263930	18.556941
3.284457	17.546459
3.304985	16.744125
3.325513	15.941792
3.346041	15.139459
3.366569	14.337126
3.387097	13.534793
3.407625	12.732460
3.428152	11.930126
3.448680	11.127793
3.469208	10.325460
3.489736	9.523127
3.510264	8.924524
3.530792	8.325920
3.551320	7.727317
3.571848	7.128713
3.592375	6.530110
3.612903	5.931507
3.633431	5.332903
3.653959	4.734300
3.674487	4.135697
3.695015	3.537093
3.715543	3.362171
3.736070	3.187249
3.756598	3.012327
3.777126	2.837406
3.797654	2.662484
3.818182	2.487562
3.838710	2.312640
3.859238	2.137718
3.879765	1.962796
3.900293	1.787874
3.920821	1.741537
3.941349	1.695201
3.961877	1.648864
3.982405	1.602528
4.002933	1.556191
4.023460	1.509855
4.043988	1.463518
4.064516	1.417182
4.085044	1.370845
4.105572	1.324509
4.126100	1.273861
4.146628	1.223214
4.167155	1.172566
4.187683	1.121919
4.208211	1.071272
4.228739	1.020624
4.249267	0.969977
4.269795	0.919329
4.290323	0.868682
4.310850	0.818034
4.331378	0.858463
4.351906	0.898891
4.372434	0.939319
4.392962	0.979747
4.413490	1.020175
4.434018	1.060603
4.454545	1.101031
4.475073	1.141460
4.495601	1.181888
4.516129	1.222316
4.536657	1.197487
4.557185	1.172658
4.577713	1.147829
4.598240	1.123000
4.618768	1.098171
4.639296	1.073342
4.659824	1.048514
4.680352	1.023685
4.700880	0.998856
4.721408	0.974027
4.741935	0.956675
4.762463	0.939323
4.782991	0.921972
4.803519	0.904620
4.824047	0.887269
4.844575	0.869917
4.865103	0.852565
4.885630	0.835214
4.906158	0.817862
4.926686	0.800510
4.947214	0.783533
4.967742	0.766555
4.988270	0.749577
5.008798	0.732599
5.029326	0.715622
5.049853	0.698644
5.070381	0.681666
5.090909	0.664688
5.111437	0.647710
5.131965	0.630733
5.152493	0.683584
5.173021	0.736436
5.193548	0.789288
5.214076	0.842140
5.234604	0.894991
5.255132	0.947843
5.275660	1.000695
5.296188	1.053547
5.316716	1.106398
5.337243	1.159250
5.357771	1.124302
5.378299	1.089354
5.398827	1.054407
5.419355	1.019459
5.439883	0.984511
5.460411	0.949563
5.480938	0.914615
5.501466	0.879667
5.521994	0.844719
5.542522	0.809772
5.563050	0.754324
5.583578	0.698875
5.604106	0.643427
5.624633	0.587979
5.645161	0.532531
5.665689	0.477083
5.686217	0.421635
5.706745	0.366187
5.727273	0.310739
5.747801	0.255291
5.768328	0.236409
5.788856	0.217526
5.809384	0.198643
5.829912	0.179761
5.850440	0.160878
5.870968	0.141996
5.891496	0.123113
5.912023	0.104230
5.932551	0.085348
5.953079	0.066465
5.973607	0.065521
5.994135	0.064577
6.014663	0.063633
6.035191	0.062689
6.055718	0.061745
6.076246	0.060800
6.096774	0.059856
6.117302	0.058912
6.137830	0.057968
6.158358	0.057024
6.178886	0.056977
6.199413	0.056929
6.219941	0.056882
6.240469	0.056835
6.260997	0.056788
6.281525	0.056741
6.302053	0.056693
6.322581	0.056646
6.343109	0.056599
6.363636	0.056552
6.384164	0.051179
6.404692	0.045807
6.425220	0.040435
6.445748	0.035062
6.466276	0.029690
6.486804	0.024317
6.507331	0.018945
6.527859	0.013572
6.548387	0.008200
6.568915	0.002828
6.589443	0.013299
6.609971	0.023771
6.630499	0.034242
6.651026	0.044714
6.671554	0.055185
6.692082	0.065657
6.712610	0.076128
6.733138	0.086600
6.753666	0.097071
6.774194	0.107543
6.794721	0.097326
6.815249	0.087110
6.835777	0.076893
6.856305	0.066676
6.876833	0.056460
6.897361	0.046243
6.917889	0.036027
6.938416	0.025810
6.958944	0.015594
6.979472	0.005377
