0.000000	0.000000
0.020528	0.000000
0.041056	0.000000
0.061584	0.000000
0.082111	0.000000
0.102639	0.000000
0.123167	0.000000
0.143695	0.000000
0.164223	0.000000
0.184751	0.000000
0.205279	0.000000
0.225806	0.000000
0.246334	0.000000
0.266862	0.000000
0.287390	0.000000
0.307918	0.000000
0.328446	0.000000
0.348974	0.000000
0.369501	0.000000
0.390029	0.000000
0.410557	0.000000
0.431085	0.000000
0.451613	0.000000
0.472141	0.000000
0.492669	0.000000
0.513196	0.000000
0.533724	0.000000
0.554252	0.000000
0.574780	0.000000
0.595308	0.000000
0.615836	0.000000
0.636364	0.000000
0.656891	0.000000
0.677419	0.000000
0.697947	0.000000
0.718475	0.000000
0.739003	0.000000
0.759531	0.000000
0.780059	0.000000
0.800587	0.000000
0.821114	0.000000
0.841642	0.000000
0.862170	0.000000
0.882698	0.000000
0.903226	0.000000
0.923754	0.000000
0.944282	0.000000
0.964809	0.000000
0.985337	0.000000
1.005865	0.000000
1.026393	0.000000
1.046921	0.000000
1.067449	0.000000
1.087977	0.000000
1.108504	0.000000
1.129032	0.000000
1.149560	0.000000
1.170088	0.000000
1.190616	0.000000
1.211144	0.000000
1.231672	0.000000
1.252199	0.000000
1.272727	0.000000
1.293255	0.000000
1.313783	0.000000
1.334311	0.000000
1.354839	0.000000
1.375367	0.000000
1.395894	0.000000
1.416422	0.000000
1.436950	0.000000
1.457478	0.000000
1.478006	0.000000
1.498534	0.000000
1.519062	0.000000
1.539589	0.000000
1.560117	0.000000
1.580645	0.000000
1.601173	0.000000
1.621701	0.000000
1.642229	0.000000
1.662757	0.025855
1.683284	0.051710
1.703812	0.077565
1.724340	0.103421
1.744868	0.129276
1.765396	0.155131
1.785924	0.180986
1.806452	0.206841
1.826979	0.232696
1.847507	0.258552
1.868035	0.311555
1.888563	0.364558
1.909091	0.417561
1.929619	0.470564
1.950147	0.523567
1.970674	0.576570
1.991202	0.629573
2.011730	0.682576
2.032258	0.735579
2.052786	0.788582
2.073314	2.659267
2.093842	4.529952
2.114370	6.400637
2.134897	8.271321
2.155425	10.142006
2.175953	12.012691
2.196481	13.883376
2.217009	15.754061
2.237537	17.624745
2.258065	19.495430
2.278592	27.545887
2.299120	35.596344
2.319648	43.646801
2.340176	51.697258
2.360704	59.747715
2.381232	67.798172
2.401760	75.848629
2.422287	83.899086
2.442815	91.949543
2.463343	100.000000
2.483871	99.956521
2.504399	99.913043
2.524927	99.869564
2.545455	99.826086
2.565982	99.782607
2.586510	99.739129
2.607038	99.695650
2.627566	99.652172
2.648094	99.608693
2.668622	99.565215
2.689150	94.049430
2.709677	88.533645
2.730205	83.017860
2.750733	77.502075
2.771261	71.986291
2.791789	66.470506
2.812317	60.954721
2.832845	55.438936
2.853372	49.923151
2.873900	44.407366
2.894428	42.968095
2.914956	41.528824
2.935484	40.089553
2.956012	38.650282
2.976540	37.211011
2.997067	35.771740
3.017595	34.332469
3.038123	32.893198
3.058651	31.453927
3.079179	30.014656
3.099707	29.289850
3.120235	28.565043
3.140762	27.840237
3.161290	27.115431
3.181818	26.390625
3.202346	25.665819
3.222874	24.941013
3.243402	24.216207
3.263930	23.491401
3.284457	22.766595
3.304985	22.103367
3.325513	21.440139
3.346041	20.776911
3.366569	20.113684
3.387097	19.450456
3.407625	18.787228
3.428152	18.124000
3.448680	17.460773
3.469208	16.797545
3.489736	16.134317
3.510264	15.105733
3.530792	14.077148
3.551320	13.048563
3.571848	12.019979
3.592375	10.991394
3.612903	9.962809
3.633431	8.934224
3.653959	7.905640
3.674487	6.877055
3.695015	5.848470
3.715543	5.525562
3.736070	5.202654
3.756598	4.879745
3.777126	4.556837
3.797654	4.233929
3.818182	3.911020
3.838710	3.588112
3.859238	3.265204
3.879765	2.942295
3.900293	2.619387
3.920821	2.603242
3.941349	2.587096
3.961877	2.570951
3.982405	2.554805
4.002933	2.538660
4.023460	2.522515
4.043988	2.506369
4.064516	2.490224
4.085044	2.474078
4.105572	2.457933
4.126100	2.327850
4.146628	2.197767
4.167155	2.067684
4.187683	1.937601
4.208211	1.807518
4.228739	1.677435
4.249267	1.547352
4.269795	1.417269
4.290323	1.287186
4.310850	1.157103
4.331378	1.073033
4.351906	0.988963
4.372434	0.904894
4.392962	0.820824
4.413490	0.736755
4.434018	0.652685
4.454545	0.568615
4.475073	0.484546
4.495601	0.400476
4.516129	0.316407
4.536657	0.454406
4.557185	0.592406
4.577713	0.730406
4.598240	0.868406
4.618768	1.006406
4.639296	1.144406
4.659824	1.282406
4.680352	1.420405
4.700880	1.558405
4.721408	1.696405
4.741935	1.625740
4.762463	1.555074
4.782991	1.484409
4.803519	1.413743
4.824047	1.343078
4.844575	1.272412
4.865103	1.201747
4.885630	1.131081
4.906158	1.060416
4.926686	0.989751
4.947214	0.992681
4.967742	0.995612
4.988270	0.998542
5.008798	1.001473
5.029326	1.004403
5.049853	1.007334
5.070381	1.010264
5.090909	1.013195
5.111437	1.016125
5.131965	1.019056
5.152493	0.986883
5.173021	0.954711
5.193548	0.922538
5.214076	0.890366
5.234604	0.858194
5.255132	0.826021
5.275660	0.793849
5.296188	0.761676
5.316716	0.729504
5.337243	0.697332
5.357771	0.669868
5.378299	0.642404
5.398827	0.614940
5.419355	0.587476
5.439883	0.560013
5.460411	0.532549
5.480938	0.505085
5.501466	0.477621
5.521994	0.450158
5.542522	0.422694
5.563050	0.421321
5.583578	0.419947
5.604106	0.418574
5.624633	0.417201
5.645161	0.415828
5.665689	0.414455
5.686217	0.413082
5.706745	0.411708
5.727273	0.410335
5.747801	0.408962
5.768328	0.421821
5.788856	0.434680
5.809384	0.447539
5.829912	0.460398
5.850440	0.473257
5.870968	0.486115
5.891496	0.498974
5.912023	0.511833
5.932551	0.524692
5.953079	0.537551
5.973607	0.499411
5.994135	0.461272
6.014663	0.423132
6.035191	0.384992
6.055718	0.346852
6.076246	0.308712
6.096774	0.270573
6.117302	0.232433
6.137830	0.194293
6.158358	0.156153
6.178886	0.147783
6.199413	0.139412
6.219941	0.131041
6.240469	0.122670
6.260997	0.114299
6.281525	0.105929
6.302053	0.097558
6.322581	0.089187
6.343109	0.080816
6.363636	0.072446
6.384164	0.072027
6.404692	0.071608
6.425220	0.071190
6.445748	0.070771
6.466276	0.070353
6.486804	0.069934
6.507331	0.069516
6.527859	0.069097
6.548387	0.068679
6.568915	0.068260
6.589443	0.068239
6.609971	0.068218
6.630499	0.068197
6.651026	0.068176
6.671554	0.068156
6.692082	0.068135
6.712610	0.068114
6.733138	0.068093
6.753666	0.068072
6.774194	0.068051
6.794721	0.061586
6.815249	0.055121
6.835777	0.048656
6.856305	0.042192
6.876833	0.035727
6.897361	0.029262
6.917889	0.022797
6.938416	0.016332
6.958944	0.009867
6.979472	0.003403
