0.000000	0.710029
0.020528	0.642576
0.041056	0.575124
0.061584	0.507671
0.082111	0.440218
0.102639	0.372765
0.123167	0.305313
0.143695	0.237860
0.164223	0.170407
0.184751	0.102954
0.205279	0.035501
0.225806	0.032129
0.246334	0.028756
0.266862	0.025384
0.287390	0.022011
0.307918	0.018638
0.328446	0.015266
0.348974	0.011893
0.369501	0.008520
0.390029	0.005148
0.410557	0.001775
0.431085	0.001606
0.451613	0.001438
0.472141	0.001269
0.492669	0.001101
0.513196	0.000932
0.533724	0.000763
0.554252	0.000595
0.574780	0.000426
0.595308	0.000257
0.615836	0.000089
0.636364	0.000080
0.656891	0.000072
0.677419	0.000063
0.697947	0.000055
0.718475	0.000047
0.739003	0.000038
0.759531	0.000030
0.780059	0.000021
0.800587	0.000013
0.821114	0.000004
0.841642	0.000004
0.862170	0.000004
0.882698	0.000003
0.903226	0.000003
0.923754	0.000002
0.944282	0.000002
0.964809	0.000001
0.985337	0.000001
1.005865	0.000001
1.026393	0.000000
1.046921	0.000000
1.067449	0.000000
1.087977	0.000000
1.108504	0.000000
1.129032	0.000000
1.149560	0.000000
1.170088	0.000000
1.190616	0.000000
1.211144	0.000000
1.231672	0.000000
1.252199	0.000000
1.272727	0.000000
1.293255	0.000000
1.313783	0.000000
1.334311	0.000000
1.354839	0.000000
1.375367	0.000000
1.395894	0.000000
1.416422	0.000000
1.436950	0.000000
1.457478	0.000000
1.478006	0.000000
1.498534	0.000000
1.519062	0.000000
1.539589	0.000000
1.560117	0.000000
1.580645	0.000000
1.601173	0.000000
1.621701	0.000000
1.642229	0.000000
1.662757	0.000000
1.683284	0.000000
1.703812	0.000000
1.724340	0.000000
1.744868	0.000000
1.765396	0.000000
1.785924	0.000000
1.806452	0.000000
1.826979	0.000000
1.847507	0.000000
1.868035	0.000000
1.888563	0.000000
1.909091	0.000000
1.929619	0.000000
1.950147	0.000000
1.970674	0.000000
1.991202	0.000000
2.011730	0.000000
2.032258	0.000000
2.052786	0.000000
2.073314	0.000000
2.093842	0.000000
2.114370	0.000000
2.134897	0.000000
2.155425	0.000000
2.175953	0.000000
2.196481	0.000000
2.217009	0.000000
2.237537	0.000000
2.258065	0.000000
2.278592	0.000000
2.299120	0.000000
2.319648	0.000000
2.340176	0.000000
2.360704	0.000000
2.381232	0.000000
2.401760	0.000000
2.422287	0.000000
2.442815	0.000000
2.463343	0.000000
2.483871	0.000000
2.504399	0.000000
2.524927	0.000000
2.545455	0.000000
2.565982	0.000000
2.586510	0.000000
2.607038	0.000000
2.627566	0.000000
2.648094	0.000000
2.668622	0.000000
2.689150	0.000000
2.709677	0.000000
2.730205	0.000000
2.750733	0.000000
2.771261	0.000000
2.791789	0.000000
2.812317	0.000000
2.832845	0.000000
2.853372	0.000000
2.873900	0.000000
2.894428	0.162292
2.914956	0.324585
2.935484	0.486877
2.956012	0.649169
2.976540	0.811462
2.997067	0.973754
3.017595	1.136047
3.038123	1.298339
3.058651	1.460631
3.079179	1.622924
3.099707	6.337517
3.120235	11.052110
3.140762	15.766703
3.161290	20.481296
3.181818	25.195889
3.202346	29.910483
3.222874	34.625076
3.243402	39.339669
3.263930	44.054262
3.284457	48.768855
3.304985	49.065444
3.325513	49.362034
3.346041	49.658623
3.366569	49.955212
3.387097	50.251802
3.407625	50.548391
3.428152	50.844980
3.448680	51.141570
3.469208	51.438159
3.489736	51.734748
3.510264	55.462015
3.530792	59.189283
3.551320	62.916550
3.571848	66.643817
3.592375	70.371085
3.612903	74.098352
3.633431	77.825619
3.653959	81.552886
3.674487	85.280154
3.695015	89.007421
3.715543	90.106679
3.736070	91.205937
3.756598	92.305195
3.777126	93.404453
3.797654	94.503710
3.818182	95.602968
3.838710	96.702226
3.859238	97.801484
3.879765	98.900742
3.900293	100.000000
3.920821	95.957081
3.941349	91.914161
3.961877	87.871242
3.982405	83.828323
4.002933	79.785404
4.023460	75.742484
4.043988	71.699565
4.064516	67.656646
4.085044	63.613726
4.105572	59.570807
4.126100	59.074506
4.146628	58.578205
4.167155	58.081905
4.187683	57.585604
4.208211	57.089303
4.228739	56.593002
4.249267	56.096701
4.269795	55.600400
4.290323	55.104099
4.310850	54.607798
4.331378	53.477367
4.351906	52.346935
4.372434	51.216503
4.392962	50.086071
4.413490	48.955640
4.434018	47.825208
4.454545	46.694776
4.475073	45.564344
4.495601	44.433913
4.516129	43.303481
4.536657	41.441457
4.557185	39.579433
4.577713	37.717408
4.598240	35.855384
4.618768	33.993360
4.639296	32.131336
4.659824	30.269312
4.680352	28.407288
4.700880	26.545264
4.721408	24.683239
4.741935	23.028074
4.762463	21.372909
4.782991	19.717744
4.803519	18.062579
4.824047	16.407413
4.844575	14.752248
4.865103	13.097083
4.885630	11.441918
4.906158	9.786753
4.926686	8.131587
4.947214	8.048829
4.967742	7.966071
4.988270	7.883313
5.008798	7.800554
5.029326	7.717796
5.049853	7.635038
5.070381	7.552280
5.090909	7.469521
5.111437	7.386763
5.131965	7.304005
5.152493	6.934709
5.173021	6.565413
5.193548	6.196118
5.214076	5.826822
5.234604	5.457526
5.255132	5.088230
5.275660	4.718935
5.296188	4.349639
5.316716	3.980343
5.337243	3.611048
5.357771	3.430290
5.378299	3.249533
5.398827	3.068776
5.419355	2.888019
5.439883	2.707262
5.460411	2.526505
5.480938	2.345747
5.501466	2.164990
5.521994	1.984233
5.542522	1.803476
5.563050	1.753865
5.583578	1.704254
5.604106	1.654643
5.624633	1.605032
5.645161	1.555421
5.665689	1.505810
5.686217	1.456199
5.706745	1.406588
5.727273	1.356977
5.747801	1.307367
5.768328	1.183167
5.788856	1.058967
5.809384	0.934767
5.829912	0.810567
5.850440	0.686367
5.870968	0.562168
5.891496	0.437968
5.912023	0.313768
5.932551	0.189568
5.953079	0.065368
5.973607	0.079445
5.994135	0.093521
6.014663	0.107598
6.035191	0.121675
6.055718	0.135751
6.076246	0.149828
6.096774	0.163904
6.117302	0.177981
6.137830	0.192057
6.158358	0.206134
6.178886	0.247411
6.199413	0.288688
6.219941	0.329965
6.240469	0.371242
6.260997	0.412518
6.281525	0.453795
6.302053	0.495072
6.322581	0.536349
6.343109	0.577626
6.363636	0.618903
6.384164	0.600680
6.404692	0.582458
6.425220	0.564235
6.445748	0.546012
6.466276	0.527790
6.486804	0.509567
6.507331	0.491344
6.527859	0.473121
6.548387	0.454899
6.568915	0.436676
6.589443	0.395192
6.609971	0.353708
6.630499	0.312223
6.651026	0.270739
6.671554	0.229255
6.692082	0.187771
6.712610	0.146286
6.733138	0.104802
6.753666	0.063318
6.774194	0.021834
6.794721	0.040046
6.815249	0.058258
6.835777	0.076471
6.856305	0.094683
6.876833	0.112895
6.897361	0.131108
6.917889	0.149320
6.938416	0.167532
6.958944	0.185745
6.979472	0.203957
