0.000000	0.000000
0.020528	0.000000
0.041056	0.000000
0.061584	0.000000
0.082111	0.000000
0.102639	0.000000
0.123167	0.000000
0.143695	0.000000
0.164223	0.000000
0.184751	0.000000
0.205279	0.000000
0.225806	0.000000
0.246334	0.000000
0.266862	0.000000
0.287390	0.000000
0.307918	0.000000
0.328446	0.000000
0.348974	0.000000
0.369501	0.000000
0.390029	0.000000
0.410557	0.000000
0.431085	0.000000
0.451613	0.000000
0.472141	0.000000
0.492669	0.000000
0.513196	0.000000
0.533724	0.000000
0.554252	0.000000
0.574780	0.000000
0.595308	0.000000
0.615836	0.000000
0.636364	0.000000
0.656891	0.000000
0.677419	0.000000
0.697947	0.000000
0.718475	0.000000
0.739003	0.000000
0.759531	0.000000
0.780059	0.000000
0.800587	0.000000
0.821114	0.000000
0.841642	0.000000
0.862170	0.000000
0.882698	0.000000
0.903226	0.000000
0.923754	0.000000
0.944282	0.000000
0.964809	0.000000
0.985337	0.000000
1.005865	0.000000
1.026393	0.000000
1.046921	0.000000
1.067449	0.000000
1.087977	0.000000
1.108504	0.000000
1.129032	0.000000
1.149560	0.000000
1.170088	0.000000
1.190616	0.000000
1.211144	0.000000
1.231672	0.000000
1.252199	0.000000
1.272727	0.000000
1.293255	0.000000
1.313783	0.000000
1.334311	0.000000
1.354839	0.000000
1.375367	0.000000
1.395894	0.000000
1.416422	0.000000
1.436950	0.000000
1.457478	0.000000
1.478006	0.000000
1.498534	0.000000
1.519062	0.000000
1.539589	0.000000
1.560117	0.000000
1.580645	0.000000
1.601173	0.000000
1.621701	0.000000
1.642229	0.000000
1.662757	0.000000
1.683284	0.000000
1.703812	0.000000
1.724340	0.000000
1.744868	0.000000
1.765396	0.000000
1.785924	0.000000
1.806452	0.000000
1.826979	0.000000
1.847507	0.000000
1.868035	0.000000
1.888563	0.000000
1.909091	0.000000
1.929619	0.000000
1.950147	0.000000
1.970674	0.000000
1.991202	0.000000
2.011730	0.000000
2.032258	0.000000
2.052786	0.000000
2.073314	0.000000
2.093842	0.000000
2.114370	0.000000
2.134897	0.000000
2.155425	0.000000
2.175953	0.000000
2.196481	0.000000
2.217009	0.000000
2.237537	0.000000
2.258065	0.000000
2.278592	0.155243
2.299120	0.310487
2.319648	0.465730
2.340176	0.620973
2.360704	0.776217
2.381232	0.931460
2.401760	1.086703
2.422287	1.241947
2.442815	1.397190
2.463343	1.552433
2.483871	5.693550
2.504399	9.834666
2.524927	13.975782
2.545455	18.116898
2.565982	22.258014
2.586510	26.399131
2.607038	30.540247
2.627566	34.681363
2.648094	38.822479
2.668622	42.963595
2.689150	48.667236
2.709677	54.370876
2.730205	60.074517
2.750733	65.778157
2.771261	71.481798
2.791789	77.185438
2.812317	82.889079
2.832845	88.592719
2.853372	94.296360
2.873900	100.000000
2.894428	99.994101
2.914956	99.988202
2.935484	99.982302
2.956012	99.976403
2.976540	99.970504
2.997067	99.964605
3.017595	99.958705
3.038123	99.952806
3.058651	99.946907
3.079179	99.941008
3.099707	97.534441
3.120235	95.127874
3.140762	92.721307
3.161290	90.314740
3.181818	87.908174
3.202346	85.501607
3.222874	83.095040
3.243402	80.688473
3.263930	78.281906
3.284457	75.875340
3.304985	71.165630
3.325513	66.455920
3.346041	61.746211
3.366569	57.036501
3.387097	52.326791
3.407625	47.617081
3.428152	42.907372
3.448680	38.197662
3.469208	33.487952
3.489736	28.778243
3.510264	27.388135
3.530792	25.998027
3.551320	24.607919
3.571848	23.217811
3.592375	21.827703
3.612903	20.437596
3.633431	19.047488
3.653959	17.657380
3.674487	16.267272
3.695015	14.877164
3.715543	13.808280
3.736070	12.739395
3.756598	11.670511
3.777126	10.601626
3.797654	9.532742
3.818182	8.463858
3.838710	7.394973
3.859238	6.326089
3.879765	5.257204
3.900293	4.188320
3.920821	4.076659
3.941349	3.964999
3.961877	3.853338
3.982405	3.741678
4.002933	3.630018
4.023460	3.518357
4.043988	3.406697
4.064516	3.295036
4.085044	3.183376
4.105572	3.071715
4.126100	2.886632
4.146628	2.701549
4.167155	2.516466
4.187683	2.331383
4.208211	2.146299
4.228739	1.961216
4.249267	1.776133
4.269795	1.591050
4.290323	1.405967
4.310850	1.220884
4.331378	1.231035
4.351906	1.241186
4.372434	1.251338
4.392962	1.261489
4.413490	1.271640
4.434018	1.281791
4.454545	1.291943
4.475073	1.302094
4.495601	1.312245
4.516129	1.322396
4.536657	1.206471
4.557185	1.090546
4.577713	0.974622
4.598240	0.858697
4.618768	0.742772
4.639296	0.626847
4.659824	0.510922
4.680352	0.394997
4.700880	0.279072
4.721408	0.163147
4.741935	0.147648
4.762463	0.132149
4.782991	0.116650
4.803519	0.101151
4.824047	0.085652
4.844575	0.070153
4.865103	0.054654
4.885630	0.039155
4.906158	0.023656
4.926686	0.008157
4.947214	0.060747
4.967742	0.113337
4.988270	0.165927
5.008798	0.218517
5.029326	0.271107
5.049853	0.323697
5.070381	0.376287
5.090909	0.428877
5.111437	0.481467
5.131965	0.534057
5.152493	0.556092
5.173021	0.578127
5.193548	0.600162
5.214076	0.622197
5.234604	0.644231
5.255132	0.666266
5.275660	0.688301
5.296188	0.710336
5.316716	0.732371
5.337243	0.754406
5.357771	0.804021
5.378299	0.853637
5.398827	0.903252
5.419355	0.952867
5.439883	1.002482
5.460411	1.052098
5.480938	1.101713
5.501466	1.151328
5.521994	1.200944
5.542522	1.250559
5.563050	1.248188
5.583578	1.245818
5.604106	1.243447
5.624633	1.241077
5.645161	1.238706
5.665689	1.236335
5.686217	1.233965
5.706745	1.231594
5.727273	1.229224
5.747801	1.226853
5.768328	1.192775
5.788856	1.158697
5.809384	1.124619
5.829912	1.090541
5.850440	1.056463
5.870968	1.022385
5.891496	0.988307
5.912023	0.954229
5.932551	0.920151
5.953079	0.886073
5.973607	0.811599
5.994135	0.737124
6.014663	0.662650
6.035191	0.588176
6.055718	0.513702
6.076246	0.439228
6.096774	0.364753
6.117302	0.290279
6.137830	0.215805
6.158358	0.141331
6.178886	0.142458
6.199413	0.143586
6.219941	0.144714
6.240469	0.145841
6.260997	0.146969
6.281525	0.148097
6.302053	0.149224
6.322581	0.150352
6.343109	0.151480
6.363636	0.152607
6.384164	0.147812
6.404692	0.143017
6.425220	0.138222
6.445748	0.133427
6.466276	0.128632
6.486804	0.123837
6.507331	0.119042
6.527859	0.114247
6.548387	0.109452
6.568915	0.104657
6.589443	0.104418
6.609971	0.104178
6.630499	0.103938
6.651026	0.103698
6.671554	0.103459
6.692082	0.103219
6.712610	0.102979
6.733138	0.102739
6.753666	0.102500
6.774194	0.102260
6.794721	0.102248
6.815249	0.102236
6.835777	0.102224
6.856305	0.102212
6.876833	0.102200
6.897361	0.102188
6.917889	0.102176
6.938416	0.102164
6.958944	0.102152
6.979472	0.102140
