0.000000	0.000000
0.020528	0.000000
0.041056	0.000000
0.061584	0.000000
0.082111	0.000000
0.102639	0.000000
0.123167	0.000000
0.143695	0.000000
0.164223	0.000000
0.184751	0.000000
0.205279	0.000000
0.225806	0.000000
0.246334	0.000000
0.266862	0.000000
0.287390	0.000000
0.307918	0.000000
0.328446	0.000000
0.348974	0.000000
0.369501	0.000000
0.390029	0.000000
0.410557	0.000000
0.431085	0.000000
0.451613	0.000000
0.472141	0.000000
0.492669	0.000000
0.513196	0.000000
0.533724	0.000000
0.554252	0.000000
0.574780	0.000000
0.595308	0.000000
0.615836	0.000000
0.636364	0.000000
0.656891	0.000000
0.677419	0.000000
0.697947	0.000000
0.718475	0.000000
0.739003	0.000000
0.759531	0.000000
0.780059	0.000000
0.800587	0.000000
0.821114	0.000000
0.841642	0.000000
0.862170	0.000000
0.882698	0.000000
0.903226	0.000000
0.923754	0.000000
0.944282	0.000000
0.964809	0.000000
0.985337	0.000000
1.005865	0.000000
1.026393	0.000000
1.046921	0.000000
1.067449	0.000000
1.087977	0.000000
1.108504	0.000000
1.129032	0.000000
1.149560	0.000000
1.170088	0.000000
1.190616	0.000000
1.211144	0.000000
1.231672	0.000000
1.252199	0.000000
1.272727	0.000000
1.293255	0.000000
1.313783	0.000000
1.334311	0.000000
1.354839	0.000000
1.375367	0.000000
1.395894	0.000000
1.416422	0.000000
1.436950	0.000000
1.457478	0.000000
1.478006	0.000000
1.498534	0.000000
1.519062	0.000000
1.539589	0.000000
1.560117	0.000000
1.580645	0.000000
1.601173	0.000000
1.621701	0.000000
1.642229	0.000000
1.662757	0.000000
1.683284	0.000000
1.703812	0.000000
1.724340	0.000000
1.744868	0.000000
1.765396	0.000000
1.785924	0.000000
1.806452	0.000000
1.826979	0.000000
1.847507	0.000000
1.868035	0.000000
1.888563	0.000000
1.909091	0.000000
1.929619	0.000000
1.950147	0.000000
1.970674	0.000000
1.991202	0.000000
2.011730	0.000000
2.032258	0.000000
2.052786	0.000000
2.073314	0.495678
2.093842	0.991357
2.114370	1.487035
2.134897	1.982713
2.155425	2.478392
2.175953	2.974070
2.196481	3.469748
2.217009	3.965426
2.237537	4.461105
2.258065	4.956783
2.278592	9.494305
2.299120	14.031827
2.319648	18.569348
2.340176	23.106870
2.360704	27.644392
2.381232	32.181914
2.401760	36.719436
2.422287	41.256958
2.442815	45.794479
2.463343	50.332001
2.483871	55.298801
2.504399	60.265601
2.524927	65.232401
2.545455	70.199201
2.565982	75.166001
2.586510	80.132800
2.607038	85.099600
2.627566	90.066400
2.648094	95.033200
2.668622	100.000000
2.689150	93.964585
2.709677	87.929170
2.730205	81.893754
2.750733	75.858339
2.771261	69.822924
2.791789	63.787509
2.812317	57.752094
2.832845	51.716679
2.853372	45.681263
2.873900	39.645848
2.894428	38.848399
2.914956	38.050950
2.935484	37.253501
2.956012	36.456052
2.976540	35.658603
2.997067	34.861154
3.017595	34.063705
3.038123	33.266256
3.058651	32.468807
3.079179	31.671358
3.099707	30.619475
3.120235	29.567593
3.140762	28.515711
3.161290	27.463828
3.181818	26.411946
3.202346	25.360064
3.222874	24.308181
3.243402	23.256299
3.263930	22.204417
3.284457	21.152534
3.304985	20.330606
3.325513	19.508678
3.346041	18.686750
3.366569	17.864822
3.387097	17.042894
3.407625	16.220965
3.428152	15.399037
3.448680	14.577109
3.469208	13.755181
3.489736	12.933253
3.510264	11.864657
3.530792	10.796060
3.551320	9.727464
3.571848	8.658868
3.592375	7.590272
3.612903	6.521675
3.633431	5.453079
3.653959	4.384483
3.674487	3.315887
3.695015	2.247290
3.715543	2.199024
3.736070	2.150758
3.756598	2.102491
3.777126	2.054225
3.797654	2.005958
3.818182	1.957692
3.838710	1.909425
3.859238	1.861159
3.879765	1.812892
3.900293	1.764626
3.920821	1.689926
3.941349	1.615226
3.961877	1.540526
3.982405	1.465827
4.002933	1.391127
4.023460	1.316427
4.043988	1.241727
4.064516	1.167028
4.085044	1.092328
4.105572	1.017628
4.126100	0.920953
4.146628	0.824279
4.167155	0.727604
4.187683	0.630929
4.208211	0.534255
4.228739	0.437580
4.249267	0.340905
4.269795	0.244231
4.290323	0.147556
4.310850	0.050881
4.331378	0.071864
4.351906	0.092847
4.372434	0.113830
4.392962	0.134813
4.413490	0.155796
4.434018	0.176778
4.454545	0.197761
4.475073	0.218744
4.495601	0.239727
4.516129	0.260710
4.536657	0.292739
4.557185	0.324768
4.577713	0.356797
4.598240	0.388826
4.618768	0.420855
4.639296	0.452884
4.659824	0.484913
4.680352	0.516942
4.700880	0.548971
4.721408	0.581000
4.741935	0.680705
4.762463	0.780409
4.782991	0.880114
4.803519	0.979818
4.824047	1.079522
4.844575	1.179227
4.865103	1.278931
4.885630	1.378636
4.906158	1.478340
4.926686	1.578045
4.947214	1.484927
4.967742	1.391809
4.988270	1.298691
5.008798	1.205574
5.029326	1.112456
5.049853	1.019338
5.070381	0.926220
5.090909	0.833103
5.111437	0.739985
5.131965	0.646867
5.152493	0.714497
5.173021	0.782128
5.193548	0.849759
5.214076	0.917389
5.234604	0.985020
5.255132	1.052650
5.275660	1.120281
5.296188	1.187911
5.316716	1.255542
5.337243	1.323172
5.357771	1.280084
5.378299	1.236996
5.398827	1.193907
5.419355	1.150819
5.439883	1.107731
5.460411	1.064642
5.480938	1.021554
5.501466	0.978466
5.521994	0.935377
5.542522	0.892289
5.563050	0.828175
5.583578	0.764061
5.604106	0.699947
5.624633	0.635832
5.645161	0.571718
5.665689	0.507604
5.686217	0.443490
5.706745	0.379375
5.727273	0.315261
5.747801	0.251147
5.768328	0.284085
5.788856	0.317022
5.809384	0.349960
5.829912	0.382897
5.850440	0.415835
5.870968	0.448772
5.891496	0.481710
5.912023	0.514647
5.932551	0.547585
5.953079	0.580522
5.973607	0.530536
5.994135	0.480550
6.014663	0.430563
6.035191	0.380577
6.055718	0.330591
6.076246	0.280604
6.096774	0.230618
6.117302	0.180632
6.137830	0.130646
6.158358	0.080659
6.178886	0.078160
6.199413	0.075661
6.219941	0.073161
6.240469	0.070662
6.260997	0.068163
6.281525	0.065663
6.302053	0.063164
6.322581	0.060665
6.343109	0.058165
6.363636	0.055666
6.384164	0.050378
6.404692	0.045090
6.425220	0.039801
6.445748	0.034513
6.466276	0.029225
6.486804	0.023936
6.507331	0.018648
6.527859	0.013360
6.548387	0.008072
6.568915	0.002783
6.589443	0.007682
6.609971	0.012581
6.630499	0.017480
6.651026	0.022379
6.671554	0.027278
6.692082	0.032177
6.712610	0.037076
6.733138	0.041975
6.753666	0.046873
6.774194	0.051772
6.794721	0.046854
6.815249	0.041936
6.835777	0.037017
6.856305	0.032099
6.876833	0.027180
6.897361	0.022262
6.917889	0.017344
6.938416	0.012425
6.958944	0.007507
6.979472	0.002589
