0.000000	0.000000
0.020528	0.000000
0.041056	0.000000
0.061584	0.000000
0.082111	0.000000
0.102639	0.000000
0.123167	0.000000
0.143695	0.000000
0.164223	0.000000
0.184751	0.000000
0.205279	0.000000
0.225806	0.000000
0.246334	0.000000
0.266862	0.000000
0.287390	0.000000
0.307918	0.000000
0.328446	0.000000
0.348974	0.000000
0.369501	0.000000
0.390029	0.000000
0.410557	0.000000
0.431085	0.000000
0.451613	0.000000
0.472141	0.000000
0.492669	0.000000
0.513196	0.000000
0.533724	0.000000
0.554252	0.000000
0.574780	0.000000
0.595308	0.000000
0.615836	0.000000
0.636364	0.000000
0.656891	0.000000
0.677419	0.000000
0.697947	0.000000
0.718475	0.000000
0.739003	0.000000
0.759531	0.000000
0.780059	0.000000
0.800587	0.000000
0.821114	0.000000
0.841642	0.000000
0.862170	0.000000
0.882698	0.000000
0.903226	0.000000
0.923754	0.000000
0.944282	0.000000
0.964809	0.000000
0.985337	0.000000
1.005865	0.000000
1.026393	0.000000
1.046921	0.000000
1.067449	0.000000
1.087977	0.000000
1.108504	0.000000
1.129032	0.000000
1.149560	0.000000
1.170088	0.000000
1.190616	0.000000
1.211144	0.000000
1.231672	0.000000
1.252199	0.000000
1.272727	0.000000
1.293255	0.000000
1.313783	0.000000
1.334311	0.000000
1.354839	0.000000
1.375367	0.000000
1.395894	0.000000
1.416422	0.000000
1.436950	0.000000
1.457478	0.000000
1.478006	0.000000
1.498534	0.000000
1.519062	0.000000
1.539589	0.000000
1.560117	0.000000
1.580645	0.000000
1.601173	0.000000
1.621701	0.000000
1.642229	0.000000
1.662757	0.000000
1.683284	0.000000
1.703812	0.000000
1.724340	0.000000
1.744868	0.000000
1.765396	0.000000
1.785924	0.000000
1.806452	0.000000
1.826979	0.000000
1.847507	0.000000
1.868035	0.000000
1.888563	0.000000
1.909091	0.000000
1.929619	0.000000
1.950147	0.000000
1.970674	0.000000
1.991202	0.000000
2.011730	0.000000
2.032258	0.000000
2.052786	0.000000
2.073314	0.000000
2.093842	0.000000
2.114370	0.000000
2.134897	0.000000
2.155425	0.000000
2.175953	0.000000
2.196481	0.000000
2.217009	0.000000
2.237537	0.000000
2.258065	0.000000
2.278592	0.113806
2.299120	0.227611
2.319648	0.341417
2.340176	0.455222
2.360704	0.569028
2.381232	0.682833
2.401760	0.796639
2.422287	0.910445
2.442815	1.024250
2.463343	1.138056
2.483871	5.468357
2.504399	9.798659
2.524927	14.128961
2.545455	18.459262
2.565982	22.789564
2.586510	27.119866
2.607038	31.450167
2.627566	35.780469
2.648094	40.110771
2.668622	44.441072
2.689150	49.996965
2.709677	55.552858
2.730205	61.108751
2.750733	66.664643
2.771261	72.220536
2.791789	77.776429
2.812317	83.332322
2.832845	88.888214
2.853372	94.444107
2.873900	100.000000
2.894428	99.609187
2.914956	99.218374
2.935484	98.827561
2.956012	98.436748
2.976540	98.045935
2.997067	97.655122
3.017595	97.264309
3.038123	96.873496
3.058651	96.482683
3.079179	96.091870
3.099707	92.018006
3.120235	87.944142
3.140762	83.870278
3.161290	79.796414
3.181818	75.722550
3.202346	71.648686
3.222874	67.574823
3.243402	63.500959
3.263930	59.427095
3.284457	55.353231
3.304985	51.991434
3.325513	48.629636
3.346041	45.267838
3.366569	41.906041
3.387097	38.544243
3.407625	35.182446
3.428152	31.820648
3.448680	28.458851
3.469208	25.097053
3.489736	21.735255
3.510264	20.912784
3.530792	20.090312
3.551320	19.267840
3.571848	18.445368
3.592375	17.622896
3.612903	16.800424
3.633431	15.977952
3.653959	15.155480
3.674487	14.333009
3.695015	13.510537
3.715543	12.592162
3.736070	11.673787
3.756598	10.755412
3.777126	9.837038
3.797654	8.918663
3.818182	8.000288
3.838710	7.081913
3.859238	6.163538
3.879765	5.245163
3.900293	4.326789
3.920821	4.205000
3.941349	4.083210
3.961877	3.961421
3.982405	3.839632
4.002933	3.717843
4.023460	3.596054
4.043988	3.474265
4.064516	3.352476
4.085044	3.230687
4.105572	3.108897
4.126100	2.903648
4.146628	2.698399
4.167155	2.493150
4.187683	2.287901
4.208211	2.082652
4.228739	1.877402
4.249267	1.672153
4.269795	1.466904
4.290323	1.261655
4.310850	1.056406
4.331378	1.069853
4.351906	1.083300
4.372434	1.096747
4.392962	1.110194
4.413490	1.123641
4.434018	1.137088
4.454545	1.150535
4.475073	1.163982
4.495601	1.177429
4.516129	1.190876
4.536657	1.077743
4.557185	0.964609
4.577713	0.851476
4.598240	0.738343
4.618768	0.625210
4.639296	0.512077
4.659824	0.398943
4.680352	0.285810
4.700880	0.172677
4.721408	0.059544
4.741935	0.053887
4.762463	0.048230
4.782991	0.042574
4.803519	0.036917
4.824047	0.031260
4.844575	0.025604
4.865103	0.019947
4.885630	0.014291
4.906158	0.008634
4.926686	0.002977
4.947214	0.031146
4.967742	0.059314
4.988270	0.087483
5.008798	0.115651
5.029326	0.143820
5.049853	0.171989
5.070381	0.200157
5.090909	0.228326
5.111437	0.256494
5.131965	0.284663
5.152493	0.366683
5.173021	0.448704
5.193548	0.530725
5.214076	0.612746
5.234604	0.694766
5.255132	0.776787
5.275660	0.858808
5.296188	0.940828
5.316716	1.022849
5.337243	1.104870
5.357771	1.094745
5.378299	1.084620
5.398827	1.074496
5.419355	1.064371
5.439883	1.054246
5.460411	1.044122
5.480938	1.033997
5.501466	1.023873
5.521994	1.013748
5.542522	1.003623
5.563050	1.036310
5.583578	1.068997
5.604106	1.101684
5.624633	1.134371
5.645161	1.167058
5.665689	1.199746
5.686217	1.232433
5.706745	1.265120
5.727273	1.297807
5.747801	1.330494
5.768328	1.289451
5.788856	1.248408
5.809384	1.207366
5.829912	1.166323
5.850440	1.125280
5.870968	1.084237
5.891496	1.043195
5.912023	1.002152
5.932551	0.961109
5.953079	0.920066
5.973607	0.837402
5.994135	0.754738
6.014663	0.672073
6.035191	0.589409
6.055718	0.506744
6.076246	0.424080
6.096774	0.341416
6.117302	0.258751
6.137830	0.176087
6.158358	0.093422
6.178886	0.094031
6.199413	0.094640
6.219941	0.095248
6.240469	0.095857
6.260997	0.096466
6.281525	0.097074
6.302053	0.097683
6.322581	0.098292
6.343109	0.098900
6.363636	0.099509
6.384164	0.094798
6.404692	0.090086
6.425220	0.085375
6.445748	0.080663
6.466276	0.075952
6.486804	0.071240
6.507331	0.066529
6.527859	0.061817
6.548387	0.057106
6.568915	0.052394
6.589443	0.047417
6.609971	0.042439
6.630499	0.037462
6.651026	0.032485
6.671554	0.027507
6.692082	0.022530
6.712610	0.017552
6.733138	0.012575
6.753666	0.007597
6.774194	0.002620
6.794721	0.007113
6.815249	0.011606
6.835777	0.016099
6.856305	0.020592
6.876833	0.025085
6.897361	0.029578
6.917889	0.034071
6.938416	0.038564
6.958944	0.043057
6.979472	0.047550
