0.000000	0.000000
0.020528	0.000000
0.041056	0.000000
0.061584	0.000000
0.082111	0.000000
0.102639	0.000000
0.123167	0.000000
0.143695	0.000000
0.164223	0.000000
0.184751	0.000000
0.205279	0.000000
0.225806	0.000000
0.246334	0.000000
0.266862	0.000000
0.287390	0.000000
0.307918	0.000000
0.328446	0.000000
0.348974	0.000000
0.369501	0.000000
0.390029	0.000000
0.410557	0.000000
0.431085	0.000000
0.451613	0.000000
0.472141	0.000000
0.492669	0.000000
0.513196	0.000000
0.533724	0.000000
0.554252	0.000000
0.574780	0.000000
0.595308	0.000000
0.615836	0.000000
0.636364	0.000000
0.656891	0.000000
0.677419	0.000000
0.697947	0.000000
0.718475	0.000000
0.739003	0.000000
0.759531	0.000000
0.780059	0.000000
0.800587	0.000000
0.821114	0.000000
0.841642	0.000000
0.862170	0.000000
0.882698	0.000000
0.903226	0.000000
0.923754	0.000000
0.944282	0.000000
0.964809	0.000000
0.985337	0.000000
1.005865	0.000000
1.026393	0.000000
1.046921	0.000000
1.067449	0.000000
1.087977	0.000000
1.108504	0.000000
1.129032	0.000000
1.149560	0.000000
1.170088	0.000000
1.190616	0.000000
1.211144	0.000000
1.231672	0.000000
1.252199	0.000000
1.272727	0.000000
1.293255	0.000000
1.313783	0.000000
1.334311	0.000000
1.354839	0.000000
1.375367	0.000000
1.395894	0.000000
1.416422	0.000000
1.436950	0.000000
1.457478	0.000000
1.478006	0.000000
1.498534	0.000000
1.519062	0.000000
1.539589	0.000000
1.560117	0.000000
1.580645	0.000000
1.601173	0.000000
1.621701	0.000000
1.642229	0.000000
1.662757	0.000000
1.683284	0.000000
1.703812	0.000000
1.724340	0.000000
1.744868	0.000000
1.765396	0.000000
1.785924	0.000000
1.806452	0.000000
1.826979	0.000000
1.847507	0.000000
1.868035	0.000000
1.888563	0.000000
1.909091	0.000000
1.929619	0.000000
1.950147	0.000000
1.970674	0.000000
1.991202	0.000000
2.011730	0.000000
2.032258	0.000000
2.052786	0.000000
2.073314	0.110948
2.093842	0.221896
2.114370	0.332843
2.134897	0.443791
2.155425	0.554739
2.175953	0.665687
2.196481	0.776634
2.217009	0.887582
2.237537	0.998530
2.258065	1.109478
2.278592	3.733393
2.299120	6.357307
2.319648	8.981222
2.340176	11.605137
2.360704	14.229052
2.381232	16.852966
2.401760	19.476881
2.422287	22.100796
2.442815	24.724711
2.463343	27.348626
2.483871	34.613763
2.504399	41.878901
2.524927	49.144038
2.545455	56.409175
2.565982	63.674313
2.586510	70.939450
2.607038	78.204588
2.627566	85.469725
2.648094	92.734863
2.668622	100.000000
2.689150	99.237137
2.709677	98.474274
2.730205	97.711411
2.750733	96.948548
2.771261	96.185685
2.791789	95.422822
2.812317	94.659959
2.832845	93.897096
2.853372	93.134233
2.873900	92.371370
2.894428	87.168608
2.914956	81.965846
2.935484	76.763084
2.956012	71.560322
2.976540	66.357560
2.997067	61.154798
3.017595	55.952037
3.038123	50.749275
3.058651	45.546513
3.079179	40.343751
3.099707	38.519249
3.120235	36.694748
3.140762	34.870246
3.161290	33.045744
3.181818	31.221243
3.202346	29.396741
3.222874	27.572239
3.243402	25.747737
3.263930	23.923236
3.284457	22.098734
3.304985	22.046341
3.325513	21.993947
3.346041	21.941554
3.366569	21.889161
3.387097	21.836767
3.407625	21.784374
3.428152	21.731981
3.448680	21.679587
3.469208	21.627194
3.489736	21.574801
3.510264	20.096575
3.530792	18.618350
3.551320	17.140125
3.571848	15.661900
3.592375	14.183675
3.612903	12.705450
3.633431	11.227225
3.653959	9.749000
3.674487	8.270775
3.695015	6.792550
3.715543	6.324774
3.736070	5.856999
3.756598	5.389223
3.777126	4.921447
3.797654	4.453671
3.818182	3.985895
3.838710	3.518119
3.859238	3.050344
3.879765	2.582568
3.900293	2.114792
3.920821	2.085856
3.941349	2.056919
3.961877	2.027983
3.982405	1.999047
4.002933	1.970111
4.023460	1.941175
4.043988	1.912239
4.064516	1.883302
4.085044	1.854366
4.105572	1.825430
4.126100	1.718583
4.146628	1.611736
4.167155	1.504888
4.187683	1.398041
4.208211	1.291194
4.228739	1.184347
4.249267	1.077500
4.269795	0.970653
4.290323	0.863805
4.310850	0.756958
4.331378	0.784900
4.351906	0.812842
4.372434	0.840784
4.392962	0.868726
4.413490	0.896668
4.434018	0.924610
4.454545	0.952552
4.475073	0.980494
4.495601	1.008436
4.516129	1.036378
4.536657	1.076607
4.557185	1.116835
4.577713	1.157064
4.598240	1.197293
4.618768	1.237522
4.639296	1.277751
4.659824	1.317980
4.680352	1.358208
4.700880	1.398437
4.721408	1.438666
4.741935	1.446225
4.762463	1.453784
4.782991	1.461343
4.803519	1.468901
4.824047	1.476460
4.844575	1.484019
4.865103	1.491578
4.885630	1.499137
4.906158	1.506695
4.926686	1.514254
4.947214	1.547917
4.967742	1.581579
4.988270	1.615241
5.008798	1.648903
5.029326	1.682566
5.049853	1.716228
5.070381	1.749890
5.090909	1.783553
5.111437	1.817215
5.131965	1.850877
5.152493	1.736065
5.173021	1.621253
5.193548	1.506441
5.214076	1.391629
5.234604	1.276817
5.255132	1.162005
5.275660	1.047193
5.296188	0.932381
5.316716	0.817569
5.337243	0.702757
5.357771	0.763585
5.378299	0.824413
5.398827	0.885241
5.419355	0.946069
5.439883	1.006897
5.460411	1.067725
5.480938	1.128553
5.501466	1.189381
5.521994	1.250209
5.542522	1.311037
5.563050	1.258605
5.583578	1.206172
5.604106	1.153740
5.624633	1.101307
5.645161	1.048875
5.665689	0.996442
5.686217	0.944010
5.706745	0.891577
5.727273	0.839145
5.747801	0.786712
5.768328	0.711975
5.788856	0.637237
5.809384	0.562499
5.829912	0.487762
5.850440	0.413024
5.870968	0.338286
5.891496	0.263549
5.912023	0.188811
5.932551	0.114073
5.953079	0.039336
5.973607	0.068883
5.994135	0.098431
6.014663	0.127978
6.035191	0.157525
6.055718	0.187073
6.076246	0.216620
6.096774	0.246168
6.117302	0.275715
6.137830	0.305263
6.158358	0.334810
6.178886	0.308551
6.199413	0.282291
6.219941	0.256031
6.240469	0.229772
6.260997	0.203512
6.281525	0.177253
6.302053	0.150993
6.322581	0.124734
6.343109	0.098474
6.363636	0.072214
6.384164	0.070901
6.404692	0.069588
6.425220	0.068275
6.445748	0.066962
6.466276	0.065649
6.486804	0.064337
6.507331	0.063024
6.527859	0.061711
6.548387	0.060398
6.568915	0.059085
6.589443	0.059019
6.609971	0.058953
6.630499	0.058888
6.651026	0.058822
6.671554	0.058756
6.692082	0.058691
6.712610	0.058625
6.733138	0.058559
6.753666	0.058494
6.774194	0.058428
6.794721	0.052877
6.815249	0.047327
6.835777	0.041776
6.856305	0.036225
6.876833	0.030675
6.897361	0.025124
6.917889	0.019573
6.938416	0.014023
6.958944	0.008472
6.979472	0.002921
