0.000000	0.000000
0.020528	0.000000
0.041056	0.000000
0.061584	0.000000
0.082111	0.000000
0.102639	0.000000
0.123167	0.000000
0.143695	0.000000
0.164223	0.000000
0.184751	0.000000
0.205279	0.000000
0.225806	0.000000
0.246334	0.000000
0.266862	0.000000
0.287390	0.000000
0.307918	0.000000
0.328446	0.000000
0.348974	0.000000
0.369501	0.000000
0.390029	0.000000
0.410557	0.000000
0.431085	0.000000
0.451613	0.000000
0.472141	0.000000
0.492669	0.000000
0.513196	0.000000
0.533724	0.000000
0.554252	0.000000
0.574780	0.000000
0.595308	0.000000
0.615836	0.000000
0.636364	0.000000
0.656891	0.000000
0.677419	0.000000
0.697947	0.000000
0.718475	0.000000
0.739003	0.000000
0.759531	0.000000
0.780059	0.000000
0.800587	0.000000
0.821114	0.000000
0.841642	0.000000
0.862170	0.000000
0.882698	0.000000
0.903226	0.000000
0.923754	0.000000
0.944282	0.000000
0.964809	0.000000
0.985337	0.000000
1.005865	0.000000
1.026393	0.000000
1.046921	0.000000
1.067449	0.000000
1.087977	0.000000
1.108504	0.000000
1.129032	0.000000
1.149560	0.000000
1.170088	0.000000
1.190616	0.000000
1.211144	0.000000
1.231672	0.000000
1.252199	0.000000
1.272727	0.000000
1.293255	0.000000
1.313783	0.000000
1.334311	0.000000
1.354839	0.000000
1.375367	0.000000
1.395894	0.000000
1.416422	0.000000
1.436950	0.000000
1.457478	0.000000
1.478006	0.000000
1.498534	0.000000
1.519062	0.000000
1.539589	0.000000
1.560117	0.000000
1.580645	0.000000
1.601173	0.000000
1.621701	0.000000
1.642229	0.000000
1.662757	0.011219
1.683284	0.022438
1.703812	0.033658
1.724340	0.044877
1.744868	0.056096
1.765396	0.067315
1.785924	0.078534
1.806452	0.089754
1.826979	0.100973
1.847507	0.112192
1.868035	0.588447
1.888563	1.064703
1.909091	1.540958
1.929619	2.017213
1.950147	2.493469
1.970674	2.969724
1.991202	3.445979
2.011730	3.922235
2.032258	4.398490
2.052786	4.874745
2.073314	5.852191
2.093842	6.829636
2.114370	7.807081
2.134897	8.784527
2.155425	9.761972
2.175953	10.739417
2.196481	11.716863
2.217009	12.694308
2.237537	13.671753
2.258065	14.649199
2.278592	23.184279
2.299120	31.719359
2.319648	40.254439
2.340176	48.789519
2.360704	57.324599
2.381232	65.859679
2.401760	74.394760
2.422287	82.929840
2.442815	91.464920
2.463343	100.000000
2.483871	95.488059
2.504399	90.976119
2.524927	86.464178
2.545455	81.952237
2.565982	77.440296
2.586510	72.928356
2.607038	68.416415
2.627566	63.904474
2.648094	59.392533
2.668622	54.880593
2.689150	53.003528
2.709677	51.126464
2.730205	49.249400
2.750733	47.372336
2.771261	45.495271
2.791789	43.618207
2.812317	41.741143
2.832845	39.864079
2.853372	37.987014
2.873900	36.109950
2.894428	35.484306
2.914956	34.858663
2.935484	34.233019
2.956012	33.607376
2.976540	32.981732
2.997067	32.356088
3.017595	31.730445
3.038123	31.104801
3.058651	30.479158
3.079179	29.853514
3.099707	29.236589
3.120235	28.619664
3.140762	28.002740
3.161290	27.385815
3.181818	26.768890
3.202346	26.151965
3.222874	25.535041
3.243402	24.918116
3.263930	24.301191
3.284457	23.684266
3.304985	22.989243
3.325513	22.294220
3.346041	21.599197
3.366569	20.904173
3.387097	20.209150
3.407625	19.514127
3.428152	18.819103
3.448680	18.124080
3.469208	17.429057
3.489736	16.734034
3.510264	17.215366
3.530792	17.696698
3.551320	18.178031
3.571848	18.659363
3.592375	19.140695
3.612903	19.622028
3.633431	20.103360
3.653959	20.584692
3.674487	21.066025
3.695015	21.547357
3.715543	20.465210
3.736070	19.383063
3.756598	18.300916
3.777126	17.218768
3.797654	16.136621
3.818182	15.054474
3.838710	13.972327
3.859238	12.890180
3.879765	11.808033
3.900293	10.725886
3.920821	10.007601
3.941349	9.289317
3.961877	8.571032
3.982405	7.852748
4.002933	7.134464
4.023460	6.416179
4.043988	5.697895
4.064516	4.979610
4.085044	4.261326
4.105572	3.543042
4.126100	3.446544
4.146628	3.350046
4.167155	3.253548
4.187683	3.157050
4.208211	3.060552
4.228739	2.964054
4.249267	2.867556
4.269795	2.771058
4.290323	2.674560
4.310850	2.578062
4.331378	2.404949
4.351906	2.231836
4.372434	2.058723
4.392962	1.885610
4.413490	1.712497
4.434018	1.539384
4.454545	1.366271
4.475073	1.193158
4.495601	1.020045
4.516129	0.846932
4.536657	0.883154
4.557185	0.919375
4.577713	0.955596
4.598240	0.991817
4.618768	1.028038
4.639296	1.064259
4.659824	1.100481
4.680352	1.136702
4.700880	1.172923
4.721408	1.209144
4.741935	1.195248
4.762463	1.181352
4.782991	1.167457
4.803519	1.153561
4.824047	1.139665
4.844575	1.125769
4.865103	1.111873
4.885630	1.097977
4.906158	1.084082
4.926686	1.070186
4.947214	0.995444
4.967742	0.920703
4.988270	0.845961
5.008798	0.771220
5.029326	0.696478
5.049853	0.621736
5.070381	0.546995
5.090909	0.472253
5.111437	0.397512
5.131965	0.322770
5.152493	0.296595
5.173021	0.270419
5.193548	0.244244
5.214076	0.218068
5.234604	0.191893
5.255132	0.165717
5.275660	0.139542
5.296188	0.113366
5.316716	0.087191
5.337243	0.061015
5.357771	0.070926
5.378299	0.080836
5.398827	0.090747
5.419355	0.100657
5.439883	0.110567
5.460411	0.120478
5.480938	0.130388
5.501466	0.140299
5.521994	0.150209
5.542522	0.160120
5.563050	0.149396
5.583578	0.138672
5.604106	0.127949
5.624633	0.117225
5.645161	0.106501
5.665689	0.095778
5.686217	0.085054
5.706745	0.074330
5.727273	0.063606
5.747801	0.052883
5.768328	0.054590
5.788856	0.056298
5.809384	0.058006
5.829912	0.059713
5.850440	0.061421
5.870968	0.063129
5.891496	0.064836
5.912023	0.066544
5.932551	0.068252
5.953079	0.069959
5.973607	0.063313
5.994135	0.056667
6.014663	0.050021
6.035191	0.043375
6.055718	0.036729
6.076246	0.030083
6.096774	0.023436
6.117302	0.016790
6.137830	0.010144
6.158358	0.003498
6.178886	0.025604
6.199413	0.047710
6.219941	0.069816
6.240469	0.091922
6.260997	0.114028
6.281525	0.136135
6.302053	0.158241
6.322581	0.180347
6.343109	0.202453
6.363636	0.224559
6.384164	0.203226
6.404692	0.181893
6.425220	0.160560
6.445748	0.139227
6.466276	0.117893
6.486804	0.096560
6.507331	0.075227
6.527859	0.053894
6.548387	0.032561
6.568915	0.011228
6.589443	0.010161
6.609971	0.009095
6.630499	0.008028
6.651026	0.006961
6.671554	0.005895
6.692082	0.004828
6.712610	0.003761
6.733138	0.002695
6.753666	0.001628
6.774194	0.000561
6.794721	0.000508
6.815249	0.000455
6.835777	0.000401
6.856305	0.000348
6.876833	0.000295
6.897361	0.000241
6.917889	0.000188
6.938416	0.000135
6.958944	0.000081
6.979472	0.000028
