0.000000	0.000000
0.020528	0.002072
0.041056	0.004144
0.061584	0.006216
0.082111	0.008288
0.102639	0.010360
0.123167	0.012433
0.143695	0.014505
0.164223	0.016577
0.184751	0.018649
0.205279	0.020721
0.225806	0.018752
0.246334	0.016784
0.266862	0.014815
0.287390	0.012847
0.307918	0.010878
0.328446	0.008910
0.348974	0.006941
0.369501	0.004973
0.390029	0.003005
0.410557	0.001036
0.431085	0.000938
0.451613	0.000839
0.472141	0.000741
0.492669	0.000642
0.513196	0.000544
0.533724	0.000445
0.554252	0.000347
0.574780	0.000249
0.595308	0.000150
0.615836	0.000052
0.636364	0.000047
0.656891	0.000042
0.677419	0.000037
0.697947	0.000032
0.718475	0.000027
0.739003	0.000022
0.759531	0.000017
0.780059	0.000012
0.800587	0.000008
0.821114	0.000003
0.841642	0.002851
0.862170	0.005700
0.882698	0.008549
0.903226	0.011398
0.923754	0.014247
0.944282	0.017096
0.964809	0.019945
0.985337	0.022794
1.005865	0.025642
1.026393	0.028491
1.046921	0.025785
1.067449	0.023078
1.087977	0.020371
1.108504	0.017665
1.129032	0.014958
1.149560	0.012251
1.170088	0.009545
1.190616	0.006838
1.211144	0.004131
1.231672	0.001425
1.252199	0.004656
1.272727	0.007888
1.293255	0.011120
1.313783	0.014352
1.334311	0.017584
1.354839	0.020815
1.375367	0.024047
1.395894	0.027279
1.416422	0.030511
1.436950	0.033743
1.457478	0.524988
1.478006	1.016233
1.498534	1.507479
1.519062	1.998724
1.539589	2.489969
1.560117	2.981215
1.580645	3.472460
1.601173	3.963706
1.621701	4.454951
1.642229	4.946196
1.662757	14.451577
1.683284	23.956957
1.703812	33.462337
1.724340	42.967718
1.744868	52.473098
1.765396	61.978479
1.785924	71.483859
1.806452	80.989239
1.826979	90.494620
1.847507	100.000000
1.868035	91.742214
1.888563	83.484428
1.909091	75.226642
1.929619	66.968856
1.950147	58.711070
1.970674	50.453284
1.991202	42.195498
2.011730	33.937713
2.032258	25.679927
2.052786	17.422141
2.073314	16.061791
2.093842	14.701442
2.114370	13.341092
2.134897	11.980743
2.155425	10.620393
2.175953	9.260044
2.196481	7.899694
2.217009	6.539345
2.237537	5.178995
2.258065	3.818646
2.278592	3.624490
2.299120	3.430335
2.319648	3.236179
2.340176	3.042024
2.360704	2.847868
2.381232	2.653712
2.401760	2.459557
2.422287	2.265401
2.442815	2.071246
2.463343	1.877090
2.483871	1.979534
2.504399	2.081978
2.524927	2.184421
2.545455	2.286865
2.565982	2.389309
2.586510	2.491753
2.607038	2.594196
2.627566	2.696640
2.648094	2.799084
2.668622	2.901528
2.689150	2.921413
2.709677	2.941299
2.730205	2.961185
2.750733	2.981071
2.771261	3.000957
2.791789	3.020842
2.812317	3.040728
2.832845	3.060614
2.853372	3.080500
2.873900	3.100385
2.894428	3.149556
2.914956	3.198726
2.935484	3.247896
2.956012	3.297066
2.976540	3.346237
2.997067	3.395407
3.017595	3.444577
3.038123	3.493747
3.058651	3.542918
3.079179	3.592088
3.099707	3.570199
3.120235	3.548311
3.140762	3.526422
3.161290	3.504534
3.181818	3.482645
3.202346	3.460757
3.222874	3.438869
3.243402	3.416980
3.263930	3.395092
3.284457	3.373203
3.304985	3.331703
3.325513	3.290203
3.346041	3.248703
3.366569	3.207203
3.387097	3.165703
3.407625	3.124203
3.428152	3.082703
3.448680	3.041203
3.469208	2.999703
3.489736	2.958203
3.510264	3.034608
3.530792	3.111013
3.551320	3.187418
3.571848	3.263823
3.592375	3.340228
3.612903	3.416634
3.633431	3.493039
3.653959	3.569444
3.674487	3.645849
3.695015	3.722254
3.715543	3.594756
3.736070	3.467258
3.756598	3.339760
3.777126	3.212262
3.797654	3.084764
3.818182	2.957266
3.838710	2.829768
3.859238	2.702270
3.879765	2.574772
3.900293	2.447274
3.920821	2.364232
3.941349	2.281190
3.961877	2.198148
3.982405	2.115106
4.002933	2.032064
4.023460	1.949022
4.043988	1.865980
4.064516	1.782938
4.085044	1.699896
4.105572	1.616854
4.126100	1.558828
4.146628	1.500801
4.167155	1.442775
4.187683	1.384749
4.208211	1.326723
4.228739	1.268696
4.249267	1.210670
4.269795	1.152644
4.290323	1.094617
4.310850	1.036591
4.331378	1.011674
4.351906	0.986757
4.372434	0.961840
4.392962	0.936922
4.413490	0.912005
4.434018	0.887088
4.454545	0.862171
4.475073	0.837254
4.495601	0.812336
4.516129	0.787419
4.536657	0.747840
4.557185	0.708260
4.577713	0.668681
4.598240	0.629102
4.618768	0.589522
4.639296	0.549943
4.659824	0.510363
4.680352	0.470784
4.700880	0.431205
4.721408	0.391625
4.741935	0.366594
4.762463	0.341563
4.782991	0.316532
4.803519	0.291502
4.824047	0.266471
4.844575	0.241440
4.865103	0.216409
4.885630	0.191378
4.906158	0.166347
4.926686	0.141316
4.947214	0.135143
4.967742	0.128971
4.988270	0.122798
5.008798	0.116625
5.029326	0.110452
5.049853	0.104280
5.070381	0.098107
5.090909	0.091934
5.111437	0.085761
5.131965	0.079589
5.152493	0.078503
5.173021	0.077417
5.193548	0.076332
5.214076	0.075246
5.234604	0.074160
5.255132	0.073075
5.275660	0.071989
5.296188	0.070903
5.316716	0.069818
5.337243	0.068732
5.357771	0.066088
5.378299	0.063443
5.398827	0.060799
5.419355	0.058154
5.439883	0.055510
5.460411	0.052866
5.480938	0.050221
5.501466	0.047577
5.521994	0.044933
5.542522	0.042288
5.563050	0.039307
5.583578	0.036325
5.604106	0.033344
5.624633	0.030363
5.645161	0.027381
5.665689	0.024400
5.686217	0.021419
5.706745	0.018437
5.727273	0.015456
5.747801	0.012475
5.768328	0.016470
5.788856	0.020465
5.809384	0.024460
5.829912	0.028455
5.850440	0.032450
5.870968	0.036445
5.891496	0.040441
5.912023	0.044436
5.932551	0.048431
5.953079	0.052426
5.973607	0.047445
5.994135	0.042465
6.014663	0.037484
6.035191	0.032504
6.055718	0.027524
6.076246	0.022543
6.096774	0.017563
6.117302	0.012582
6.137830	0.007602
6.158358	0.002621
6.178886	0.002372
6.199413	0.002123
6.219941	0.001874
6.240469	0.001625
6.260997	0.001376
6.281525	0.001127
6.302053	0.000878
6.322581	0.000629
6.343109	0.000380
6.363636	0.000131
6.384164	0.000119
6.404692	0.000106
6.425220	0.000094
6.445748	0.000081
6.466276	0.000069
6.486804	0.000056
6.507331	0.000044
6.527859	0.000031
6.548387	0.000019
6.568915	0.000007
6.589443	0.000006
6.609971	0.000005
6.630499	0.000005
6.651026	0.000004
6.671554	0.000003
6.692082	0.000003
6.712610	0.000002
6.733138	0.000002
6.753666	0.000001
6.774194	0.000000
6.794721	0.000000
6.815249	0.000000
6.835777	0.000000
6.856305	0.000000
6.876833	0.000000
6.897361	0.000000
6.917889	0.000000
6.938416	0.000000
6.958944	0.000000
6.979472	0.000000
