0.000000	0.000000
0.020528	0.000000
0.041056	0.000000
0.061584	0.000000
0.082111	0.000000
0.102639	0.000000
0.123167	0.000000
0.143695	0.000000
0.164223	0.000000
0.184751	0.000000
0.205279	0.000000
0.225806	0.000000
0.246334	0.000000
0.266862	0.000000
0.287390	0.000000
0.307918	0.000000
0.328446	0.000000
0.348974	0.000000
0.369501	0.000000
0.390029	0.000000
0.410557	0.000000
0.431085	0.000000
0.451613	0.000000
0.472141	0.000000
0.492669	0.000000
0.513196	0.000000
0.533724	0.000000
0.554252	0.000000
0.574780	0.000000
0.595308	0.000000
0.615836	0.000000
0.636364	0.000000
0.656891	0.000000
0.677419	0.000000
0.697947	0.000000
0.718475	0.000000
0.739003	0.000000
0.759531	0.000000
0.780059	0.000000
0.800587	0.000000
0.821114	0.000000
0.841642	0.000000
0.862170	0.000000
0.882698	0.000000
0.903226	0.000000
0.923754	0.000000
0.944282	0.000000
0.964809	0.000000
0.985337	0.000000
1.005865	0.000000
1.026393	0.000000
1.046921	0.000000
1.067449	0.000000
1.087977	0.000000
1.108504	0.000000
1.129032	0.000000
1.149560	0.000000
1.170088	0.000000
1.190616	0.000000
1.211144	0.000000
1.231672	0.000000
1.252199	0.000000
1.272727	0.000000
1.293255	0.000000
1.313783	0.000000
1.334311	0.000000
1.354839	0.000000
1.375367	0.000000
1.395894	0.000000
1.416422	0.000000
1.436950	0.000000
1.457478	0.000000
1.478006	0.000000
1.498534	0.000000
1.519062	0.000000
1.539589	0.000000
1.560117	0.000000
1.580645	0.000000
1.601173	0.000000
1.621701	0.000000
1.642229	0.000000
1.662757	0.000000
1.683284	0.000000
1.703812	0.000000
1.724340	0.000000
1.744868	0.000000
1.765396	0.000000
1.785924	0.000000
1.806452	0.000000
1.826979	0.000000
1.847507	0.000000
1.868035	0.000000
1.888563	0.000000
1.909091	0.000000
1.929619	0.000000
1.950147	0.000000
1.970674	0.000000
1.991202	0.000000
2.011730	0.000000
2.032258	0.000000
2.052786	0.000000
2.073314	0.000000
2.093842	0.000000
2.114370	0.000000
2.134897	0.000000
2.155425	0.000000
2.175953	0.000000
2.196481	0.000000
2.217009	0.000000
2.237537	0.000000
2.258065	0.000000
2.278592	0.555382
2.299120	1.110764
2.319648	1.666146
2.340176	2.221528
2.360704	2.776910
2.381232	3.332292
2.401760	3.887674
2.422287	4.443056
2.442815	4.998438
2.463343	5.553820
2.483871	12.003193
2.504399	18.452567
2.524927	24.901940
2.545455	31.351314
2.565982	37.800687
2.586510	44.250061
2.607038	50.699434
2.627566	57.148808
2.648094	63.598181
2.668622	70.047555
2.689150	73.042799
2.709677	76.038044
2.730205	79.033288
2.750733	82.028533
2.771261	85.023777
2.791789	88.019022
2.812317	91.014266
2.832845	94.009511
2.853372	97.004755
2.873900	100.000000
2.894428	98.365598
2.914956	96.731195
2.935484	95.096793
2.956012	93.462390
2.976540	91.827988
2.997067	90.193585
3.017595	88.559183
3.038123	86.924780
3.058651	85.290378
3.079179	83.655976
3.099707	80.276675
3.120235	76.897374
3.140762	73.518073
3.161290	70.138773
3.181818	66.759472
3.202346	63.380171
3.222874	60.000870
3.243402	56.621570
3.263930	53.242269
3.284457	49.862968
3.304985	47.805704
3.325513	45.748441
3.346041	43.691177
3.366569	41.633913
3.387097	39.576649
3.407625	37.519385
3.428152	35.462121
3.448680	33.404858
3.469208	31.347594
3.489736	29.290330
3.510264	29.090275
3.530792	28.890220
3.551320	28.690165
3.571848	28.490110
3.592375	28.290055
3.612903	28.090000
3.633431	27.889945
3.653959	27.689890
3.674487	27.489834
3.695015	27.289779
3.715543	25.932975
3.736070	24.576171
3.756598	23.219367
3.777126	21.862563
3.797654	20.505759
3.818182	19.148955
3.838710	17.792151
3.859238	16.435347
3.879765	15.078543
3.900293	13.721738
3.920821	13.910762
3.941349	14.099786
3.961877	14.288810
3.982405	14.477834
4.002933	14.666858
4.023460	14.855882
4.043988	15.044906
4.064516	15.233930
4.085044	15.422954
4.105572	15.611978
4.126100	14.649511
4.146628	13.687044
4.167155	12.724576
4.187683	11.762109
4.208211	10.799642
4.228739	9.837174
4.249267	8.874707
4.269795	7.912240
4.290323	6.949772
4.310850	5.987305
4.331378	5.474049
4.351906	4.960794
4.372434	4.447538
4.392962	3.934282
4.413490	3.421026
4.434018	2.907770
4.454545	2.394515
4.475073	1.881259
4.495601	1.368003
4.516129	0.854747
4.536657	0.801315
4.557185	0.747883
4.577713	0.694452
4.598240	0.641020
4.618768	0.587588
4.639296	0.534156
4.659824	0.480724
4.680352	0.427292
4.700880	0.373860
4.721408	0.320428
4.741935	0.303872
4.762463	0.287316
4.782991	0.270760
4.803519	0.254204
4.824047	0.237648
4.844575	0.221091
4.865103	0.204535
4.885630	0.187979
4.906158	0.171423
4.926686	0.154867
4.947214	0.285942
4.967742	0.417018
4.988270	0.548093
5.008798	0.679169
5.029326	0.810244
5.049853	0.941319
5.070381	1.072395
5.090909	1.203470
5.111437	1.334546
5.131965	1.465621
5.152493	1.479117
5.173021	1.492613
5.193548	1.506109
5.214076	1.519605
5.234604	1.533101
5.255132	1.546597
5.275660	1.560093
5.296188	1.573589
5.316716	1.587086
5.337243	1.600582
5.357771	1.573487
5.378299	1.546393
5.398827	1.519299
5.419355	1.492204
5.439883	1.465110
5.460411	1.438016
5.480938	1.410921
5.501466	1.383827
5.521994	1.356733
5.542522	1.329639
5.563050	1.328284
5.583578	1.326929
5.604106	1.325574
5.624633	1.324220
5.645161	1.322865
5.665689	1.321510
5.686217	1.320156
5.706745	1.318801
5.727273	1.317446
5.747801	1.316091
5.768328	1.322966
5.788856	1.329841
5.809384	1.336715
5.829912	1.343590
5.850440	1.350464
5.870968	1.357339
5.891496	1.364213
5.912023	1.371088
5.932551	1.377962
5.953079	1.384837
5.973607	1.287989
5.994135	1.191141
6.014663	1.094292
6.035191	0.997444
6.055718	0.900596
6.076246	0.803748
6.096774	0.706900
6.117302	0.610052
6.137830	0.513204
6.158358	0.416356
6.178886	0.397629
6.199413	0.378902
6.219941	0.360175
6.240469	0.341448
6.260997	0.322721
6.281525	0.303994
6.302053	0.285267
6.322581	0.266540
6.343109	0.247813
6.363636	0.229086
6.384164	0.235092
6.404692	0.241098
6.425220	0.247104
6.445748	0.253110
6.466276	0.259116
6.486804	0.265122
6.507331	0.271128
6.527859	0.277133
6.548387	0.283139
6.568915	0.289145
6.589443	0.275561
6.609971	0.261977
6.630499	0.248393
6.651026	0.234808
6.671554	0.221224
6.692082	0.207640
6.712610	0.194056
6.733138	0.180471
6.753666	0.166887
6.774194	0.153303
6.794721	0.145681
6.815249	0.138060
6.835777	0.130438
6.856305	0.122817
6.876833	0.115195
6.897361	0.107574
6.917889	0.099952
6.938416	0.092331
6.958944	0.084709
6.979472	0.077088
