0.000000	0.000000
0.020528	0.000000
0.041056	0.000000
0.061584	0.000000
0.082111	0.000000
0.102639	0.000000
0.123167	0.000000
0.143695	0.000000
0.164223	0.000000
0.184751	0.000000
0.205279	0.000000
0.225806	0.000000
0.246334	0.000000
0.266862	0.000000
0.287390	0.000000
0.307918	0.000000
0.328446	0.000000
0.348974	0.000000
0.369501	0.000000
0.390029	0.000000
0.410557	0.000000
0.431085	0.000000
0.451613	0.000000
0.472141	0.000000
0.492669	0.000000
0.513196	0.000000
0.533724	0.000000
0.554252	0.000000
0.574780	0.000000
0.595308	0.000000
0.615836	0.000000
0.636364	0.000000
0.656891	0.000000
0.677419	0.000000
0.697947	0.000000
0.718475	0.000000
0.739003	0.000000
0.759531	0.000000
0.780059	0.000000
0.800587	0.000000
0.821114	0.000000
0.841642	0.000000
0.862170	0.000000
0.882698	0.000000
0.903226	0.000000
0.923754	0.000000
0.944282	0.000000
0.964809	0.000000
0.985337	0.000000
1.005865	0.000000
1.026393	0.000000
1.046921	0.000000
1.067449	0.000000
1.087977	0.000000
1.108504	0.000000
1.129032	0.000000
1.149560	0.000000
1.170088	0.000000
1.190616	0.000000
1.211144	0.000000
1.231672	0.000000
1.252199	0.000000
1.272727	0.000000
1.293255	0.000000
1.313783	0.000000
1.334311	0.000000
1.354839	0.000000
1.375367	0.000000
1.395894	0.000000
1.416422	0.000000
1.436950	0.000000
1.457478	0.076993
1.478006	0.153985
1.498534	0.230978
1.519062	0.307970
1.539589	0.384963
1.560117	0.461956
1.580645	0.538948
1.601173	0.615941
1.621701	0.692934
1.642229	0.769926
1.662757	0.696783
1.683284	0.623640
1.703812	0.550497
1.724340	0.477354
1.744868	0.404211
1.765396	0.331068
1.785924	0.257925
1.806452	0.184782
1.826979	0.111639
1.847507	0.038496
1.868035	0.142079
1.888563	0.245661
1.909091	0.349244
1.929619	0.452827
1.950147	0.556409
1.970674	0.659992
1.991202	0.763574
2.011730	0.867157
2.032258	0.970739
2.052786	1.074322
2.073314	1.200489
2.093842	1.326657
2.114370	1.452825
2.134897	1.578992
2.155425	1.705160
2.175953	1.831327
2.196481	1.957495
2.217009	2.083662
2.237537	2.209830
2.258065	2.335997
2.278592	5.111290
2.299120	7.886583
2.319648	10.661876
2.340176	13.437168
2.360704	16.212461
2.381232	18.987754
2.401760	21.763047
2.422287	24.538340
2.442815	27.313633
2.463343	30.088925
2.483871	37.080033
2.504399	44.071140
2.524927	51.062248
2.545455	58.053355
2.565982	65.044463
2.586510	72.035570
2.607038	79.026678
2.627566	86.017785
2.648094	93.008893
2.668622	100.000000
2.689150	93.049006
2.709677	86.098011
2.730205	79.147017
2.750733	72.196022
2.771261	65.245028
2.791789	58.294033
2.812317	51.343039
2.832845	44.392044
2.853372	37.441050
2.873900	30.490055
2.894428	29.243342
2.914956	27.996628
2.935484	26.749915
2.956012	25.503201
2.976540	24.256488
2.997067	23.009774
3.017595	21.763061
3.038123	20.516347
3.058651	19.269634
3.079179	18.022920
3.099707	17.165911
3.120235	16.308902
3.140762	15.451892
3.161290	14.594883
3.181818	13.737873
3.202346	12.880864
3.222874	12.023854
3.243402	11.166845
3.263930	10.309835
3.284457	9.452826
3.304985	9.217494
3.325513	8.982162
3.346041	8.746830
3.366569	8.511498
3.387097	8.276166
3.407625	8.040834
3.428152	7.805502
3.448680	7.570170
3.469208	7.334838
3.489736	7.099506
3.510264	6.507545
3.530792	5.915584
3.551320	5.323623
3.571848	4.731662
3.592375	4.139701
3.612903	3.547740
3.633431	2.955779
3.653959	2.363818
3.674487	1.771857
3.695015	1.179896
3.715543	1.494015
3.736070	1.808134
3.756598	2.122253
3.777126	2.436372
3.797654	2.750491
3.818182	3.064610
3.838710	3.378729
3.859238	3.692848
3.879765	4.006967
3.900293	4.321086
3.920821	3.968327
3.941349	3.615569
3.961877	3.262810
3.982405	2.910051
4.002933	2.557292
4.023460	2.204534
4.043988	1.851775
4.064516	1.499016
4.085044	1.146258
4.105572	0.793499
4.126100	0.916098
4.146628	1.038696
4.167155	1.161295
4.187683	1.283893
4.208211	1.406492
4.228739	1.529091
4.249267	1.651689
4.269795	1.774288
4.290323	1.896886
4.310850	2.019485
4.331378	1.885378
4.351906	1.751272
4.372434	1.617165
4.392962	1.483059
4.413490	1.348952
4.434018	1.214845
4.454545	1.080739
4.475073	0.946632
4.495601	0.812525
4.516129	0.678419
4.536657	0.666214
4.557185	0.654009
4.577713	0.641804
4.598240	0.629600
4.618768	0.617395
4.639296	0.605190
4.659824	0.592985
4.680352	0.580780
4.700880	0.568576
4.721408	0.556371
4.741935	0.566760
4.762463	0.577148
4.782991	0.587537
4.803519	0.597926
4.824047	0.608314
4.844575	0.618703
4.865103	0.629092
4.885630	0.639480
4.906158	0.649869
4.926686	0.660258
4.947214	0.658028
4.967742	0.655797
4.988270	0.653567
5.008798	0.651337
5.029326	0.649106
5.049853	0.646876
5.070381	0.644646
5.090909	0.642415
5.111437	0.640185
5.131965	0.637955
5.152493	0.643343
5.173021	0.648731
5.193548	0.654119
5.214076	0.659507
5.234604	0.664895
5.255132	0.670283
5.275660	0.675671
5.296188	0.681059
5.316716	0.686446
5.337243	0.691834
5.357771	0.656357
5.378299	0.620880
5.398827	0.585403
5.419355	0.549926
5.439883	0.514449
5.460411	0.478971
5.480938	0.443494
5.501466	0.408017
5.521994	0.372540
5.542522	0.337063
5.563050	0.318790
5.583578	0.300518
5.604106	0.282246
5.624633	0.263974
5.645161	0.245701
5.665689	0.227429
5.686217	0.209157
5.706745	0.190885
5.727273	0.172612
5.747801	0.154340
5.768328	0.142427
5.788856	0.130515
5.809384	0.118602
5.829912	0.106690
5.850440	0.094777
5.870968	0.082865
5.891496	0.070952
5.912023	0.059039
5.932551	0.047127
5.953079	0.035214
5.973607	0.034619
5.994135	0.034023
6.014663	0.033427
6.035191	0.032832
6.055718	0.032236
6.076246	0.031641
6.096774	0.031045
6.117302	0.030449
6.137830	0.029854
6.158358	0.029258
6.178886	0.037478
6.199413	0.045697
6.219941	0.053916
6.240469	0.062136
6.260997	0.070355
6.281525	0.078575
6.302053	0.086794
6.322581	0.095014
6.343109	0.103233
6.363636	0.111452
6.384164	0.100864
6.404692	0.090276
6.425220	0.079688
6.445748	0.069100
6.466276	0.058512
6.486804	0.047925
6.507331	0.037337
6.527859	0.026749
6.548387	0.016161
6.568915	0.005573
6.589443	0.013292
6.609971	0.021012
6.630499	0.028732
6.651026	0.036452
6.671554	0.044172
6.692082	0.051891
6.712610	0.059611
6.733138	0.067331
6.753666	0.075051
6.774194	0.082771
6.794721	0.074908
6.815249	0.067044
6.835777	0.059181
6.856305	0.051318
6.876833	0.043455
6.897361	0.035591
6.917889	0.027728
6.938416	0.019865
6.958944	0.012002
6.979472	0.004139
