0.000000	0.000000
0.020528	0.000000
0.041056	0.000000
0.061584	0.000000
0.082111	0.000000
0.102639	0.000000
0.123167	0.000000
0.143695	0.000000
0.164223	0.000000
0.184751	0.000000
0.205279	0.000000
0.225806	0.000000
0.246334	0.000000
0.266862	0.000000
0.287390	0.000000
0.307918	0.000000
0.328446	0.000000
0.348974	0.000000
0.369501	0.000000
0.390029	0.000000
0.410557	0.000000
0.431085	0.000000
0.451613	0.000000
0.472141	0.000000
0.492669	0.000000
0.513196	0.000000
0.533724	0.000000
0.554252	0.000000
0.574780	0.000000
0.595308	0.000000
0.615836	0.000000
0.636364	0.000000
0.656891	0.000000
0.677419	0.000000
0.697947	0.000000
0.718475	0.000000
0.739003	0.000000
0.759531	0.000000
0.780059	0.000000
0.800587	0.000000
0.821114	0.000000
0.841642	0.000000
0.862170	0.000000
0.882698	0.000000
0.903226	0.000000
0.923754	0.000000
0.944282	0.000000
0.964809	0.000000
0.985337	0.000000
1.005865	0.000000
1.026393	0.000000
1.046921	0.000000
1.067449	0.000000
1.087977	0.000000
1.108504	0.000000
1.129032	0.000000
1.149560	0.000000
1.170088	0.000000
1.190616	0.000000
1.211144	0.000000
1.231672	0.000000
1.252199	0.000000
1.272727	0.000000
1.293255	0.000000
1.313783	0.000000
1.334311	0.000000
1.354839	0.000000
1.375367	0.000000
1.395894	0.000000
1.416422	0.000000
1.436950	0.000000
1.457478	0.000000
1.478006	0.000000
1.498534	0.000000
1.519062	0.000000
1.539589	0.000000
1.560117	0.000000
1.580645	0.000000
1.601173	0.000000
1.621701	0.000000
1.642229	0.000000
1.662757	0.000000
1.683284	0.000000
1.703812	0.000000
1.724340	0.000000
1.744868	0.000000
1.765396	0.000000
1.785924	0.000000
1.806452	0.000000
1.826979	0.000000
1.847507	0.000000
1.868035	0.000000
1.888563	0.000000
1.909091	0.000000
1.929619	0.000000
1.950147	0.000000
1.970674	0.000000
1.991202	0.000000
2.011730	0.000000
2.032258	0.000000
2.052786	0.000000
2.073314	0.000000
2.093842	0.000000
2.114370	0.000000
2.134897	0.000000
2.155425	0.000000
2.175953	0.000000
2.196481	0.000000
2.217009	0.000000
2.237537	0.000000
2.258065	0.000000
2.278592	0.000000
2.299120	0.000000
2.319648	0.000000
2.340176	0.000000
2.360704	0.000000
2.381232	0.000000
2.401760	0.000000
2.422287	0.000000
2.442815	0.000000
2.463343	0.000000
2.483871	0.000000
2.504399	0.000000
2.524927	0.000000
2.545455	0.000000
2.565982	0.000000
2.586510	0.000000
2.607038	0.000000
2.627566	0.000000
2.648094	0.000000
2.668622	0.000000
2.689150	0.000000
2.709677	0.000000
2.730205	0.000000
2.750733	0.000000
2.771261	0.000000
2.791789	0.000000
2.812317	0.000000
2.832845	0.000000
2.853372	0.000000
2.873900	0.000000
2.894428	2.669898
2.914956	5.339795
2.935484	8.009693
2.956012	10.679591
2.976540	13.349488
2.997067	16.019386
3.017595	18.689284
3.038123	21.359181
3.058651	24.029079
3.079179	26.698977
3.099707	30.715959
3.120235	34.732942
3.140762	38.749924
3.161290	42.766907
3.181818	46.783889
3.202346	50.800871
3.222874	54.817854
3.243402	58.834836
3.263930	62.851819
3.284457	66.868801
3.304985	70.181921
3.325513	73.495041
3.346041	76.808161
3.366569	80.121281
3.387097	83.434401
3.407625	86.747520
3.428152	90.060640
3.448680	93.373760
3.469208	96.686880
3.489736	100.000000
3.510264	99.672390
3.530792	99.344781
3.551320	99.017171
3.571848	98.689562
3.592375	98.361952
3.612903	98.034343
3.633431	97.706733
3.653959	97.379124
3.674487	97.051514
3.695015	96.723904
3.715543	91.782698
3.736070	86.841492
3.756598	81.900285
3.777126	76.959079
3.797654	72.017872
3.818182	67.076666
3.838710	62.135459
3.859238	57.194253
3.879765	52.253047
3.900293	47.311840
3.920821	44.868574
3.941349	42.425307
3.961877	39.982041
3.982405	37.538774
4.002933	35.095508
4.023460	32.652241
4.043988	30.208975
4.064516	27.765708
4.085044	25.322442
4.105572	22.879175
4.126100	21.903584
4.146628	20.927993
4.167155	19.952402
4.187683	18.976811
4.208211	18.001220
4.228739	17.025629
4.249267	16.050038
4.269795	15.074447
4.290323	14.098856
4.310850	13.123265
4.331378	12.604709
4.351906	12.086153
4.372434	11.567596
4.392962	11.049040
4.413490	10.530484
4.434018	10.011927
4.454545	9.493371
4.475073	8.974815
4.495601	8.456259
4.516129	7.937702
4.536657	7.665142
4.557185	7.392581
4.577713	7.120021
4.598240	6.847460
4.618768	6.574899
4.639296	6.302339
4.659824	6.029778
4.680352	5.757218
4.700880	5.484657
4.721408	5.212096
4.741935	4.810903
4.762463	4.409709
4.782991	4.008515
4.803519	3.607321
4.824047	3.206127
4.844575	2.804934
4.865103	2.403740
4.885630	2.002546
4.906158	1.601352
4.926686	1.200158
4.947214	1.336691
4.967742	1.473223
4.988270	1.609756
5.008798	1.746288
5.029326	1.882821
5.049853	2.019354
5.070381	2.155886
5.090909	2.292419
5.111437	2.428951
5.131965	2.565484
5.152493	2.321763
5.173021	2.078042
5.193548	1.834321
5.214076	1.590600
5.234604	1.346879
5.255132	1.103158
5.275660	0.859437
5.296188	0.615716
5.316716	0.371995
5.337243	0.128274
5.357771	0.116088
5.378299	0.103902
5.398827	0.091716
5.419355	0.079530
5.439883	0.067344
5.460411	0.055158
5.480938	0.042972
5.501466	0.030786
5.521994	0.018600
5.542522	0.006414
5.563050	0.005804
5.583578	0.005195
5.604106	0.004586
5.624633	0.003976
5.645161	0.003367
5.665689	0.002758
5.686217	0.002149
5.706745	0.001539
5.727273	0.000930
5.747801	0.000321
5.768328	0.008120
5.788856	0.015919
5.809384	0.023718
5.829912	0.031517
5.850440	0.039316
5.870968	0.047116
5.891496	0.054915
5.912023	0.062714
5.932551	0.070513
5.953079	0.078312
5.973607	0.110021
5.994135	0.141729
6.014663	0.173437
6.035191	0.205146
6.055718	0.236854
6.076246	0.268563
6.096774	0.300271
6.117302	0.331979
6.137830	0.363688
6.158358	0.395396
6.178886	0.459619
6.199413	0.523841
6.219941	0.588063
6.240469	0.652285
6.260997	0.716508
6.281525	0.780730
6.302053	0.844952
6.322581	0.909175
6.343109	0.973397
6.363636	1.037619
6.384164	1.056490
6.404692	1.075360
6.425220	1.094230
6.445748	1.113101
6.466276	1.131971
6.486804	1.150841
6.507331	1.169712
6.527859	1.188582
6.548387	1.207452
6.568915	1.226323
6.589443	1.184203
6.609971	1.142084
6.630499	1.099965
6.651026	1.057845
6.671554	1.015726
6.692082	0.973607
6.712610	0.931487
6.733138	0.889368
6.753666	0.847249
6.774194	0.805129
6.794721	0.744301
6.815249	0.683473
6.835777	0.622645
6.856305	0.561817
6.876833	0.500989
6.897361	0.440161
6.917889	0.379333
6.938416	0.318505
6.958944	0.257677
6.979472	0.196849
