0.000000	0.000000
0.020528	0.000000
0.041056	0.000000
0.061584	0.000000
0.082111	0.000000
0.102639	0.000000
0.123167	0.000000
0.143695	0.000000
0.164223	0.000000
0.184751	0.000000
0.205279	0.000000
0.225806	0.000000
0.246334	0.000000
0.266862	0.000000
0.287390	0.000000
0.307918	0.000000
0.328446	0.000000
0.348974	0.000000
0.369501	0.000000
0.390029	0.000000
0.410557	0.000000
0.431085	0.000000
0.451613	0.000000
0.472141	0.000000
0.492669	0.000000
0.513196	0.000000
0.533724	0.000000
0.554252	0.000000
0.574780	0.000000
0.595308	0.000000
0.615836	0.000000
0.636364	0.000000
0.656891	0.000000
0.677419	0.000000
0.697947	0.000000
0.718475	0.000000
0.739003	0.000000
0.759531	0.000000
0.780059	0.000000
0.800587	0.000000
0.821114	0.000000
0.841642	0.000000
0.862170	0.000000
0.882698	0.000000
0.903226	0.000000
0.923754	0.000000
0.944282	0.000000
0.964809	0.000000
0.985337	0.000000
1.005865	0.000000
1.026393	0.000000
1.046921	0.000000
1.067449	0.000000
1.087977	0.000000
1.108504	0.000000
1.129032	0.000000
1.149560	0.000000
1.170088	0.000000
1.190616	0.000000
1.211144	0.000000
1.231672	0.000000
1.252199	0.000000
1.272727	0.000000
1.293255	0.000000
1.313783	0.000000
1.334311	0.000000
1.354839	0.000000
1.375367	0.000000
1.395894	0.000000
1.416422	0.000000
1.436950	0.000000
1.457478	0.000000
1.478006	0.000000
1.498534	0.000000
1.519062	0.000000
1.539589	0.000000
1.560117	0.000000
1.580645	0.000000
1.601173	0.000000
1.621701	0.000000
1.642229	0.000000
1.662757	0.000000
1.683284	0.000000
1.703812	0.000000
1.724340	0.000000
1.744868	0.000000
1.765396	0.000000
1.785924	0.000000
1.806452	0.000000
1.826979	0.000000
1.847507	0.000000
1.868035	0.000000
1.888563	0.000000
1.909091	0.000000
1.929619	0.000000
1.950147	0.000000
1.970674	0.000000
1.991202	0.000000
2.011730	0.000000
2.032258	0.000000
2.052786	0.000000
2.073314	0.000000
2.093842	0.000000
2.114370	0.000000
2.134897	0.000000
2.155425	0.000000
2.175953	0.000000
2.196481	0.000000
2.217009	0.000000
2.237537	0.000000
2.258065	0.000000
2.278592	0.000000
2.299120	0.000000
2.319648	0.000000
2.340176	0.000000
2.360704	0.000000
2.381232	0.000000
2.401760	0.000000
2.422287	0.000000
2.442815	0.000000
2.463343	0.000000
2.483871	0.000000
2.504399	0.000000
2.524927	0.000000
2.545455	0.000000
2.565982	0.000000
2.586510	0.000000
2.607038	0.000000
2.627566	0.000000
2.648094	0.000000
2.668622	0.000000
2.689150	0.173052
2.709677	0.346104
2.730205	0.519157
2.750733	0.692209
2.771261	0.865261
2.791789	1.038313
2.812317	1.211365
2.832845	1.384417
2.853372	1.557470
2.873900	1.730522
2.894428	4.075379
2.914956	6.420236
2.935484	8.765093
2.956012	11.109950
2.976540	13.454807
2.997067	15.799664
3.017595	18.144522
3.038123	20.489379
3.058651	22.834236
3.079179	25.179093
3.099707	26.994410
3.120235	28.809728
3.140762	30.625045
3.161290	32.440362
3.181818	34.255680
3.202346	36.070997
3.222874	37.886315
3.243402	39.701632
3.263930	41.516949
3.284457	43.332267
3.304985	44.531648
3.325513	45.731030
3.346041	46.930411
3.366569	48.129793
3.387097	49.329174
3.407625	50.528555
3.428152	51.727937
3.448680	52.927318
3.469208	54.126700
3.489736	55.326081
3.510264	59.793473
3.530792	64.260865
3.551320	68.728257
3.571848	73.195649
3.592375	77.663041
3.612903	82.130432
3.633431	86.597824
3.653959	91.065216
3.674487	95.532608
3.695015	100.000000
3.715543	96.589274
3.736070	93.178547
3.756598	89.767821
3.777126	86.357095
3.797654	82.946369
3.818182	79.535642
3.838710	76.124916
3.859238	72.714190
3.879765	69.303464
3.900293	65.892737
3.920821	61.801487
3.941349	57.710238
3.961877	53.618988
3.982405	49.527738
4.002933	45.436488
4.023460	41.345238
4.043988	37.253988
4.064516	33.162738
4.085044	29.071489
4.105572	24.980239
4.126100	23.683284
4.146628	22.386330
4.167155	21.089375
4.187683	19.792421
4.208211	18.495467
4.228739	17.198512
4.249267	15.901558
4.269795	14.604603
4.290323	13.307649
4.310850	12.010695
4.331378	11.480769
4.351906	10.950844
4.372434	10.420918
4.392962	9.890993
4.413490	9.361067
4.434018	8.831142
4.454545	8.301216
4.475073	7.771291
4.495601	7.241365
4.516129	6.711440
4.536657	6.138748
4.557185	5.566056
4.577713	4.993363
4.598240	4.420671
4.618768	3.847979
4.639296	3.275287
4.659824	2.702594
4.680352	2.129902
4.700880	1.557210
4.721408	0.984518
4.741935	1.074856
4.762463	1.165195
4.782991	1.255534
4.803519	1.345873
4.824047	1.436212
4.844575	1.526550
4.865103	1.616889
4.885630	1.707228
4.906158	1.797567
4.926686	1.887905
4.947214	1.751817
4.967742	1.615729
4.988270	1.479641
5.008798	1.343553
5.029326	1.207466
5.049853	1.071378
5.070381	0.935290
5.090909	0.799202
5.111437	0.663114
5.131965	0.527026
5.152493	0.476958
5.173021	0.426891
5.193548	0.376823
5.214076	0.326756
5.234604	0.276689
5.255132	0.226621
5.275660	0.176554
5.296188	0.126486
5.316716	0.076419
5.337243	0.026351
5.357771	0.023848
5.378299	0.021345
5.398827	0.018841
5.419355	0.016338
5.439883	0.013834
5.460411	0.011331
5.480938	0.008828
5.501466	0.006324
5.521994	0.003821
5.542522	0.001318
5.563050	0.012008
5.583578	0.022699
5.604106	0.033389
5.624633	0.044080
5.645161	0.054771
5.665689	0.065461
5.686217	0.076152
5.706745	0.086842
5.727273	0.097533
5.747801	0.108223
5.768328	0.097942
5.788856	0.087661
5.809384	0.077380
5.829912	0.067099
5.850440	0.056817
5.870968	0.046536
5.891496	0.036255
5.912023	0.025974
5.932551	0.015692
5.953079	0.005411
5.973607	0.026529
5.994135	0.047646
6.014663	0.068764
6.035191	0.089881
6.055718	0.110998
6.076246	0.132116
6.096774	0.153233
6.117302	0.174351
6.137830	0.195468
6.158358	0.216586
6.178886	0.239273
6.199413	0.261961
6.219941	0.284648
6.240469	0.307335
6.260997	0.330023
6.281525	0.352710
6.302053	0.375398
6.322581	0.398085
6.343109	0.420772
6.363636	0.443460
6.384164	0.455410
6.404692	0.467360
6.425220	0.479310
6.445748	0.491260
6.466276	0.503210
6.486804	0.515161
6.507331	0.527111
6.527859	0.539061
6.548387	0.551011
6.568915	0.562961
6.589443	0.574374
6.609971	0.585788
6.630499	0.597201
6.651026	0.608614
6.671554	0.620027
6.692082	0.631441
6.712610	0.642854
6.733138	0.654267
6.753666	0.665680
6.774194	0.677094
6.794721	0.747967
6.815249	0.818840
6.835777	0.889713
6.856305	0.960586
6.876833	1.031459
6.897361	1.102332
6.917889	1.173206
6.938416	1.244079
6.958944	1.314952
6.979472	1.385825
