0.000000	0.000000
0.020528	0.000000
0.041056	0.000000
0.061584	0.000000
0.082111	0.000000
0.102639	0.000000
0.123167	0.000000
0.143695	0.000000
0.164223	0.000000
0.184751	0.000000
0.205279	0.000000
0.225806	0.000000
0.246334	0.000000
0.266862	0.000000
0.287390	0.000000
0.307918	0.000000
0.328446	0.000000
0.348974	0.000000
0.369501	0.000000
0.390029	0.000000
0.410557	0.000000
0.431085	0.000000
0.451613	0.000000
0.472141	0.000000
0.492669	0.000000
0.513196	0.000000
0.533724	0.000000
0.554252	0.000000
0.574780	0.000000
0.595308	0.000000
0.615836	0.000000
0.636364	0.000000
0.656891	0.000000
0.677419	0.000000
0.697947	0.000000
0.718475	0.000000
0.739003	0.000000
0.759531	0.000000
0.780059	0.000000
0.800587	0.000000
0.821114	0.000000
0.841642	0.000000
0.862170	0.000000
0.882698	0.000000
0.903226	0.000000
0.923754	0.000000
0.944282	0.000000
0.964809	0.000000
0.985337	0.000000
1.005865	0.000000
1.026393	0.000000
1.046921	0.000000
1.067449	0.000000
1.087977	0.000000
1.108504	0.000000
1.129032	0.000000
1.149560	0.000000
1.170088	0.000000
1.190616	0.000000
1.211144	0.000000
1.231672	0.000000
1.252199	0.000000
1.272727	0.000000
1.293255	0.000000
1.313783	0.000000
1.334311	0.000000
1.354839	0.000000
1.375367	0.000000
1.395894	0.000000
1.416422	0.000000
1.436950	0.000000
1.457478	0.000000
1.478006	0.000000
1.498534	0.000000
1.519062	0.000000
1.539589	0.000000
1.560117	0.000000
1.580645	0.000000
1.601173	0.000000
1.621701	0.000000
1.642229	0.000000
1.662757	0.000000
1.683284	0.000000
1.703812	0.000000
1.724340	0.000000
1.744868	0.000000
1.765396	0.000000
1.785924	0.000000
1.806452	0.000000
1.826979	0.000000
1.847507	0.000000
1.868035	0.000000
1.888563	0.000000
1.909091	0.000000
1.929619	0.000000
1.950147	0.000000
1.970674	0.000000
1.991202	0.000000
2.011730	0.000000
2.032258	0.000000
2.052786	0.000000
2.073314	0.000000
2.093842	0.000000
2.114370	0.000000
2.134897	0.000000
2.155425	0.000000
2.175953	0.000000
2.196481	0.000000
2.217009	0.000000
2.237537	0.000000
2.258065	0.000000
2.278592	0.000000
2.299120	0.000000
2.319648	0.000000
2.340176	0.000000
2.360704	0.000000
2.381232	0.000000
2.401760	0.000000
2.422287	0.000000
2.442815	0.000000
2.463343	0.000000
2.483871	0.000000
2.504399	0.000000
2.524927	0.000000
2.545455	0.000000
2.565982	0.000000
2.586510	0.000000
2.607038	0.000000
2.627566	0.000000
2.648094	0.000000
2.668622	0.000000
2.689150	0.905437
2.709677	1.810875
2.730205	2.716312
2.750733	3.621749
2.771261	4.527186
2.791789	5.432624
2.812317	6.338061
2.832845	7.243498
2.853372	8.148936
2.873900	9.054373
2.894428	13.389339
2.914956	17.724306
2.935484	22.059272
2.956012	26.394239
2.976540	30.729205
2.997067	35.064172
3.017595	39.399138
3.038123	43.734105
3.058651	48.069072
3.079179	52.404038
3.099707	56.873373
3.120235	61.342708
3.140762	65.812043
3.161290	70.281378
3.181818	74.750713
3.202346	79.220047
3.222874	83.689382
3.243402	88.158717
3.263930	92.628052
3.284457	97.097387
3.304985	97.387648
3.325513	97.677910
3.346041	97.968171
3.366569	98.258432
3.387097	98.548694
3.407625	98.838955
3.428152	99.129216
3.448680	99.419477
3.469208	99.709739
3.489736	100.000000
3.510264	94.210809
3.530792	88.421617
3.551320	82.632426
3.571848	76.843234
3.592375	71.054043
3.612903	65.264851
3.633431	59.475660
3.653959	53.686468
3.674487	47.897277
3.695015	42.108085
3.715543	39.896427
3.736070	37.684768
3.756598	35.473110
3.777126	33.261452
3.797654	31.049793
3.818182	28.838135
3.838710	26.626477
3.859238	24.414818
3.879765	22.203160
3.900293	19.991501
3.920821	19.086805
3.941349	18.182109
3.961877	17.277414
3.982405	16.372718
4.002933	15.468022
4.023460	14.563326
4.043988	13.658630
4.064516	12.753934
4.085044	11.849238
4.105572	10.944542
4.126100	10.238783
4.146628	9.533024
4.167155	8.827266
4.187683	8.121507
4.208211	7.415748
4.228739	6.709990
4.249267	6.004231
4.269795	5.298472
4.290323	4.592713
4.310850	3.886955
4.331378	3.747764
4.351906	3.608574
4.372434	3.469383
4.392962	3.330192
4.413490	3.191002
4.434018	3.051811
4.454545	2.912621
4.475073	2.773430
4.495601	2.634240
4.516129	2.495049
4.536657	2.347079
4.557185	2.199109
4.577713	2.051138
4.598240	1.903168
4.618768	1.755198
4.639296	1.607228
4.659824	1.459257
4.680352	1.311287
4.700880	1.163317
4.721408	1.015346
4.741935	0.918889
4.762463	0.822431
4.782991	0.725973
4.803519	0.629515
4.824047	0.533057
4.844575	0.436599
4.865103	0.340141
4.885630	0.243683
4.906158	0.147225
4.926686	0.050767
4.947214	0.045944
4.967742	0.041122
4.988270	0.036299
5.008798	0.031476
5.029326	0.026653
5.049853	0.021830
5.070381	0.017007
5.090909	0.012184
5.111437	0.007361
5.131965	0.002538
5.152493	0.002297
5.173021	0.002056
5.193548	0.001815
5.214076	0.001574
5.234604	0.001333
5.255132	0.001091
5.275660	0.000850
5.296188	0.000609
5.316716	0.000368
5.337243	0.000127
5.357771	0.000115
5.378299	0.000103
5.398827	0.000091
5.419355	0.000079
5.439883	0.000067
5.460411	0.000055
5.480938	0.000043
5.501466	0.000030
5.521994	0.000018
5.542522	0.000006
5.563050	0.089065
5.583578	0.178124
5.604106	0.267183
5.624633	0.356242
5.645161	0.445300
5.665689	0.534359
5.686217	0.623418
5.706745	0.712477
5.727273	0.801536
5.747801	0.890594
5.768328	1.043480
5.788856	1.196365
5.809384	1.349250
5.829912	1.502135
5.850440	1.655021
5.870968	1.807906
5.891496	1.960791
5.912023	2.113677
5.932551	2.266562
5.953079	2.419447
5.973607	2.263816
5.994135	2.108185
6.014663	1.952553
6.035191	1.796922
6.055718	1.641291
6.076246	1.485659
6.096774	1.330028
6.117302	1.174397
6.137830	1.018765
6.158358	0.863134
6.178886	0.951834
6.199413	1.040533
6.219941	1.129232
6.240469	1.217932
6.260997	1.306631
6.281525	1.395331
6.302053	1.484030
6.322581	1.572730
6.343109	1.661429
6.363636	1.750129
6.384164	1.650661
6.404692	1.551193
6.425220	1.451726
6.445748	1.352258
6.466276	1.252790
6.486804	1.153323
6.507331	1.053855
6.527859	0.954387
6.548387	0.854920
6.568915	0.755452
6.589443	0.765322
6.609971	0.775192
6.630499	0.785062
6.651026	0.794931
6.671554	0.804801
6.692082	0.814671
6.712610	0.824541
6.733138	0.834411
6.753666	0.844281
6.774194	0.854150
6.794721	0.795271
6.815249	0.736392
6.835777	0.677512
6.856305	0.618633
6.876833	0.559753
6.897361	0.500874
6.917889	0.441994
6.938416	0.383115
6.958944	0.324235
6.979472	0.265356
