0.000000	0.000000
0.020528	0.000000
0.041056	0.000000
0.061584	0.000000
0.082111	0.000000
0.102639	0.000000
0.123167	0.000000
0.143695	0.000000
0.164223	0.000000
0.184751	0.000000
0.205279	0.000000
0.225806	0.000000
0.246334	0.000000
0.266862	0.000000
0.287390	0.000000
0.307918	0.000000
0.328446	0.000000
0.348974	0.000000
0.369501	0.000000
0.390029	0.000000
0.410557	0.000000
0.431085	0.000000
0.451613	0.000000
0.472141	0.000000
0.492669	0.000000
0.513196	0.000000
0.533724	0.000000
0.554252	0.000000
0.574780	0.000000
0.595308	0.000000
0.615836	0.000000
0.636364	0.000000
0.656891	0.000000
0.677419	0.000000
0.697947	0.000000
0.718475	0.000000
0.739003	0.000000
0.759531	0.000000
0.780059	0.000000
0.800587	0.000000
0.821114	0.000000
0.841642	0.018083
0.862170	0.036165
0.882698	0.054248
0.903226	0.072330
0.923754	0.090413
0.944282	0.108496
0.964809	0.126578
0.985337	0.144661
1.005865	0.162743
1.026393	0.180826
1.046921	0.163648
1.067449	0.146469
1.087977	0.129291
1.108504	0.112112
1.129032	0.094934
1.149560	0.077755
1.170088	0.060577
1.190616	0.043398
1.211144	0.026220
1.231672	0.009041
1.252199	0.008182
1.272727	0.007323
1.293255	0.006465
1.313783	0.005606
1.334311	0.004747
1.354839	0.003888
1.375367	0.003029
1.395894	0.002170
1.416422	0.001311
1.436950	0.000452
1.457478	0.000409
1.478006	0.000366
1.498534	0.000323
1.519062	0.000280
1.539589	0.000237
1.560117	0.000194
1.580645	0.000151
1.601173	0.000108
1.621701	0.000066
1.642229	0.000023
1.662757	0.000020
1.683284	0.000018
1.703812	0.000016
1.724340	0.000014
1.744868	0.000012
1.765396	0.000010
1.785924	0.000008
1.806452	0.000005
1.826979	0.000003
1.847507	0.000001
1.868035	0.000001
1.888563	0.000001
1.909091	0.000001
1.929619	0.000001
1.950147	0.000001
1.970674	0.000000
1.991202	0.000000
2.011730	0.000000
2.032258	0.000000
2.052786	0.000000
2.073314	0.000000
2.093842	0.000000
2.114370	0.000000
2.134897	0.000000
2.155425	0.000000
2.175953	0.000000
2.196481	0.000000
2.217009	0.000000
2.237537	0.000000
2.258065	0.000000
2.278592	0.027124
2.299120	0.054248
2.319648	0.081372
2.340176	0.108496
2.360704	0.135620
2.381232	0.162743
2.401760	0.189867
2.422287	0.216991
2.442815	0.244115
2.463343	0.271239
2.483871	0.326843
2.504399	0.382447
2.524927	0.438051
2.545455	0.493655
2.565982	0.549259
2.586510	0.604863
2.607038	0.660467
2.627566	0.716071
2.648094	0.771675
2.668622	0.827279
2.689150	4.864740
2.709677	8.902202
2.730205	12.939663
2.750733	16.977124
2.771261	21.014586
2.791789	25.052047
2.812317	29.089508
2.832845	33.126969
2.853372	37.164431
2.873900	41.201892
2.894428	47.081703
2.914956	52.961514
2.935484	58.841324
2.956012	64.721135
2.976540	70.600946
2.997067	76.480757
3.017595	82.360568
3.038123	88.240378
3.058651	94.120189
3.079179	100.000000
3.099707	95.285109
3.120235	90.570218
3.140762	85.855327
3.161290	81.140437
3.181818	76.425546
3.202346	71.710655
3.222874	66.995764
3.243402	62.280873
3.263930	57.565982
3.284457	52.851092
3.304985	49.240681
3.325513	45.630270
3.346041	42.019860
3.366569	38.409449
3.387097	34.799039
3.407625	31.188628
3.428152	27.578218
3.448680	23.967807
3.469208	20.357396
3.489736	16.746986
3.510264	16.222896
3.530792	15.698806
3.551320	15.174716
3.571848	14.650626
3.592375	14.126536
3.612903	13.602446
3.633431	13.078356
3.653959	12.554266
3.674487	12.030176
3.695015	11.506086
3.715543	10.851511
3.736070	10.196936
3.756598	9.542361
3.777126	8.887786
3.797654	8.233211
3.818182	7.578636
3.838710	6.924061
3.859238	6.269486
3.879765	5.614911
3.900293	4.960336
3.920821	4.715136
3.941349	4.469937
3.961877	4.224738
3.982405	3.979538
4.002933	3.734339
4.023460	3.489140
4.043988	3.243940
4.064516	2.998741
4.085044	2.753542
4.105572	2.508342
4.126100	2.396628
4.146628	2.284914
4.167155	2.173199
4.187683	2.061485
4.208211	1.949771
4.228739	1.838057
4.249267	1.726342
4.269795	1.614628
4.290323	1.502914
4.310850	1.391199
4.331378	1.326845
4.351906	1.262491
4.372434	1.198137
4.392962	1.133783
4.413490	1.069429
4.434018	1.005074
4.454545	0.940720
4.475073	0.876366
4.495601	0.812012
4.516129	0.747658
4.536657	0.748961
4.557185	0.750264
4.577713	0.751566
4.598240	0.752869
4.618768	0.754172
4.639296	0.755475
4.659824	0.756778
4.680352	0.758081
4.700880	0.759384
4.721408	0.760687
4.741935	0.724587
4.762463	0.688487
4.782991	0.652387
4.803519	0.616287
4.824047	0.580187
4.844575	0.544087
4.865103	0.507987
4.885630	0.471887
4.906158	0.435786
4.926686	0.399686
4.947214	0.361716
4.967742	0.323746
4.988270	0.285776
5.008798	0.247806
5.029326	0.209835
5.049853	0.171865
5.070381	0.133895
5.090909	0.095925
5.111437	0.057955
5.131965	0.019984
5.152493	0.018086
5.173021	0.016187
5.193548	0.014289
5.214076	0.012390
5.234604	0.010492
5.255132	0.008593
5.275660	0.006695
5.296188	0.004796
5.316716	0.002898
5.337243	0.000999
5.357771	0.030289
5.378299	0.059578
5.398827	0.088867
5.419355	0.118156
5.439883	0.147446
5.460411	0.176735
5.480938	0.206024
5.501466	0.235314
5.521994	0.264603
5.542522	0.293892
5.563050	0.342824
5.583578	0.391755
5.604106	0.440686
5.624633	0.489617
5.645161	0.538549
5.665689	0.587480
5.686217	0.636411
5.706745	0.685343
5.727273	0.734274
5.747801	0.783205
5.768328	0.738185
5.788856	0.693165
5.809384	0.648144
5.829912	0.603124
5.850440	0.558104
5.870968	0.513084
5.891496	0.468063
5.912023	0.423043
5.932551	0.378023
5.953079	0.333003
5.973607	0.351095
5.994135	0.369186
6.014663	0.387278
6.035191	0.405370
6.055718	0.423462
6.076246	0.441554
6.096774	0.459646
6.117302	0.477738
6.137830	0.495830
6.158358	0.513922
6.178886	0.487702
6.199413	0.461483
6.219941	0.435264
6.240469	0.409045
6.260997	0.382825
6.281525	0.356606
6.302053	0.330387
6.322581	0.304167
6.343109	0.277948
6.363636	0.251729
6.384164	0.234595
6.404692	0.217462
6.425220	0.200329
6.445748	0.183196
6.466276	0.166062
6.486804	0.148929
6.507331	0.131796
6.527859	0.114663
6.548387	0.097529
6.568915	0.080396
6.589443	0.075019
6.609971	0.069642
6.630499	0.064264
6.651026	0.058887
6.671554	0.053510
6.692082	0.048132
6.712610	0.042755
6.733138	0.037378
6.753666	0.032000
6.774194	0.026623
6.794721	0.026354
6.815249	0.026085
6.835777	0.025816
6.856305	0.025548
6.876833	0.025279
6.897361	0.025010
6.917889	0.024741
6.938416	0.024472
6.958944	0.024203
6.979472	0.023934
