0.000000	0.000000
0.020528	0.000000
0.041056	0.000000
0.061584	0.000000
0.082111	0.000000
0.102639	0.000000
0.123167	0.000000
0.143695	0.000000
0.164223	0.000000
0.184751	0.000000
0.205279	0.000000
0.225806	0.000000
0.246334	0.000000
0.266862	0.000000
0.287390	0.000000
0.307918	0.000000
0.328446	0.000000
0.348974	0.000000
0.369501	0.000000
0.390029	0.000000
0.410557	0.000000
0.431085	0.000000
0.451613	0.000000
0.472141	0.000000
0.492669	0.000000
0.513196	0.000000
0.533724	0.000000
0.554252	0.000000
0.574780	0.000000
0.595308	0.000000
0.615836	0.000000
0.636364	0.000000
0.656891	0.000000
0.677419	0.000000
0.697947	0.000000
0.718475	0.000000
0.739003	0.000000
0.759531	0.000000
0.780059	0.000000
0.800587	0.000000
0.821114	0.000000
0.841642	0.000000
0.862170	0.000000
0.882698	0.000000
0.903226	0.000000
0.923754	0.000000
0.944282	0.000000
0.964809	0.000000
0.985337	0.000000
1.005865	0.000000
1.026393	0.000000
1.046921	0.000000
1.067449	0.000000
1.087977	0.000000
1.108504	0.000000
1.129032	0.000000
1.149560	0.000000
1.170088	0.000000
1.190616	0.000000
1.211144	0.000000
1.231672	0.000000
1.252199	0.000000
1.272727	0.000000
1.293255	0.000000
1.313783	0.000000
1.334311	0.000000
1.354839	0.000000
1.375367	0.000000
1.395894	0.000000
1.416422	0.000000
1.436950	0.000000
1.457478	0.000000
1.478006	0.000000
1.498534	0.000000
1.519062	0.000000
1.539589	0.000000
1.560117	0.000000
1.580645	0.000000
1.601173	0.000000
1.621701	0.000000
1.642229	0.000000
1.662757	0.000000
1.683284	0.000000
1.703812	0.000000
1.724340	0.000000
1.744868	0.000000
1.765396	0.000000
1.785924	0.000000
1.806452	0.000000
1.826979	0.000000
1.847507	0.000000
1.868035	0.000000
1.888563	0.000000
1.909091	0.000000
1.929619	0.000000
1.950147	0.000000
1.970674	0.000000
1.991202	0.000000
2.011730	0.000000
2.032258	0.000000
2.052786	0.000000
2.073314	0.539487
2.093842	1.078975
2.114370	1.618462
2.134897	2.157950
2.155425	2.697437
2.175953	3.236925
2.196481	3.776412
2.217009	4.315900
2.237537	4.855387
2.258065	5.394875
2.278592	14.855387
2.299120	24.315900
2.319648	33.776412
2.340176	43.236925
2.360704	52.697437
2.381232	62.157950
2.401760	71.618462
2.422287	81.078975
2.442815	90.539487
2.463343	100.000000
2.483871	98.659748
2.504399	97.319496
2.524927	95.979245
2.545455	94.638993
2.565982	93.298741
2.586510	91.958489
2.607038	90.618238
2.627566	89.277986
2.648094	87.937734
2.668622	86.597482
2.689150	85.001922
2.709677	83.406361
2.730205	81.810801
2.750733	80.215241
2.771261	78.619680
2.791789	77.024120
2.812317	75.428559
2.832845	73.832999
2.853372	72.237438
2.873900	70.641878
2.894428	66.414790
2.914956	62.187702
2.935484	57.960613
2.956012	53.733525
2.976540	49.506437
2.997067	45.279349
3.017595	41.052261
3.038123	36.825173
3.058651	32.598085
3.079179	28.370997
3.099707	27.256750
3.120235	26.142504
3.140762	25.028257
3.161290	23.914010
3.181818	22.799764
3.202346	21.685517
3.222874	20.571270
3.243402	19.457024
3.263930	18.342777
3.284457	17.228530
3.304985	17.052932
3.325513	16.877333
3.346041	16.701735
3.366569	16.526137
3.387097	16.350538
3.407625	16.174940
3.428152	15.999341
3.448680	15.823743
3.469208	15.648144
3.489736	15.472546
3.510264	14.755689
3.530792	14.038831
3.551320	13.321974
3.571848	12.605117
3.592375	11.888260
3.612903	11.171402
3.633431	10.454545
3.653959	9.737688
3.674487	9.020831
3.695015	8.303973
3.715543	8.406749
3.736070	8.509524
3.756598	8.612300
3.777126	8.715075
3.797654	8.817851
3.818182	8.920626
3.838710	9.023402
3.859238	9.126177
3.879765	9.228953
3.900293	9.331728
3.920821	9.231966
3.941349	9.132205
3.961877	9.032443
3.982405	8.932682
4.002933	8.832920
4.023460	8.733159
4.043988	8.633397
4.064516	8.533635
4.085044	8.433874
4.105572	8.334112
4.126100	7.995691
4.146628	7.657270
4.167155	7.318848
4.187683	6.980427
4.208211	6.642006
4.228739	6.303584
4.249267	5.965163
4.269795	5.626742
4.290323	5.288320
4.310850	4.949899
4.331378	4.607038
4.351906	4.264176
4.372434	3.921315
4.392962	3.578453
4.413490	3.235592
4.434018	2.892731
4.454545	2.549869
4.475073	2.207008
4.495601	1.864146
4.516129	1.521285
4.536657	1.380509
4.557185	1.239734
4.577713	1.098958
4.598240	0.958182
4.618768	0.817407
4.639296	0.676631
4.659824	0.535856
4.680352	0.395080
4.700880	0.254304
4.721408	0.113529
4.741935	0.117729
4.762463	0.121930
4.782991	0.126130
4.803519	0.130331
4.824047	0.134531
4.844575	0.138732
4.865103	0.142932
4.885630	0.147133
4.906158	0.151334
4.926686	0.155534
4.947214	0.208194
4.967742	0.260854
4.988270	0.313515
5.008798	0.366175
5.029326	0.418835
5.049853	0.471495
5.070381	0.524155
5.090909	0.576816
5.111437	0.629476
5.131965	0.682136
5.152493	0.699755
5.173021	0.717374
5.193548	0.734992
5.214076	0.752611
5.234604	0.770230
5.255132	0.787849
5.275660	0.805467
5.296188	0.823086
5.316716	0.840705
5.337243	0.858324
5.357771	0.806755
5.378299	0.755185
5.398827	0.703616
5.419355	0.652047
5.439883	0.600478
5.460411	0.548908
5.480938	0.497339
5.501466	0.445770
5.521994	0.394201
5.542522	0.342631
5.563050	0.396250
5.583578	0.449868
5.604106	0.503486
5.624633	0.557104
5.645161	0.610722
5.665689	0.664340
5.686217	0.717959
5.706745	0.771577
5.727273	0.825195
5.747801	0.878813
5.768328	0.851522
5.788856	0.824232
5.809384	0.796941
5.829912	0.769650
5.850440	0.742360
5.870968	0.715069
5.891496	0.687779
5.912023	0.660488
5.932551	0.633197
5.953079	0.605907
5.973607	0.552092
5.994135	0.498277
6.014663	0.444463
6.035191	0.390648
6.055718	0.336833
6.076246	0.283019
6.096774	0.229204
6.117302	0.175389
6.137830	0.121574
6.158358	0.067760
6.178886	0.072562
6.199413	0.077364
6.219941	0.082166
6.240469	0.086968
6.260997	0.091770
6.281525	0.096573
6.302053	0.101375
6.322581	0.106177
6.343109	0.110979
6.363636	0.115781
6.384164	0.112275
6.404692	0.108769
6.425220	0.105262
6.445748	0.101756
6.466276	0.098250
6.486804	0.094743
6.507331	0.091237
6.527859	0.087731
6.548387	0.084224
6.568915	0.080718
6.589443	0.106768
6.609971	0.132817
6.630499	0.158867
6.651026	0.184917
6.671554	0.210967
6.692082	0.237016
6.712610	0.263066
6.733138	0.289116
6.753666	0.315166
6.774194	0.341216
6.794721	0.312547
6.815249	0.283877
6.835777	0.255208
6.856305	0.226539
6.876833	0.197870
6.897361	0.169201
6.917889	0.140532
6.938416	0.111863
6.958944	0.083194
6.979472	0.054525
