0.000000	0.000000
0.020528	0.000000
0.041056	0.000000
0.061584	0.000000
0.082111	0.000000
0.102639	0.000000
0.123167	0.000000
0.143695	0.000000
0.164223	0.000000
0.184751	0.000000
0.205279	0.000000
0.225806	0.000000
0.246334	0.000000
0.266862	0.000000
0.287390	0.000000
0.307918	0.000000
0.328446	0.000000
0.348974	0.000000
0.369501	0.000000
0.390029	0.000000
0.410557	0.000000
0.431085	0.000000
0.451613	0.000000
0.472141	0.000000
0.492669	0.000000
0.513196	0.000000
0.533724	0.000000
0.554252	0.000000
0.574780	0.000000
0.595308	0.000000
0.615836	0.000000
0.636364	0.000000
0.656891	0.000000
0.677419	0.000000
0.697947	0.000000
0.718475	0.000000
0.739003	0.000000
0.759531	0.000000
0.780059	0.000000
0.800587	0.000000
0.821114	0.000000
0.841642	0.000000
0.862170	0.000000
0.882698	0.000000
0.903226	0.000000
0.923754	0.000000
0.944282	0.000000
0.964809	0.000000
0.985337	0.000000
1.005865	0.000000
1.026393	0.000000
1.046921	0.000000
1.067449	0.000000
1.087977	0.000000
1.108504	0.000000
1.129032	0.000000
1.149560	0.000000
1.170088	0.000000
1.190616	0.000000
1.211144	0.000000
1.231672	0.000000
1.252199	0.000000
1.272727	0.000000
1.293255	0.000000
1.313783	0.000000
1.334311	0.000000
1.354839	0.000000
1.375367	0.000000
1.395894	0.000000
1.416422	0.000000
1.436950	0.000000
1.457478	0.000000
1.478006	0.000000
1.498534	0.000000
1.519062	0.000000
1.539589	0.000000
1.560117	0.000000
1.580645	0.000000
1.601173	0.000000
1.621701	0.000000
1.642229	0.000000
1.662757	0.000000
1.683284	0.000000
1.703812	0.000000
1.724340	0.000000
1.744868	0.000000
1.765396	0.000000
1.785924	0.000000
1.806452	0.000000
1.826979	0.000000
1.847507	0.000000
1.868035	0.000000
1.888563	0.000000
1.909091	0.000000
1.929619	0.000000
1.950147	0.000000
1.970674	0.000000
1.991202	0.000000
2.011730	0.000000
2.032258	0.000000
2.052786	0.000000
2.073314	0.000000
2.093842	0.000000
2.114370	0.000000
2.134897	0.000000
2.155425	0.000000
2.175953	0.000000
2.196481	0.000000
2.217009	0.000000
2.237537	0.000000
2.258065	0.000000
2.278592	0.000000
2.299120	0.000000
2.319648	0.000000
2.340176	0.000000
2.360704	0.000000
2.381232	0.000000
2.401760	0.000000
2.422287	0.000000
2.442815	0.000000
2.463343	0.000000
2.483871	0.000000
2.504399	0.000000
2.524927	0.000000
2.545455	0.000000
2.565982	0.000000
2.586510	0.000000
2.607038	0.000000
2.627566	0.000000
2.648094	0.000000
2.668622	0.000000
2.689150	4.001127
2.709677	8.002254
2.730205	12.003381
2.750733	16.004508
2.771261	20.005635
2.791789	24.006762
2.812317	28.007890
2.832845	32.009017
2.853372	36.010144
2.873900	40.011271
2.894428	46.010144
2.914956	52.009017
2.935484	58.007890
2.956012	64.006762
2.976540	70.005635
2.997067	76.004508
3.017595	82.003381
3.038123	88.002254
3.058651	94.001127
3.079179	100.000000
3.099707	98.502254
3.120235	97.004508
3.140762	95.506762
3.161290	94.009017
3.181818	92.511271
3.202346	91.013525
3.222874	89.515779
3.243402	88.018033
3.263930	86.520287
3.284457	85.022542
3.304985	79.329170
3.325513	73.635799
3.346041	67.942427
3.366569	62.249056
3.387097	56.555685
3.407625	50.862313
3.428152	45.168942
3.448680	39.475571
3.469208	33.782199
3.489736	28.088828
3.510264	27.150454
3.530792	26.212080
3.551320	25.273706
3.571848	24.335332
3.592375	23.396959
3.612903	22.458585
3.633431	21.520211
3.653959	20.581837
3.674487	19.643463
3.695015	18.705089
3.715543	18.015736
3.736070	17.326383
3.756598	16.637030
3.777126	15.947677
3.797654	15.258324
3.818182	14.568970
3.838710	13.879617
3.859238	13.190264
3.879765	12.500911
3.900293	11.811558
3.920821	11.044489
3.941349	10.277421
3.961877	9.510352
3.982405	8.743284
4.002933	7.976216
4.023460	7.209147
4.043988	6.442079
4.064516	5.675011
4.085044	4.907942
4.105572	4.140874
4.126100	3.882740
4.146628	3.624606
4.167155	3.366473
4.187683	3.108339
4.208211	2.850206
4.228739	2.592072
4.249267	2.333938
4.269795	2.075805
4.290323	1.817671
4.310850	1.559537
4.331378	1.450829
4.351906	1.342121
4.372434	1.233412
4.392962	1.124704
4.413490	1.015996
4.434018	0.907287
4.454545	0.798579
4.475073	0.689871
4.495601	0.581163
4.516129	0.472454
4.536657	0.427571
4.557185	0.382688
4.577713	0.337805
4.598240	0.292922
4.618768	0.248038
4.639296	0.203155
4.659824	0.158272
4.680352	0.113389
4.700880	0.068506
4.721408	0.023623
4.741935	0.021379
4.762463	0.019134
4.782991	0.016890
4.803519	0.014646
4.824047	0.012402
4.844575	0.010158
4.865103	0.007914
4.885630	0.005669
4.906158	0.003425
4.926686	0.001181
4.947214	0.001069
4.967742	0.000957
4.988270	0.000845
5.008798	0.000732
5.029326	0.000620
5.049853	0.000508
5.070381	0.000396
5.090909	0.000283
5.111437	0.000171
5.131965	0.000059
5.152493	0.000053
5.173021	0.000048
5.193548	0.000042
5.214076	0.000037
5.234604	0.000031
5.255132	0.000025
5.275660	0.000020
5.296188	0.000014
5.316716	0.000009
5.337243	0.000003
5.357771	0.033815
5.378299	0.067627
5.398827	0.101439
5.419355	0.135251
5.439883	0.169063
5.460411	0.202875
5.480938	0.236687
5.501466	0.270499
5.521994	0.304312
5.542522	0.338124
5.563050	0.469428
5.583578	0.600733
5.604106	0.732037
5.624633	0.863342
5.645161	0.994646
5.665689	1.125951
5.686217	1.257256
5.706745	1.388560
5.727273	1.519865
5.747801	1.651169
5.768328	1.635193
5.788856	1.619217
5.809384	1.603240
5.829912	1.587264
5.850440	1.571288
5.870968	1.555311
5.891496	1.539335
5.912023	1.523359
5.932551	1.507382
5.953079	1.491406
5.973607	1.535690
5.994135	1.579975
6.014663	1.624259
6.035191	1.668543
6.055718	1.712828
6.076246	1.757112
6.096774	1.801396
6.117302	1.845680
6.137830	1.889965
6.158358	1.934249
6.178886	1.812485
6.199413	1.690720
6.219941	1.568956
6.240469	1.447192
6.260997	1.325427
6.281525	1.203663
6.302053	1.081898
6.322581	0.960134
6.343109	0.838370
6.363636	0.716605
6.384164	0.665434
6.404692	0.614263
6.425220	0.563091
6.445748	0.511920
6.466276	0.460749
6.486804	0.409577
6.507331	0.358406
6.527859	0.307235
6.548387	0.256063
6.568915	0.204892
6.589443	0.191063
6.609971	0.177233
6.630499	0.163404
6.651026	0.149575
6.671554	0.135745
6.692082	0.121916
6.712610	0.108087
6.733138	0.094257
6.753666	0.080428
6.774194	0.066599
6.794721	0.071542
6.815249	0.076486
6.835777	0.081430
6.856305	0.086374
6.876833	0.091318
6.897361	0.096262
6.917889	0.101206
6.938416	0.106150
6.958944	0.111094
6.979472	0.116038
