0.000000	0.000000
0.020528	0.000000
0.041056	0.000000
0.061584	0.000000
0.082111	0.000000
0.102639	0.000000
0.123167	0.000000
0.143695	0.000000
0.164223	0.000000
0.184751	0.000000
0.205279	0.000000
0.225806	0.000000
0.246334	0.000000
0.266862	0.000000
0.287390	0.000000
0.307918	0.000000
0.328446	0.000000
0.348974	0.000000
0.369501	0.000000
0.390029	0.000000
0.410557	0.000000
0.431085	0.000000
0.451613	0.000000
0.472141	0.000000
0.492669	0.000000
0.513196	0.000000
0.533724	0.000000
0.554252	0.000000
0.574780	0.000000
0.595308	0.000000
0.615836	0.000000
0.636364	0.000000
0.656891	0.000000
0.677419	0.000000
0.697947	0.000000
0.718475	0.000000
0.739003	0.000000
0.759531	0.000000
0.780059	0.000000
0.800587	0.000000
0.821114	0.000000
0.841642	0.000000
0.862170	0.000000
0.882698	0.000000
0.903226	0.000000
0.923754	0.000000
0.944282	0.000000
0.964809	0.000000
0.985337	0.000000
1.005865	0.000000
1.026393	0.000000
1.046921	0.000000
1.067449	0.000000
1.087977	0.000000
1.108504	0.000000
1.129032	0.000000
1.149560	0.000000
1.170088	0.000000
1.190616	0.000000
1.211144	0.000000
1.231672	0.000000
1.252199	0.000000
1.272727	0.000000
1.293255	0.000000
1.313783	0.000000
1.334311	0.000000
1.354839	0.000000
1.375367	0.000000
1.395894	0.000000
1.416422	0.000000
1.436950	0.000000
1.457478	0.000000
1.478006	0.000000
1.498534	0.000000
1.519062	0.000000
1.539589	0.000000
1.560117	0.000000
1.580645	0.000000
1.601173	0.000000
1.621701	0.000000
1.642229	0.000000
1.662757	0.000000
1.683284	0.000000
1.703812	0.000000
1.724340	0.000000
1.744868	0.000000
1.765396	0.000000
1.785924	0.000000
1.806452	0.000000
1.826979	0.000000
1.847507	0.000000
1.868035	0.000000
1.888563	0.000000
1.909091	0.000000
1.929619	0.000000
1.950147	0.000000
1.970674	0.000000
1.991202	0.000000
2.011730	0.000000
2.032258	0.000000
2.052786	0.000000
2.073314	0.000000
2.093842	0.000000
2.114370	0.000000
2.134897	0.000000
2.155425	0.000000
2.175953	0.000000
2.196481	0.000000
2.217009	0.000000
2.237537	0.000000
2.258065	0.000000
2.278592	1.322485
2.299120	2.644971
2.319648	3.967456
2.340176	5.289941
2.360704	6.612426
2.381232	7.934912
2.401760	9.257397
2.422287	10.579882
2.442815	11.902368
2.463343	13.224853
2.483871	21.902368
2.504399	30.579882
2.524927	39.257397
2.545455	47.934912
2.565982	56.612426
2.586510	65.289941
2.607038	73.967456
2.627566	82.644971
2.648094	91.322485
2.668622	100.000000
2.689150	97.825472
2.709677	95.650943
2.730205	93.476415
2.750733	91.301886
2.771261	89.127358
2.791789	86.952829
2.812317	84.778301
2.832845	82.603772
2.853372	80.429244
2.873900	78.254716
2.894428	73.684887
2.914956	69.115058
2.935484	64.545229
2.956012	59.975400
2.976540	55.405571
2.997067	50.835742
3.017595	46.265913
3.038123	41.696084
3.058651	37.126255
3.079179	32.556427
3.099707	31.956177
3.120235	31.355927
3.140762	30.755677
3.161290	30.155427
3.181818	29.555177
3.202346	28.954927
3.222874	28.354677
3.243402	27.754427
3.263930	27.154177
3.284457	26.553927
3.304985	26.164344
3.325513	25.774762
3.346041	25.385180
3.366569	24.995598
3.387097	24.606016
3.407625	24.216433
3.428152	23.826851
3.448680	23.437269
3.469208	23.047687
3.489736	22.658104
3.510264	21.023609
3.530792	19.389113
3.551320	17.754617
3.571848	16.120121
3.592375	14.485626
3.612903	12.851130
3.633431	11.216634
3.653959	9.582139
3.674487	7.947643
3.695015	6.313147
3.715543	6.012024
3.736070	5.710901
3.756598	5.409777
3.777126	5.108654
3.797654	4.807531
3.818182	4.506408
3.838710	4.205284
3.859238	3.904161
3.879765	3.603038
3.900293	3.301914
3.920821	3.061365
3.941349	2.820816
3.961877	2.580267
3.982405	2.339718
4.002933	2.099169
4.023460	1.858620
4.043988	1.618071
4.064516	1.377522
4.085044	1.136973
4.105572	0.896424
4.126100	0.975813
4.146628	1.055201
4.167155	1.134590
4.187683	1.213978
4.208211	1.293367
4.228739	1.372755
4.249267	1.452144
4.269795	1.531533
4.290323	1.610921
4.310850	1.690310
4.331378	1.529730
4.351906	1.369151
4.372434	1.208572
4.392962	1.047992
4.413490	0.887413
4.434018	0.726833
4.454545	0.566254
4.475073	0.405674
4.495601	0.245095
4.516129	0.084515
4.536657	0.076487
4.557185	0.068458
4.577713	0.060429
4.598240	0.052400
4.618768	0.044371
4.639296	0.036342
4.659824	0.028313
4.680352	0.020284
4.700880	0.012255
4.721408	0.004226
4.741935	0.040391
4.762463	0.076556
4.782991	0.112721
4.803519	0.148886
4.824047	0.185051
4.844575	0.221216
4.865103	0.257381
4.885630	0.293545
4.906158	0.329710
4.926686	0.365875
4.947214	0.416439
4.967742	0.467002
4.988270	0.517566
5.008798	0.568129
5.029326	0.618693
5.049853	0.669256
5.070381	0.719820
5.090909	0.770383
5.111437	0.820947
5.131965	0.871510
5.152493	0.947171
5.173021	1.022832
5.193548	1.098493
5.214076	1.174154
5.234604	1.249815
5.255132	1.325476
5.275660	1.401137
5.296188	1.476798
5.316716	1.552459
5.337243	1.628120
5.357771	1.522204
5.378299	1.416288
5.398827	1.310372
5.419355	1.204455
5.439883	1.098539
5.460411	0.992623
5.480938	0.886707
5.501466	0.780791
5.521994	0.674874
5.542522	0.568958
5.563050	0.691645
5.583578	0.814331
5.604106	0.937018
5.624633	1.059705
5.645161	1.182391
5.665689	1.305078
5.686217	1.427765
5.706745	1.550451
5.727273	1.673138
5.747801	1.795825
5.768328	1.673976
5.788856	1.552128
5.809384	1.430280
5.829912	1.308432
5.850440	1.186584
5.870968	1.064736
5.891496	0.942888
5.912023	0.821040
5.932551	0.699192
5.953079	0.577343
5.973607	0.534685
5.994135	0.492026
6.014663	0.449367
6.035191	0.406708
6.055718	0.364049
6.076246	0.321390
6.096774	0.278732
6.117302	0.236073
6.137830	0.193414
6.158358	0.150755
6.178886	0.136433
6.199413	0.122112
6.219941	0.107790
6.240469	0.093468
6.260997	0.079146
6.281525	0.064825
6.302053	0.050503
6.322581	0.036181
6.343109	0.021860
6.363636	0.007538
6.384164	0.025105
6.404692	0.042672
6.425220	0.060239
6.445748	0.077806
6.466276	0.095373
6.486804	0.112940
6.507331	0.130508
6.527859	0.148075
6.548387	0.165642
6.568915	0.183209
6.589443	0.165804
6.609971	0.148399
6.630499	0.130994
6.651026	0.113590
6.671554	0.096185
6.692082	0.078780
6.712610	0.061375
6.733138	0.043970
6.753666	0.026565
6.774194	0.009160
6.794721	0.026573
6.815249	0.043986
6.835777	0.061399
6.856305	0.078812
6.876833	0.096225
6.897361	0.113638
6.917889	0.131051
6.938416	0.148464
6.958944	0.165877
6.979472	0.183290
