0.000000	0.000000
0.020528	0.001472
0.041056	0.002945
0.061584	0.004417
0.082111	0.005889
0.102639	0.007362
0.123167	0.008834
0.143695	0.010306
0.164223	0.011778
0.184751	0.013251
0.205279	0.014723
0.225806	0.013324
0.246334	0.011926
0.266862	0.010527
0.287390	0.009128
0.307918	0.007730
0.328446	0.006331
0.348974	0.004932
0.369501	0.003534
0.390029	0.002135
0.410557	0.000736
0.431085	0.000666
0.451613	0.000596
0.472141	0.000526
0.492669	0.000456
0.513196	0.000386
0.533724	0.000317
0.554252	0.000247
0.574780	0.000177
0.595308	0.000107
0.615836	0.000037
0.636364	0.000524
0.656891	0.001011
0.677419	0.001499
0.697947	0.001986
0.718475	0.002473
0.739003	0.002960
0.759531	0.003448
0.780059	0.003935
0.800587	0.004422
0.821114	0.004910
0.841642	0.007879
0.862170	0.010848
0.882698	0.013817
0.903226	0.016785
0.923754	0.019754
0.944282	0.022723
0.964809	0.025692
0.985337	0.028661
1.005865	0.031630
1.026393	0.034599
1.046921	0.034257
1.067449	0.033915
1.087977	0.033572
1.108504	0.033230
1.129032	0.032888
1.149560	0.032545
1.170088	0.032203
1.190616	0.031861
1.211144	0.031519
1.231672	0.031176
1.252199	0.085144
1.272727	0.139111
1.293255	0.193079
1.313783	0.247047
1.334311	0.301014
1.354839	0.354982
1.375367	0.408950
1.395894	0.462917
1.416422	0.516885
1.436950	0.570853
1.457478	0.711703
1.478006	0.852553
1.498534	0.993404
1.519062	1.134254
1.539589	1.275104
1.560117	1.415954
1.580645	1.556805
1.601173	1.697655
1.621701	1.838505
1.642229	1.979356
1.662757	1.843339
1.683284	1.707321
1.703812	1.571304
1.724340	1.435287
1.744868	1.299270
1.765396	1.163253
1.785924	1.027236
1.806452	0.891219
1.826979	0.755202
1.847507	0.619185
1.868035	0.586618
1.888563	0.554052
1.909091	0.521486
1.929619	0.488919
1.950147	0.456353
1.970674	0.423787
1.991202	0.391220
2.011730	0.358654
2.032258	0.326088
2.052786	0.293521
2.073314	0.482067
2.093842	0.670612
2.114370	0.859157
2.134897	1.047703
2.155425	1.236248
2.175953	1.424793
2.196481	1.613338
2.217009	1.801884
2.237537	1.990429
2.258065	2.178974
2.278592	8.040595
2.299120	13.902216
2.319648	19.763837
2.340176	25.625458
2.360704	31.487079
2.381232	37.348700
2.401760	43.210321
2.422287	49.071942
2.442815	54.933563
2.463343	60.795184
2.483871	57.256819
2.504399	53.718455
2.524927	50.180090
2.545455	46.641725
2.565982	43.103360
2.586510	39.564995
2.607038	36.026630
2.627566	32.488266
2.648094	28.949901
2.668622	25.411536
2.689150	27.376831
2.709677	29.342127
2.730205	31.307422
2.750733	33.272717
2.771261	35.238013
2.791789	37.203308
2.812317	39.168603
2.832845	41.133898
2.853372	43.099194
2.873900	45.064489
2.894428	50.558040
2.914956	56.051591
2.935484	61.545142
2.956012	67.038693
2.976540	72.532245
2.997067	78.025796
3.017595	83.519347
3.038123	89.012898
3.058651	94.506449
3.079179	100.000000
3.099707	98.619063
3.120235	97.238126
3.140762	95.857189
3.161290	94.476252
3.181818	93.095315
3.202346	91.714378
3.222874	90.333441
3.243402	88.952504
3.263930	87.571567
3.284457	86.190630
3.304985	86.503648
3.325513	86.816666
3.346041	87.129684
3.366569	87.442702
3.387097	87.755720
3.407625	88.068738
3.428152	88.381756
3.448680	88.694775
3.469208	89.007793
3.489736	89.320811
3.510264	84.244471
3.530792	79.168132
3.551320	74.091793
3.571848	69.015454
3.592375	63.939115
3.612903	58.862775
3.633431	53.786436
3.653959	48.710097
3.674487	43.633758
3.695015	38.557419
3.715543	36.977785
3.736070	35.398151
3.756598	33.818518
3.777126	32.238884
3.797654	30.659250
3.818182	29.079617
3.838710	27.499983
3.859238	25.920349
3.879765	24.340716
3.900293	22.761082
3.920821	21.919197
3.941349	21.077313
3.961877	20.235428
3.982405	19.393544
4.002933	18.551659
4.023460	17.709775
4.043988	16.867890
4.064516	16.026006
4.085044	15.184121
4.105572	14.342236
4.126100	13.624842
4.146628	12.907447
4.167155	12.190053
4.187683	11.472658
4.208211	10.755264
4.228739	10.037869
4.249267	9.320475
4.269795	8.603080
4.290323	7.885686
4.310850	7.168291
4.331378	6.805323
4.351906	6.442354
4.372434	6.079386
4.392962	5.716418
4.413490	5.353449
4.434018	4.990481
4.454545	4.627513
4.475073	4.264545
4.495601	3.901576
4.516129	3.538608
4.536657	3.348444
4.557185	3.158281
4.577713	2.968117
4.598240	2.777954
4.618768	2.587790
4.639296	2.397627
4.659824	2.207463
4.680352	2.017300
4.700880	1.827136
4.721408	1.636973
4.741935	1.532501
4.762463	1.428028
4.782991	1.323556
4.803519	1.219084
4.824047	1.114611
4.844575	1.010139
4.865103	0.905667
4.885630	0.801195
4.906158	0.696722
4.926686	0.592250
4.947214	0.558071
4.967742	0.523892
4.988270	0.489713
5.008798	0.455534
5.029326	0.421355
5.049853	0.387176
5.070381	0.352996
5.090909	0.318817
5.111437	0.284638
5.131965	0.250459
5.152493	0.233782
5.173021	0.217104
5.193548	0.200427
5.214076	0.183749
5.234604	0.167072
5.255132	0.150395
5.275660	0.133717
5.296188	0.117040
5.316716	0.100362
5.337243	0.083685
5.357771	0.078189
5.378299	0.072692
5.398827	0.067196
5.419355	0.061700
5.439883	0.056204
5.460411	0.050708
5.480938	0.045211
5.501466	0.039715
5.521994	0.034219
5.542522	0.028723
5.563050	0.029184
5.583578	0.029645
5.604106	0.030107
5.624633	0.030568
5.645161	0.031029
5.665689	0.031491
5.686217	0.031952
5.706745	0.032414
5.727273	0.032875
5.747801	0.033336
5.768328	0.030660
5.788856	0.027984
5.809384	0.025308
5.829912	0.022632
5.850440	0.019955
5.870968	0.017279
5.891496	0.014603
5.912023	0.011927
5.932551	0.009251
5.953079	0.006575
5.973607	0.006441
5.994135	0.006307
6.014663	0.006173
6.035191	0.006039
6.055718	0.005905
6.076246	0.005772
6.096774	0.005638
6.117302	0.005504
6.137830	0.005370
6.158358	0.005236
6.178886	0.004739
6.199413	0.004242
6.219941	0.003744
6.240469	0.003247
6.260997	0.002749
6.281525	0.002252
6.302053	0.001754
6.322581	0.001257
6.343109	0.000759
6.363636	0.000262
6.384164	0.000237
6.404692	0.000212
6.425220	0.000187
6.445748	0.000162
6.466276	0.000137
6.486804	0.000113
6.507331	0.000088
6.527859	0.000063
6.548387	0.000038
6.568915	0.000013
6.589443	0.000257
6.609971	0.000501
6.630499	0.000746
6.651026	0.000990
6.671554	0.001234
6.692082	0.001478
6.712610	0.001722
6.733138	0.001966
6.753666	0.002210
6.774194	0.002455
6.794721	0.002221
6.815249	0.001988
6.835777	0.001755
6.856305	0.001522
6.876833	0.001289
6.897361	0.001055
6.917889	0.000822
6.938416	0.000589
6.958944	0.000356
6.979472	0.000123
