0.000000	0.000000
0.020528	0.000000
0.041056	0.000000
0.061584	0.000000
0.082111	0.000000
0.102639	0.000000
0.123167	0.000000
0.143695	0.000000
0.164223	0.000000
0.184751	0.000000
0.205279	0.000000
0.225806	0.000000
0.246334	0.000000
0.266862	0.000000
0.287390	0.000000
0.307918	0.000000
0.328446	0.000000
0.348974	0.000000
0.369501	0.000000
0.390029	0.000000
0.410557	0.000000
0.431085	0.000000
0.451613	0.000000
0.472141	0.000000
0.492669	0.000000
0.513196	0.000000
0.533724	0.000000
0.554252	0.000000
0.574780	0.000000
0.595308	0.000000
0.615836	0.000000
0.636364	0.000000
0.656891	0.000000
0.677419	0.000000
0.697947	0.000000
0.718475	0.000000
0.739003	0.000000
0.759531	0.000000
0.780059	0.000000
0.800587	0.000000
0.821114	0.000000
0.841642	0.000000
0.862170	0.000000
0.882698	0.000000
0.903226	0.000000
0.923754	0.000000
0.944282	0.000000
0.964809	0.000000
0.985337	0.000000
1.005865	0.000000
1.026393	0.000000
1.046921	0.000000
1.067449	0.000000
1.087977	0.000000
1.108504	0.000000
1.129032	0.000000
1.149560	0.000000
1.170088	0.000000
1.190616	0.000000
1.211144	0.000000
1.231672	0.000000
1.252199	0.000000
1.272727	0.000000
1.293255	0.000000
1.313783	0.000000
1.334311	0.000000
1.354839	0.000000
1.375367	0.000000
1.395894	0.000000
1.416422	0.000000
1.436950	0.000000
1.457478	0.000000
1.478006	0.000000
1.498534	0.000000
1.519062	0.000000
1.539589	0.000000
1.560117	0.000000
1.580645	0.000000
1.601173	0.000000
1.621701	0.000000
1.642229	0.000000
1.662757	0.000000
1.683284	0.000000
1.703812	0.000000
1.724340	0.000000
1.744868	0.000000
1.765396	0.000000
1.785924	0.000000
1.806452	0.000000
1.826979	0.000000
1.847507	0.000000
1.868035	0.000000
1.888563	0.000000
1.909091	0.000000
1.929619	0.000000
1.950147	0.000000
1.970674	0.000000
1.991202	0.000000
2.011730	0.000000
2.032258	0.000000
2.052786	0.000000
2.073314	0.000000
2.093842	0.000000
2.114370	0.000000
2.134897	0.000000
2.155425	0.000000
2.175953	0.000000
2.196481	0.000000
2.217009	0.000000
2.237537	0.000000
2.258065	0.000000
2.278592	0.465313
2.299120	0.930627
2.319648	1.395940
2.340176	1.861254
2.360704	2.326567
2.381232	2.791880
2.401760	3.257194
2.422287	3.722507
2.442815	4.187820
2.463343	4.653134
2.483871	8.423834
2.504399	12.194534
2.524927	15.965234
2.545455	19.735935
2.565982	23.506635
2.586510	27.277335
2.607038	31.048035
2.627566	34.818736
2.648094	38.589436
2.668622	42.360136
2.689150	48.124122
2.709677	53.888109
2.730205	59.652095
2.750733	65.416082
2.771261	71.180068
2.791789	76.944054
2.812317	82.708041
2.832845	88.472027
2.853372	94.236014
2.873900	100.000000
2.894428	93.445600
2.914956	86.891200
2.935484	80.336800
2.956012	73.782400
2.976540	67.227999
2.997067	60.673599
3.017595	54.119199
3.038123	47.564799
3.058651	41.010399
3.079179	34.455999
3.099707	33.226734
3.120235	31.997469
3.140762	30.768205
3.161290	29.538940
3.181818	28.309675
3.202346	27.080411
3.222874	25.851146
3.243402	24.621881
3.263930	23.392617
3.284457	22.163352
3.304985	21.158798
3.325513	20.154245
3.346041	19.149691
3.366569	18.145137
3.387097	17.140583
3.407625	16.136030
3.428152	15.131476
3.448680	14.126922
3.469208	13.122368
3.489736	12.117815
3.510264	11.469327
3.530792	10.820839
3.551320	10.172351
3.571848	9.523864
3.592375	8.875376
3.612903	8.226888
3.633431	7.578400
3.653959	6.929913
3.674487	6.281425
3.695015	5.632937
3.715543	5.347083
3.736070	5.061229
3.756598	4.775375
3.777126	4.489521
3.797654	4.203667
3.818182	3.917813
3.838710	3.631959
3.859238	3.346105
3.879765	3.060251
3.900293	2.774397
3.920821	2.527448
3.941349	2.280498
3.961877	2.033549
3.982405	1.786600
4.002933	1.539650
4.023460	1.292701
4.043988	1.045751
4.064516	0.798802
4.085044	0.551853
4.105572	0.304903
4.126100	0.300865
4.146628	0.296827
4.167155	0.292788
4.187683	0.288750
4.208211	0.284712
4.228739	0.280673
4.249267	0.276635
4.269795	0.272597
4.290323	0.268558
4.310850	0.264520
4.331378	0.239391
4.351906	0.214261
4.372434	0.189132
4.392962	0.164003
4.413490	0.138873
4.434018	0.113744
4.454545	0.088614
4.475073	0.063485
4.495601	0.038355
4.516129	0.013226
4.536657	0.011970
4.557185	0.010713
4.577713	0.009457
4.598240	0.008200
4.618768	0.006944
4.639296	0.005687
4.659824	0.004431
4.680352	0.003174
4.700880	0.001918
4.721408	0.000661
4.741935	0.029681
4.762463	0.058700
4.782991	0.087719
4.803519	0.116738
4.824047	0.145758
4.844575	0.174777
4.865103	0.203796
4.885630	0.232815
4.906158	0.261835
4.926686	0.290854
4.947214	0.321387
4.967742	0.351920
4.988270	0.382453
5.008798	0.412986
5.029326	0.443519
5.049853	0.474052
5.070381	0.504585
5.090909	0.535118
5.111437	0.565651
5.131965	0.596184
5.152493	0.647566
5.173021	0.698948
5.193548	0.750329
5.214076	0.801711
5.234604	0.853093
5.255132	0.904474
5.275660	0.955856
5.296188	1.007238
5.316716	1.058619
5.337243	1.110001
5.357771	1.170734
5.378299	1.231468
5.398827	1.292201
5.419355	1.352934
5.439883	1.413667
5.460411	1.474401
5.480938	1.535134
5.501466	1.595867
5.521994	1.656600
5.542522	1.717334
5.563050	1.653897
5.583578	1.590460
5.604106	1.527024
5.624633	1.463587
5.645161	1.400150
5.665689	1.336713
5.686217	1.273277
5.706745	1.209840
5.727273	1.146403
5.747801	1.082967
5.768328	0.996703
5.788856	0.910440
5.809384	0.824176
5.829912	0.737913
5.850440	0.651649
5.870968	0.565386
5.891496	0.479122
5.912023	0.392859
5.932551	0.306595
5.953079	0.220332
5.973607	0.203555
5.994135	0.186778
6.014663	0.170001
6.035191	0.153224
6.055718	0.136447
6.076246	0.119670
6.096774	0.102893
6.117302	0.086116
6.137830	0.069339
6.158358	0.052562
6.178886	0.064187
6.199413	0.075812
6.219941	0.087437
6.240469	0.099062
6.260997	0.110687
6.281525	0.122312
6.302053	0.133937
6.322581	0.145562
6.343109	0.157187
6.363636	0.168811
6.384164	0.161084
6.404692	0.153356
6.425220	0.145628
6.445748	0.137900
6.466276	0.130172
6.486804	0.122444
6.507331	0.114716
6.527859	0.106988
6.548387	0.099260
6.568915	0.091532
6.589443	0.082837
6.609971	0.074141
6.630499	0.065446
6.651026	0.056750
6.671554	0.048054
6.692082	0.039359
6.712610	0.030663
6.733138	0.021968
6.753666	0.013272
6.774194	0.004577
6.794721	0.008296
6.815249	0.012016
6.835777	0.015736
6.856305	0.019456
6.876833	0.023176
6.897361	0.026895
6.917889	0.030615
6.938416	0.034335
6.958944	0.038055
6.979472	0.041775
