0.000000	0.000000
0.020528	0.000000
0.041056	0.000000
0.061584	0.000000
0.082111	0.000000
0.102639	0.000000
0.123167	0.000000
0.143695	0.000000
0.164223	0.000000
0.184751	0.000000
0.205279	0.000000
0.225806	0.000000
0.246334	0.000000
0.266862	0.000000
0.287390	0.000000
0.307918	0.000000
0.328446	0.000000
0.348974	0.000000
0.369501	0.000000
0.390029	0.000000
0.410557	0.000000
0.431085	0.000000
0.451613	0.000000
0.472141	0.000000
0.492669	0.000000
0.513196	0.000000
0.533724	0.000000
0.554252	0.000000
0.574780	0.000000
0.595308	0.000000
0.615836	0.000000
0.636364	0.000000
0.656891	0.000000
0.677419	0.000000
0.697947	0.000000
0.718475	0.000000
0.739003	0.000000
0.759531	0.000000
0.780059	0.000000
0.800587	0.000000
0.821114	0.000000
0.841642	0.000000
0.862170	0.000000
0.882698	0.000000
0.903226	0.000000
0.923754	0.000000
0.944282	0.000000
0.964809	0.000000
0.985337	0.000000
1.005865	0.000000
1.026393	0.000000
1.046921	0.000000
1.067449	0.000000
1.087977	0.000000
1.108504	0.000000
1.129032	0.000000
1.149560	0.000000
1.170088	0.000000
1.190616	0.000000
1.211144	0.000000
1.231672	0.000000
1.252199	0.000000
1.272727	0.000000
1.293255	0.000000
1.313783	0.000000
1.334311	0.000000
1.354839	0.000000
1.375367	0.000000
1.395894	0.000000
1.416422	0.000000
1.436950	0.000000
1.457478	0.000000
1.478006	0.000000
1.498534	0.000000
1.519062	0.000000
1.539589	0.000000
1.560117	0.000000
1.580645	0.000000
1.601173	0.000000
1.621701	0.000000
1.642229	0.000000
1.662757	0.000000
1.683284	0.000000
1.703812	0.000000
1.724340	0.000000
1.744868	0.000000
1.765396	0.000000
1.785924	0.000000
1.806452	0.000000
1.826979	0.000000
1.847507	0.000000
1.868035	0.000000
1.888563	0.000000
1.909091	0.000000
1.929619	0.000000
1.950147	0.000000
1.970674	0.000000
1.991202	0.000000
2.011730	0.000000
2.032258	0.000000
2.052786	0.000000
2.073314	0.000000
2.093842	0.000000
2.114370	0.000000
2.134897	0.000000
2.155425	0.000000
2.175953	0.000000
2.196481	0.000000
2.217009	0.000000
2.237537	0.000000
2.258065	0.000000
2.278592	0.000000
2.299120	0.000000
2.319648	0.000000
2.340176	0.000000
2.360704	0.000000
2.381232	0.000000
2.401760	0.000000
2.422287	0.000000
2.442815	0.000000
2.463343	0.000000
2.483871	0.000000
2.504399	0.000000
2.524927	0.000000
2.545455	0.000000
2.565982	0.000000
2.586510	0.000000
2.607038	0.000000
2.627566	0.000000
2.648094	0.000000
2.668622	0.000000
2.689150	0.078516
2.709677	0.157032
2.730205	0.235548
2.750733	0.314064
2.771261	0.392580
2.791789	0.471096
2.812317	0.549612
2.832845	0.628128
2.853372	0.706644
2.873900	0.785160
2.894428	3.196909
2.914956	5.608657
2.935484	8.020406
2.956012	10.432155
2.976540	12.843904
2.997067	15.255653
3.017595	17.667402
3.038123	20.079151
3.058651	22.490900
3.079179	24.902648
3.099707	29.263098
3.120235	33.623548
3.140762	37.983998
3.161290	42.344448
3.181818	46.704897
3.202346	51.065347
3.222874	55.425797
3.243402	59.786247
3.263930	64.146697
3.284457	68.507146
3.304985	71.656432
3.325513	74.805717
3.346041	77.955002
3.366569	81.104288
3.387097	84.253573
3.407625	87.402859
3.428152	90.552144
3.448680	93.701429
3.469208	96.850715
3.489736	100.000000
3.510264	97.932845
3.530792	95.865690
3.551320	93.798535
3.571848	91.731381
3.592375	89.664226
3.612903	87.597071
3.633431	85.529916
3.653959	83.462761
3.674487	81.395606
3.695015	79.328451
3.715543	74.815113
3.736070	70.301775
3.756598	65.788437
3.777126	61.275099
3.797654	56.761761
3.818182	52.248423
3.838710	47.735085
3.859238	43.221747
3.879765	38.708409
3.900293	34.195071
3.920821	32.641175
3.941349	31.087280
3.961877	29.533385
3.982405	27.979489
4.002933	26.425594
4.023460	24.871699
4.043988	23.317803
4.064516	21.763908
4.085044	20.210012
4.105572	18.656117
4.126100	17.413769
4.146628	16.171420
4.167155	14.929072
4.187683	13.686724
4.208211	12.444375
4.228739	11.202027
4.249267	9.959679
4.269795	8.717330
4.290323	7.474982
4.310850	6.232634
4.331378	5.993855
4.351906	5.755077
4.372434	5.516299
4.392962	5.277520
4.413490	5.038742
4.434018	4.799964
4.454545	4.561185
4.475073	4.322407
4.495601	4.083629
4.516129	3.844850
4.536657	3.636621
4.557185	3.428393
4.577713	3.220164
4.598240	3.011935
4.618768	2.803706
4.639296	2.595477
4.659824	2.387248
4.680352	2.179020
4.700880	1.970791
4.721408	1.762562
4.741935	1.595119
4.762463	1.427675
4.782991	1.260232
4.803519	1.092788
4.824047	0.925345
4.844575	0.757902
4.865103	0.590458
4.885630	0.423015
4.906158	0.255571
4.926686	0.088128
4.947214	0.105928
4.967742	0.123728
4.988270	0.141528
5.008798	0.159327
5.029326	0.177127
5.049853	0.194927
5.070381	0.212727
5.090909	0.230527
5.111437	0.248326
5.131965	0.266126
5.152493	0.240844
5.173021	0.215562
5.193548	0.190280
5.214076	0.164998
5.234604	0.139716
5.255132	0.114434
5.275660	0.089152
5.296188	0.063870
5.316716	0.038588
5.337243	0.013306
5.357771	0.012042
5.378299	0.010778
5.398827	0.009514
5.419355	0.008250
5.439883	0.006986
5.460411	0.005722
5.480938	0.004458
5.501466	0.003194
5.521994	0.001929
5.542522	0.000665
5.563050	0.000602
5.583578	0.000539
5.604106	0.000476
5.624633	0.000412
5.645161	0.000349
5.665689	0.000286
5.686217	0.000223
5.706745	0.000160
5.727273	0.000096
5.747801	0.000033
5.768328	0.000030
5.788856	0.000027
5.809384	0.000024
5.829912	0.000021
5.850440	0.000017
5.870968	0.000014
5.891496	0.000011
5.912023	0.000008
5.932551	0.000005
5.953079	0.000002
5.973607	0.196291
5.994135	0.392581
6.014663	0.588871
6.035191	0.785161
6.055718	0.981450
6.076246	1.177740
6.096774	1.374030
6.117302	1.570320
6.137830	1.766610
6.158358	1.962899
6.178886	1.959628
6.199413	1.956356
6.219941	1.953085
6.240469	1.949813
6.260997	1.946542
6.281525	1.943270
6.302053	1.939999
6.322581	1.936727
6.343109	1.933456
6.363636	1.930184
6.384164	1.864591
6.404692	1.798997
6.425220	1.733404
6.445748	1.667810
6.466276	1.602217
6.486804	1.536623
6.507331	1.471029
6.527859	1.405436
6.548387	1.339842
6.568915	1.274249
6.589443	1.264426
6.609971	1.254603
6.630499	1.244781
6.651026	1.234958
6.671554	1.225135
6.692082	1.215313
6.712610	1.205490
6.733138	1.195667
6.753666	1.185845
6.774194	1.176022
6.794721	1.142816
6.815249	1.109610
6.835777	1.076404
6.856305	1.043198
6.876833	1.009991
6.897361	0.976785
6.917889	0.943579
6.938416	0.910373
6.958944	0.877167
6.979472	0.843961
