0.000000	0.000000
0.020528	0.000000
0.041056	0.000000
0.061584	0.000000
0.082111	0.000000
0.102639	0.000000
0.123167	0.000000
0.143695	0.000000
0.164223	0.000000
0.184751	0.000000
0.205279	0.000000
0.225806	0.000000
0.246334	0.000000
0.266862	0.000000
0.287390	0.000000
0.307918	0.000000
0.328446	0.000000
0.348974	0.000000
0.369501	0.000000
0.390029	0.000000
0.410557	0.000000
0.431085	0.000000
0.451613	0.000000
0.472141	0.000000
0.492669	0.000000
0.513196	0.000000
0.533724	0.000000
0.554252	0.000000
0.574780	0.000000
0.595308	0.000000
0.615836	0.000000
0.636364	0.000000
0.656891	0.000000
0.677419	0.000000
0.697947	0.000000
0.718475	0.000000
0.739003	0.000000
0.759531	0.000000
0.780059	0.000000
0.800587	0.000000
0.821114	0.000000
0.841642	0.000000
0.862170	0.000000
0.882698	0.000000
0.903226	0.000000
0.923754	0.000000
0.944282	0.000000
0.964809	0.000000
0.985337	0.000000
1.005865	0.000000
1.026393	0.000000
1.046921	0.000000
1.067449	0.000000
1.087977	0.000000
1.108504	0.000000
1.129032	0.000000
1.149560	0.000000
1.170088	0.000000
1.190616	0.000000
1.211144	0.000000
1.231672	0.000000
1.252199	0.000000
1.272727	0.000000
1.293255	0.000000
1.313783	0.000000
1.334311	0.000000
1.354839	0.000000
1.375367	0.000000
1.395894	0.000000
1.416422	0.000000
1.436950	0.000000
1.457478	0.000000
1.478006	0.000000
1.498534	0.000000
1.519062	0.000000
1.539589	0.000000
1.560117	0.000000
1.580645	0.000000
1.601173	0.000000
1.621701	0.000000
1.642229	0.000000
1.662757	0.000000
1.683284	0.000000
1.703812	0.000000
1.724340	0.000000
1.744868	0.000000
1.765396	0.000000
1.785924	0.000000
1.806452	0.000000
1.826979	0.000000
1.847507	0.000000
1.868035	0.000000
1.888563	0.000000
1.909091	0.000000
1.929619	0.000000
1.950147	0.000000
1.970674	0.000000
1.991202	0.000000
2.011730	0.000000
2.032258	0.000000
2.052786	0.000000
2.073314	0.000000
2.093842	0.000000
2.114370	0.000000
2.134897	0.000000
2.155425	0.000000
2.175953	0.000000
2.196481	0.000000
2.217009	0.000000
2.237537	0.000000
2.258065	0.000000
2.278592	0.000000
2.299120	0.000000
2.319648	0.000000
2.340176	0.000000
2.360704	0.000000
2.381232	0.000000
2.401760	0.000000
2.422287	0.000000
2.442815	0.000000
2.463343	0.000000
2.483871	0.000000
2.504399	0.000000
2.524927	0.000000
2.545455	0.000000
2.565982	0.000000
2.586510	0.000000
2.607038	0.000000
2.627566	0.000000
2.648094	0.000000
2.668622	0.000000
2.689150	0.777765
2.709677	1.555531
2.730205	2.333296
2.750733	3.111061
2.771261	3.888827
2.791789	4.666592
2.812317	5.444357
2.832845	6.222123
2.853372	6.999888
2.873900	7.777653
2.894428	12.322867
2.914956	16.868080
2.935484	21.413294
2.956012	25.958507
2.976540	30.503721
2.997067	35.048934
3.017595	39.594148
3.038123	44.139361
3.058651	48.684575
3.079179	53.229788
3.099707	57.906810
3.120235	62.583831
3.140762	67.260852
3.161290	71.937873
3.181818	76.614894
3.202346	81.291915
3.222874	85.968937
3.243402	90.645958
3.263930	95.322979
3.284457	100.000000
3.304985	94.421823
3.325513	88.843646
3.346041	83.265468
3.366569	77.687291
3.387097	72.109114
3.407625	66.530937
3.428152	60.952760
3.448680	55.374582
3.469208	49.796405
3.489736	44.218228
3.510264	42.308369
3.530792	40.398510
3.551320	38.488650
3.571848	36.578791
3.592375	34.668932
3.612903	32.759073
3.633431	30.849214
3.653959	28.939354
3.674487	27.029495
3.695015	25.119636
3.715543	24.260519
3.736070	23.401402
3.756598	22.542285
3.777126	21.683167
3.797654	20.824050
3.818182	19.964933
3.838710	19.105816
3.859238	18.246699
3.879765	17.387582
3.900293	16.528465
3.920821	15.193947
3.941349	13.859429
3.961877	12.524912
3.982405	11.190394
4.002933	9.855876
4.023460	8.521359
4.043988	7.186841
4.064516	5.852323
4.085044	4.517806
4.105572	3.183288
4.126100	3.239119
4.146628	3.294950
4.167155	3.350781
4.187683	3.406612
4.208211	3.462443
4.228739	3.518274
4.249267	3.574105
4.269795	3.629937
4.290323	3.685768
4.310850	3.741599
4.331378	3.461566
4.351906	3.181534
4.372434	2.901502
4.392962	2.621470
4.413490	2.341438
4.434018	2.061405
4.454545	1.781373
4.475073	1.501341
4.495601	1.221309
4.516129	0.941277
4.536657	0.851855
4.557185	0.762434
4.577713	0.673013
4.598240	0.583592
4.618768	0.494170
4.639296	0.404749
4.659824	0.315328
4.680352	0.225906
4.700880	0.136485
4.721408	0.047064
4.741935	0.042593
4.762463	0.038122
4.782991	0.033651
4.803519	0.029180
4.824047	0.024709
4.844575	0.020237
4.865103	0.015766
4.885630	0.011295
4.906158	0.006824
4.926686	0.002353
4.947214	0.002130
4.967742	0.001906
4.988270	0.001683
5.008798	0.001459
5.029326	0.001235
5.049853	0.001012
5.070381	0.000788
5.090909	0.000565
5.111437	0.000341
5.131965	0.000118
5.152493	0.000106
5.173021	0.000095
5.193548	0.000084
5.214076	0.000073
5.234604	0.000062
5.255132	0.000051
5.275660	0.000039
5.296188	0.000028
5.316716	0.000017
5.337243	0.000006
5.357771	0.000005
5.378299	0.000005
5.398827	0.000004
5.419355	0.000004
5.439883	0.000003
5.460411	0.000003
5.480938	0.000002
5.501466	0.000001
5.521994	0.000001
5.542522	0.000000
5.563050	0.103702
5.583578	0.207404
5.604106	0.311106
5.624633	0.414808
5.645161	0.518510
5.665689	0.622212
5.686217	0.725914
5.706745	0.829616
5.727273	0.933318
5.747801	1.037020
5.768328	1.409876
5.788856	1.782732
5.809384	2.155588
5.829912	2.528444
5.850440	2.901300
5.870968	3.274156
5.891496	3.647012
5.912023	4.019868
5.932551	4.392724
5.953079	4.765580
5.973607	4.392984
5.994135	4.020387
6.014663	3.647790
6.035191	3.275193
6.055718	2.902597
6.076246	2.530000
6.096774	2.157403
6.117302	1.784806
6.137830	1.412210
6.158358	1.039613
6.178886	1.129399
6.199413	1.219185
6.219941	1.308971
6.240469	1.398757
6.260997	1.488543
6.281525	1.578329
6.302053	1.668115
6.322581	1.757901
6.343109	1.847686
6.363636	1.937472
6.384164	1.800550
6.404692	1.663627
6.425220	1.526705
6.445748	1.389782
6.466276	1.252859
6.486804	1.115937
6.507331	0.979014
6.527859	0.842092
6.548387	0.705169
6.568915	0.568247
6.589443	0.594397
6.609971	0.620547
6.630499	0.646696
6.651026	0.672846
6.671554	0.698996
6.692082	0.725146
6.712610	0.751296
6.733138	0.777446
6.753666	0.803596
6.774194	0.829746
6.794721	0.802771
6.815249	0.775797
6.835777	0.748822
6.856305	0.721847
6.876833	0.694872
6.897361	0.667897
6.917889	0.640922
6.938416	0.613947
6.958944	0.586972
6.979472	0.559998
