0.000000	0.000000
0.020528	0.000000
0.041056	0.000000
0.061584	0.000000
0.082111	0.000000
0.102639	0.000000
0.123167	0.000000
0.143695	0.000000
0.164223	0.000000
0.184751	0.000000
0.205279	0.000000
0.225806	0.000000
0.246334	0.000000
0.266862	0.000000
0.287390	0.000000
0.307918	0.000000
0.328446	0.000000
0.348974	0.000000
0.369501	0.000000
0.390029	0.000000
0.410557	0.000000
0.431085	0.000000
0.451613	0.000000
0.472141	0.000000
0.492669	0.000000
0.513196	0.000000
0.533724	0.000000
0.554252	0.000000
0.574780	0.000000
0.595308	0.000000
0.615836	0.000000
0.636364	0.000000
0.656891	0.000000
0.677419	0.000000
0.697947	0.000000
0.718475	0.000000
0.739003	0.000000
0.759531	0.000000
0.780059	0.000000
0.800587	0.000000
0.821114	0.000000
0.841642	0.000000
0.862170	0.000000
0.882698	0.000000
0.903226	0.000000
0.923754	0.000000
0.944282	0.000000
0.964809	0.000000
0.985337	0.000000
1.005865	0.000000
1.026393	0.000000
1.046921	0.000000
1.067449	0.000000
1.087977	0.000000
1.108504	0.000000
1.129032	0.000000
1.149560	0.000000
1.170088	0.000000
1.190616	0.000000
1.211144	0.000000
1.231672	0.000000
1.252199	0.000000
1.272727	0.000000
1.293255	0.000000
1.313783	0.000000
1.334311	0.000000
1.354839	0.000000
1.375367	0.000000
1.395894	0.000000
1.416422	0.000000
1.436950	0.000000
1.457478	0.000000
1.478006	0.000000
1.498534	0.000000
1.519062	0.000000
1.539589	0.000000
1.560117	0.000000
1.580645	0.000000
1.601173	0.000000
1.621701	0.000000
1.642229	0.000000
1.662757	0.000000
1.683284	0.000000
1.703812	0.000000
1.724340	0.000000
1.744868	0.000000
1.765396	0.000000
1.785924	0.000000
1.806452	0.000000
1.826979	0.000000
1.847507	0.000000
1.868035	0.000000
1.888563	0.000000
1.909091	0.000000
1.929619	0.000000
1.950147	0.000000
1.970674	0.000000
1.991202	0.000000
2.011730	0.000000
2.032258	0.000000
2.052786	0.000000
2.073314	0.000000
2.093842	0.000000
2.114370	0.000000
2.134897	0.000000
2.155425	0.000000
2.175953	0.000000
2.196481	0.000000
2.217009	0.000000
2.237537	0.000000
2.258065	0.000000
2.278592	0.000000
2.299120	0.000000
2.319648	0.000000
2.340176	0.000000
2.360704	0.000000
2.381232	0.000000
2.401760	0.000000
2.422287	0.000000
2.442815	0.000000
2.463343	0.000000
2.483871	0.000000
2.504399	0.000000
2.524927	0.000000
2.545455	0.000000
2.565982	0.000000
2.586510	0.000000
2.607038	0.000000
2.627566	0.000000
2.648094	0.000000
2.668622	0.000000
2.689150	0.000000
2.709677	0.000000
2.730205	0.000000
2.750733	0.000000
2.771261	0.000000
2.791789	0.000000
2.812317	0.000000
2.832845	0.000000
2.853372	0.000000
2.873900	0.000000
2.894428	0.000000
2.914956	0.000000
2.935484	0.000000
2.956012	0.000000
2.976540	0.000000
2.997067	0.000000
3.017595	0.000000
3.038123	0.000000
3.058651	0.000000
3.079179	0.000000
3.099707	10.000000
3.120235	20.000000
3.140762	30.000000
3.161290	40.000000
3.181818	50.000000
3.202346	60.000000
3.222874	70.000000
3.243402	80.000000
3.263930	90.000000
3.284457	100.000000
3.304985	98.310811
3.325513	96.621622
3.346041	94.932432
3.366569	93.243243
3.387097	91.554054
3.407625	89.864865
3.428152	88.175676
3.448680	86.486486
3.469208	84.797297
3.489736	83.108108
3.510264	77.429054
3.530792	71.750000
3.551320	66.070946
3.571848	60.391892
3.592375	54.712838
3.612903	49.033784
3.633431	43.354730
3.653959	37.675676
3.674487	31.996622
3.695015	26.317568
3.715543	24.601182
3.736070	22.884797
3.756598	21.168412
3.777126	19.452027
3.797654	17.735642
3.818182	16.019257
3.838710	14.302872
3.859238	12.586486
3.879765	10.870101
3.900293	9.153716
3.920821	8.581410
3.941349	8.009105
3.961877	7.436799
3.982405	6.864493
4.002933	6.292187
4.023460	5.719882
4.043988	5.147576
4.064516	4.575270
4.085044	4.002965
4.105572	3.430659
4.126100	3.347989
4.146628	3.265320
4.167155	3.182651
4.187683	3.099981
4.208211	3.017312
4.228739	2.934643
4.249267	2.851973
4.269795	2.769304
4.290323	2.686635
4.310850	2.603965
4.331378	2.680913
4.351906	2.757861
4.372434	2.834808
4.392962	2.911756
4.413490	2.988703
4.434018	3.065651
4.454545	3.142599
4.475073	3.219546
4.495601	3.296494
4.516129	3.373442
4.536657	3.323235
4.557185	3.273028
4.577713	3.222821
4.598240	3.172615
4.618768	3.122408
4.639296	3.072201
4.659824	3.021995
4.680352	2.971788
4.700880	2.921581
4.721408	2.871375
4.741935	3.463459
4.762463	4.055543
4.782991	4.647628
4.803519	5.239712
4.824047	5.831796
4.844575	6.423880
4.865103	7.015965
4.885630	7.608049
4.906158	8.200133
4.926686	8.792217
4.947214	8.605605
4.967742	8.418993
4.988270	8.232381
5.008798	8.045769
5.029326	7.859157
5.049853	7.672545
5.070381	7.485933
5.090909	7.299321
5.111437	7.112709
5.131965	6.926097
5.152493	6.808659
5.173021	6.691220
5.193548	6.573781
5.214076	6.456343
5.234604	6.338904
5.255132	6.221465
5.275660	6.104026
5.296188	5.986588
5.316716	5.869149
5.337243	5.751710
5.357771	5.529622
5.378299	5.307534
5.398827	5.085446
5.419355	4.863358
5.439883	4.641270
5.460411	4.419181
5.480938	4.197093
5.501466	3.975005
5.521994	3.752917
5.542522	3.530829
5.563050	3.303508
5.583578	3.076188
5.604106	2.848867
5.624633	2.621546
5.645161	2.394226
5.665689	2.166905
5.686217	1.939584
5.706745	1.712264
5.727273	1.484943
5.747801	1.257623
5.768328	1.570581
5.788856	1.883539
5.809384	2.196497
5.829912	2.509456
5.850440	2.822414
5.870968	3.135372
5.891496	3.448331
5.912023	3.761289
5.932551	4.074247
5.953079	4.387205
5.973607	3.970421
5.994135	3.553636
6.014663	3.136852
6.035191	2.720067
6.055718	2.303283
6.076246	1.886498
6.096774	1.469714
6.117302	1.052929
6.137830	0.636145
6.158358	0.219360
6.178886	0.198521
6.199413	0.177682
6.219941	0.156843
6.240469	0.136003
6.260997	0.115164
6.281525	0.094325
6.302053	0.073486
6.322581	0.052646
6.343109	0.031807
6.363636	0.010968
6.384164	0.009926
6.404692	0.008884
6.425220	0.007842
6.445748	0.006800
6.466276	0.005758
6.486804	0.004716
6.507331	0.003674
6.527859	0.002632
6.548387	0.001590
6.568915	0.000548
6.589443	0.000496
6.609971	0.000444
6.630499	0.000392
6.651026	0.000340
6.671554	0.000288
6.692082	0.000236
6.712610	0.000184
6.733138	0.000132
6.753666	0.000080
6.774194	0.000027
6.794721	0.000025
6.815249	0.000022
6.835777	0.000020
6.856305	0.000017
6.876833	0.000014
6.897361	0.000012
6.917889	0.000009
6.938416	0.000007
6.958944	0.000004
6.979472	0.000001
