0.000000	0.000000
0.020528	0.000000
0.041056	0.000000
0.061584	0.000000
0.082111	0.000000
0.102639	0.000000
0.123167	0.000000
0.143695	0.000000
0.164223	0.000000
0.184751	0.000000
0.205279	0.000000
0.225806	0.000000
0.246334	0.000000
0.266862	0.000000
0.287390	0.000000
0.307918	0.000000
0.328446	0.000000
0.348974	0.000000
0.369501	0.000000
0.390029	0.000000
0.410557	0.000000
0.431085	0.000000
0.451613	0.000000
0.472141	0.000000
0.492669	0.000000
0.513196	0.000000
0.533724	0.000000
0.554252	0.000000
0.574780	0.000000
0.595308	0.000000
0.615836	0.000000
0.636364	0.000000
0.656891	0.000000
0.677419	0.000000
0.697947	0.000000
0.718475	0.000000
0.739003	0.000000
0.759531	0.000000
0.780059	0.000000
0.800587	0.000000
0.821114	0.000000
0.841642	0.000000
0.862170	0.000000
0.882698	0.000000
0.903226	0.000000
0.923754	0.000000
0.944282	0.000000
0.964809	0.000000
0.985337	0.000000
1.005865	0.000000
1.026393	0.000000
1.046921	0.000000
1.067449	0.000000
1.087977	0.000000
1.108504	0.000000
1.129032	0.000000
1.149560	0.000000
1.170088	0.000000
1.190616	0.000000
1.211144	0.000000
1.231672	0.000000
1.252199	0.000000
1.272727	0.000000
1.293255	0.000000
1.313783	0.000000
1.334311	0.000000
1.354839	0.000000
1.375367	0.000000
1.395894	0.000000
1.416422	0.000000
1.436950	0.000000
1.457478	0.000000
1.478006	0.000000
1.498534	0.000000
1.519062	0.000000
1.539589	0.000000
1.560117	0.000000
1.580645	0.000000
1.601173	0.000000
1.621701	0.000000
1.642229	0.000000
1.662757	0.000000
1.683284	0.000000
1.703812	0.000000
1.724340	0.000000
1.744868	0.000000
1.765396	0.000000
1.785924	0.000000
1.806452	0.000000
1.826979	0.000000
1.847507	0.000000
1.868035	0.000000
1.888563	0.000000
1.909091	0.000000
1.929619	0.000000
1.950147	0.000000
1.970674	0.000000
1.991202	0.000000
2.011730	0.000000
2.032258	0.000000
2.052786	0.000000
2.073314	0.000000
2.093842	0.000000
2.114370	0.000000
2.134897	0.000000
2.155425	0.000000
2.175953	0.000000
2.196481	0.000000
2.217009	0.000000
2.237537	0.000000
2.258065	0.000000
2.278592	0.000000
2.299120	0.000000
2.319648	0.000000
2.340176	0.000000
2.360704	0.000000
2.381232	0.000000
2.401760	0.000000
2.422287	0.000000
2.442815	0.000000
2.463343	0.000000
2.483871	0.000000
2.504399	0.000000
2.524927	0.000000
2.545455	0.000000
2.565982	0.000000
2.586510	0.000000
2.607038	0.000000
2.627566	0.000000
2.648094	0.000000
2.668622	0.000000
2.689150	3.110420
2.709677	6.220840
2.730205	9.331260
2.750733	12.441680
2.771261	15.552100
2.791789	18.662519
2.812317	21.772939
2.832845	24.883359
2.853372	27.993779
2.873900	31.104199
2.894428	33.592535
2.914956	36.080871
2.935484	38.569207
2.956012	41.057543
2.976540	43.545879
2.997067	46.034215
3.017595	48.522551
3.038123	51.010886
3.058651	53.499222
3.079179	55.987558
3.099707	60.388802
3.120235	64.790047
3.140762	69.191291
3.161290	73.592535
3.181818	77.993779
3.202346	82.395023
3.222874	86.796267
3.243402	91.197512
3.263930	95.598756
3.284457	100.000000
3.304985	97.498445
3.325513	94.996890
3.346041	92.495334
3.366569	89.993779
3.387097	87.492224
3.407625	84.990669
3.428152	82.489114
3.448680	79.987558
3.469208	77.486003
3.489736	74.984448
3.510264	67.860925
3.530792	60.737403
3.551320	53.613880
3.571848	46.490358
3.592375	39.366835
3.612903	32.243313
3.633431	25.119790
3.653959	17.996267
3.674487	10.872745
3.695015	3.749222
3.715543	7.086670
3.736070	10.424117
3.756598	13.761565
3.777126	17.099012
3.797654	20.436460
3.818182	23.773907
3.838710	27.111355
3.859238	30.448802
3.879765	33.786250
3.900293	37.123698
3.920821	35.346557
3.941349	33.569417
3.961877	31.792277
3.982405	30.015137
4.002933	28.237997
4.023460	26.460857
4.043988	24.683717
4.064516	22.906577
4.085044	21.129437
4.105572	19.352297
4.126100	18.680236
4.146628	18.008175
4.167155	17.336115
4.187683	16.664054
4.208211	15.991993
4.228739	15.319932
4.249267	14.647872
4.269795	13.975811
4.290323	13.303750
4.310850	12.631689
4.331378	13.181290
4.351906	13.730891
4.372434	14.280492
4.392962	14.830092
4.413490	15.379693
4.434018	15.929294
4.454545	16.478894
4.475073	17.028495
4.495601	17.578096
4.516129	18.127696
4.536657	16.794368
4.557185	15.461039
4.577713	14.127710
4.598240	12.794382
4.618768	11.461053
4.639296	10.127724
4.659824	8.794396
4.680352	7.461067
4.700880	6.127738
4.721408	4.794410
4.741935	4.338941
4.762463	3.883472
4.782991	3.428003
4.803519	2.972534
4.824047	2.517065
4.844575	2.061596
4.865103	1.606127
4.885630	1.150658
4.906158	0.695189
4.926686	0.239720
4.947214	1.091753
4.967742	1.943785
4.988270	2.795817
5.008798	3.647849
5.029326	4.499881
5.049853	5.351913
5.070381	6.203946
5.090909	7.055978
5.111437	7.908010
5.131965	8.760042
5.152493	7.927838
5.173021	7.095634
5.193548	6.263430
5.214076	5.431226
5.234604	4.599022
5.255132	3.766818
5.275660	2.934614
5.296188	2.102410
5.316716	1.270206
5.337243	0.438002
5.357771	0.396392
5.378299	0.354782
5.398827	0.313172
5.419355	0.271561
5.439883	0.229951
5.460411	0.188341
5.480938	0.146731
5.501466	0.105121
5.521994	0.063510
5.542522	0.021900
5.563050	2.352635
5.583578	4.683369
5.604106	7.014103
5.624633	9.344838
5.645161	11.675572
5.665689	14.006307
5.686217	16.337041
5.706745	18.667775
5.727273	20.998510
5.747801	23.329244
5.768328	21.112966
5.788856	18.896688
5.809384	16.680410
5.829912	14.464131
5.850440	12.247853
5.870968	10.031575
5.891496	7.815297
5.912023	5.599019
5.932551	3.382740
5.953079	1.166462
5.973607	1.055648
5.994135	0.944834
6.014663	0.834020
6.035191	0.723207
6.055718	0.612393
6.076246	0.501579
6.096774	0.390765
6.117302	0.279951
6.137830	0.169137
6.158358	0.058323
6.178886	0.149983
6.199413	0.241643
6.219941	0.333303
6.240469	0.424963
6.260997	0.516623
6.281525	0.608283
6.302053	0.699943
6.322581	0.791603
6.343109	0.883262
6.363636	0.974922
6.384164	0.882305
6.404692	0.789687
6.425220	0.697069
6.445748	0.604452
6.466276	0.511834
6.486804	0.419217
6.507331	0.326599
6.527859	0.233981
6.548387	0.141364
6.568915	0.048746
6.589443	0.044115
6.609971	0.039484
6.630499	0.034853
6.651026	0.030223
6.671554	0.025592
6.692082	0.020961
6.712610	0.016330
6.733138	0.011699
6.753666	0.007068
6.774194	0.002437
6.794721	0.391008
6.815249	0.779579
6.835777	1.168150
6.856305	1.556721
6.876833	1.945292
6.897361	2.333863
6.917889	2.722434
6.938416	3.111005
6.958944	3.499576
6.979472	3.888147
