0.000000	0.000000
0.020528	0.000000
0.041056	0.000000
0.061584	0.000000
0.082111	0.000000
0.102639	0.000000
0.123167	0.000000
0.143695	0.000000
0.164223	0.000000
0.184751	0.000000
0.205279	0.000000
0.225806	0.000000
0.246334	0.000000
0.266862	0.000000
0.287390	0.000000
0.307918	0.000000
0.328446	0.000000
0.348974	0.000000
0.369501	0.000000
0.390029	0.000000
0.410557	0.000000
0.431085	0.000000
0.451613	0.000000
0.472141	0.000000
0.492669	0.000000
0.513196	0.000000
0.533724	0.000000
0.554252	0.000000
0.574780	0.000000
0.595308	0.000000
0.615836	0.000000
0.636364	0.000000
0.656891	0.000000
0.677419	0.000000
0.697947	0.000000
0.718475	0.000000
0.739003	0.000000
0.759531	0.000000
0.780059	0.000000
0.800587	0.000000
0.821114	0.000000
0.841642	0.000000
0.862170	0.000000
0.882698	0.000000
0.903226	0.000000
0.923754	0.000000
0.944282	0.000000
0.964809	0.000000
0.985337	0.000000
1.005865	0.000000
1.026393	0.000000
1.046921	0.000000
1.067449	0.000000
1.087977	0.000000
1.108504	0.000000
1.129032	0.000000
1.149560	0.000000
1.170088	0.000000
1.190616	0.000000
1.211144	0.000000
1.231672	0.000000
1.252199	0.000000
1.272727	0.000000
1.293255	0.000000
1.313783	0.000000
1.334311	0.000000
1.354839	0.000000
1.375367	0.000000
1.395894	0.000000
1.416422	0.000000
1.436950	0.000000
1.457478	0.000000
1.478006	0.000000
1.498534	0.000000
1.519062	0.000000
1.539589	0.000000
1.560117	0.000000
1.580645	0.000000
1.601173	0.000000
1.621701	0.000000
1.642229	0.000000
1.662757	0.000000
1.683284	0.000000
1.703812	0.000000
1.724340	0.000000
1.744868	0.000000
1.765396	0.000000
1.785924	0.000000
1.806452	0.000000
1.826979	0.000000
1.847507	0.000000
1.868035	0.000000
1.888563	0.000000
1.909091	0.000000
1.929619	0.000000
1.950147	0.000000
1.970674	0.000000
1.991202	0.000000
2.011730	0.000000
2.032258	0.000000
2.052786	0.000000
2.073314	0.000000
2.093842	0.000000
2.114370	0.000000
2.134897	0.000000
2.155425	0.000000
2.175953	0.000000
2.196481	0.000000
2.217009	0.000000
2.237537	0.000000
2.258065	0.000000
2.278592	0.000000
2.299120	0.000000
2.319648	0.000000
2.340176	0.000000
2.360704	0.000000
2.381232	0.000000
2.401760	0.000000
2.422287	0.000000
2.442815	0.000000
2.463343	0.000000
2.483871	0.000000
2.504399	0.000000
2.524927	0.000000
2.545455	0.000000
2.565982	0.000000
2.586510	0.000000
2.607038	0.000000
2.627566	0.000000
2.648094	0.000000
2.668622	0.000000
2.689150	0.000000
2.709677	0.000000
2.730205	0.000000
2.750733	0.000000
2.771261	0.000000
2.791789	0.000000
2.812317	0.000000
2.832845	0.000000
2.853372	0.000000
2.873900	0.000000
2.894428	4.195804
2.914956	8.391608
2.935484	12.587413
2.956012	16.783217
2.976540	20.979021
2.997067	25.174825
3.017595	29.370629
3.038123	33.566434
3.058651	37.762238
3.079179	41.958042
3.099707	47.762238
3.120235	53.566434
3.140762	59.370629
3.161290	65.174825
3.181818	70.979021
3.202346	76.783217
3.222874	82.587413
3.243402	88.391608
3.263930	94.195804
3.284457	100.000000
3.304985	96.094406
3.325513	92.188811
3.346041	88.283217
3.366569	84.377622
3.387097	80.472028
3.407625	76.566434
3.428152	72.660839
3.448680	68.755245
3.469208	64.849650
3.489736	60.944056
3.510264	58.650874
3.530792	56.357692
3.551320	54.064510
3.571848	51.771329
3.592375	49.478147
3.612903	47.184965
3.633431	44.891783
3.653959	42.598601
3.674487	40.305420
3.695015	38.012238
3.715543	34.401075
3.736070	30.789913
3.756598	27.178750
3.777126	23.567587
3.797654	19.956425
3.818182	16.345262
3.838710	12.734100
3.859238	9.122937
3.879765	5.511774
3.900293	1.900612
3.920821	3.817956
3.941349	5.735300
3.961877	7.652644
3.982405	9.569988
4.002933	11.487332
4.023460	13.404676
4.043988	15.322020
4.064516	17.239364
4.085044	19.156708
4.105572	21.074052
4.126100	19.072017
4.146628	17.069982
4.167155	15.067947
4.187683	13.065912
4.208211	11.063877
4.228739	9.061842
4.249267	7.059807
4.269795	5.057772
4.290323	3.055737
4.310850	1.053703
4.331378	0.953601
4.351906	0.853499
4.372434	0.753397
4.392962	0.653296
4.413490	0.553194
4.434018	0.453092
4.454545	0.352990
4.475073	0.252889
4.495601	0.152787
4.516129	0.052685
4.536657	0.746981
4.557185	1.441276
4.577713	2.135572
4.598240	2.829868
4.618768	3.524163
4.639296	4.218459
4.659824	4.912754
4.680352	5.607050
4.700880	6.301346
4.721408	6.995641
4.741935	6.331055
4.762463	5.666469
4.782991	5.001883
4.803519	4.337298
4.824047	3.672712
4.844575	3.008126
4.865103	2.343540
4.885630	1.678954
4.906158	1.014368
4.926686	0.349782
4.947214	0.316553
4.967742	0.283323
4.988270	0.250094
5.008798	0.216865
5.029326	0.183636
5.049853	0.150406
5.070381	0.117177
5.090909	0.083948
5.111437	0.050718
5.131965	0.017489
5.152493	0.015828
5.173021	0.014166
5.193548	0.012505
5.214076	0.010843
5.234604	0.009182
5.255132	0.007520
5.275660	0.005859
5.296188	0.004197
5.316716	0.002536
5.337243	0.000874
5.357771	0.000791
5.378299	0.000708
5.398827	0.000625
5.419355	0.000542
5.439883	0.000459
5.460411	0.000376
5.480938	0.000293
5.501466	0.000210
5.521994	0.000127
5.542522	0.000044
5.563050	4.195844
5.583578	8.391644
5.604106	12.587444
5.624633	16.783244
5.645161	20.979044
5.665689	25.174844
5.686217	29.370644
5.706745	33.566444
5.727273	37.762244
5.747801	41.958044
5.768328	37.972030
5.788856	33.986016
5.809384	30.000002
5.829912	26.013987
5.850440	22.027973
5.870968	18.041959
5.891496	14.055945
5.912023	10.069931
5.932551	6.083916
5.953079	2.097902
5.973607	1.898601
5.994135	1.699301
6.014663	1.500000
6.035191	1.300699
6.055718	1.101399
6.076246	0.902098
6.096774	0.702797
6.117302	0.503497
6.137830	0.304196
6.158358	0.104895
6.178886	0.094930
6.199413	0.084965
6.219941	0.075000
6.240469	0.065035
6.260997	0.055070
6.281525	0.045105
6.302053	0.035140
6.322581	0.025175
6.343109	0.015210
6.363636	0.005245
6.384164	0.004747
6.404692	0.004248
6.425220	0.003750
6.445748	0.003252
6.466276	0.002753
6.486804	0.002255
6.507331	0.001757
6.527859	0.001259
6.548387	0.000760
6.568915	0.000262
6.589443	0.000237
6.609971	0.000212
6.630499	0.000188
6.651026	0.000163
6.671554	0.000138
6.692082	0.000113
6.712610	0.000088
6.733138	0.000063
6.753666	0.000038
6.774194	0.000013
6.794721	0.000012
6.815249	0.000011
6.835777	0.000009
6.856305	0.000008
6.876833	0.000007
6.897361	0.000006
6.917889	0.000004
6.938416	0.000003
6.958944	0.000002
6.979472	0.000001
