0.000000	0.000000
0.020528	0.000000
0.041056	0.000000
0.061584	0.000000
0.082111	0.000000
0.102639	0.000000
0.123167	0.000000
0.143695	0.000000
0.164223	0.000000
0.184751	0.000000
0.205279	0.000000
0.225806	0.000000
0.246334	0.000000
0.266862	0.000000
0.287390	0.000000
0.307918	0.000000
0.328446	0.000000
0.348974	0.000000
0.369501	0.000000
0.390029	0.000000
0.410557	0.000000
0.431085	0.000000
0.451613	0.000000
0.472141	0.000000
0.492669	0.000000
0.513196	0.000000
0.533724	0.000000
0.554252	0.000000
0.574780	0.000000
0.595308	0.000000
0.615836	0.000000
0.636364	0.000000
0.656891	0.000000
0.677419	0.000000
0.697947	0.000000
0.718475	0.000000
0.739003	0.000000
0.759531	0.000000
0.780059	0.000000
0.800587	0.000000
0.821114	0.000000
0.841642	0.000000
0.862170	0.000000
0.882698	0.000000
0.903226	0.000000
0.923754	0.000000
0.944282	0.000000
0.964809	0.000000
0.985337	0.000000
1.005865	0.000000
1.026393	0.000000
1.046921	0.000000
1.067449	0.000000
1.087977	0.000000
1.108504	0.000000
1.129032	0.000000
1.149560	0.000000
1.170088	0.000000
1.190616	0.000000
1.211144	0.000000
1.231672	0.000000
1.252199	0.000000
1.272727	0.000000
1.293255	0.000000
1.313783	0.000000
1.334311	0.000000
1.354839	0.000000
1.375367	0.000000
1.395894	0.000000
1.416422	0.000000
1.436950	0.000000
1.457478	0.000000
1.478006	0.000000
1.498534	0.000000
1.519062	0.000000
1.539589	0.000000
1.560117	0.000000
1.580645	0.000000
1.601173	0.000000
1.621701	0.000000
1.642229	0.000000
1.662757	0.000000
1.683284	0.000000
1.703812	0.000000
1.724340	0.000000
1.744868	0.000000
1.765396	0.000000
1.785924	0.000000
1.806452	0.000000
1.826979	0.000000
1.847507	0.000000
1.868035	0.000000
1.888563	0.000000
1.909091	0.000000
1.929619	0.000000
1.950147	0.000000
1.970674	0.000000
1.991202	0.000000
2.011730	0.000000
2.032258	0.000000
2.052786	0.000000
2.073314	0.000000
2.093842	0.000000
2.114370	0.000000
2.134897	0.000000
2.155425	0.000000
2.175953	0.000000
2.196481	0.000000
2.217009	0.000000
2.237537	0.000000
2.258065	0.000000
2.278592	0.000000
2.299120	0.000000
2.319648	0.000000
2.340176	0.000000
2.360704	0.000000
2.381232	0.000000
2.401760	0.000000
2.422287	0.000000
2.442815	0.000000
2.463343	0.000000
2.483871	0.000000
2.504399	0.000000
2.524927	0.000000
2.545455	0.000000
2.565982	0.000000
2.586510	0.000000
2.607038	0.000000
2.627566	0.000000
2.648094	0.000000
2.668622	0.000000
2.689150	0.137423
2.709677	0.274846
2.730205	0.412268
2.750733	0.549691
2.771261	0.687114
2.791789	0.824537
2.812317	0.961960
2.832845	1.099382
2.853372	1.236805
2.873900	1.374228
2.894428	4.035077
2.914956	6.695926
2.935484	9.356775
2.956012	12.017624
2.976540	14.678474
2.997067	17.339323
3.017595	20.000172
3.038123	22.661021
3.058651	25.321870
3.079179	27.982719
3.099707	35.184447
3.120235	42.386175
3.140762	49.587903
3.161290	56.789631
3.181818	63.991360
3.202346	71.193088
3.222874	78.394816
3.243402	85.596544
3.263930	92.798272
3.284457	100.000000
3.304985	94.837407
3.325513	89.674815
3.346041	84.512222
3.366569	79.349629
3.387097	74.187037
3.407625	69.024444
3.428152	63.861851
3.448680	58.699259
3.469208	53.536666
3.489736	48.374073
3.510264	44.173627
3.530792	39.973181
3.551320	35.772734
3.571848	31.572288
3.592375	27.371841
3.612903	23.171395
3.633431	18.970949
3.653959	14.770502
3.674487	10.570056
3.695015	6.369609
3.715543	5.833208
3.736070	5.296806
3.756598	4.760405
3.777126	4.224003
3.797654	3.687602
3.818182	3.151200
3.838710	2.614799
3.859238	2.078397
3.879765	1.541996
3.900293	1.005595
3.920821	1.219264
3.941349	1.432934
3.961877	1.646604
3.982405	1.860274
4.002933	2.073944
4.023460	2.287614
4.043988	2.501283
4.064516	2.714953
4.085044	2.928623
4.105572	3.142293
4.126100	2.929664
4.146628	2.717036
4.167155	2.504407
4.187683	2.291779
4.208211	2.079150
4.228739	1.866521
4.249267	1.653893
4.269795	1.441264
4.290323	1.228636
4.310850	1.016007
4.331378	1.056909
4.351906	1.097811
4.372434	1.138714
4.392962	1.179616
4.413490	1.220518
4.434018	1.261420
4.454545	1.302322
4.475073	1.343224
4.495601	1.384126
4.516129	1.425028
4.536657	1.530141
4.557185	1.635253
4.577713	1.740365
4.598240	1.845477
4.618768	1.950589
4.639296	2.055702
4.659824	2.160814
4.680352	2.265926
4.700880	2.371038
4.721408	2.476151
4.741935	2.404106
4.762463	2.332061
4.782991	2.260016
4.803519	2.187972
4.824047	2.115927
4.844575	2.043882
4.865103	1.971838
4.885630	1.899793
4.906158	1.827748
4.926686	1.755703
4.947214	1.975413
4.967742	2.195123
4.988270	2.414833
5.008798	2.634543
5.029326	2.854252
5.049853	3.073962
5.070381	3.293672
5.090909	3.513382
5.111437	3.733092
5.131965	3.952802
5.152493	6.377275
5.173021	8.801749
5.193548	11.226222
5.214076	13.650696
5.234604	16.075169
5.255132	18.499643
5.275660	20.924116
5.296188	23.348590
5.316716	25.773063
5.337243	28.197537
5.357771	26.480731
5.378299	24.763924
5.398827	23.047118
5.419355	21.330312
5.439883	19.613505
5.460411	17.896699
5.480938	16.179892
5.501466	14.463086
5.521994	12.746280
5.542522	11.029473
5.563050	10.282286
5.583578	9.535098
5.604106	8.787911
5.624633	8.040723
5.645161	7.293535
5.665689	6.546348
5.686217	5.799160
5.706745	5.051973
5.727273	4.304785
5.747801	3.557598
5.768328	3.219626
5.788856	2.881654
5.809384	2.543682
5.829912	2.205710
5.850440	1.867739
5.870968	1.529767
5.891496	1.191795
5.912023	0.853823
5.932551	0.515852
5.953079	0.177880
5.973607	0.212515
5.994135	0.247150
6.014663	0.281785
6.035191	0.316420
6.055718	0.351055
6.076246	0.385690
6.096774	0.420325
6.117302	0.454960
6.137830	0.489595
6.158358	0.524230
6.178886	0.474428
6.199413	0.424626
6.219941	0.374824
6.240469	0.325022
6.260997	0.275220
6.281525	0.225419
6.302053	0.175617
6.322581	0.125815
6.343109	0.076013
6.363636	0.026211
6.384164	0.023721
6.404692	0.021231
6.425220	0.018741
6.445748	0.016251
6.466276	0.013761
6.486804	0.011271
6.507331	0.008781
6.527859	0.006291
6.548387	0.003801
6.568915	0.001311
6.589443	0.009775
6.609971	0.018239
6.630499	0.026704
6.651026	0.035168
6.671554	0.043633
6.692082	0.052097
6.712610	0.060562
6.733138	0.069026
6.753666	0.077490
6.774194	0.085955
6.794721	0.112145
6.815249	0.138335
6.835777	0.164525
6.856305	0.190715
6.876833	0.216905
6.897361	0.243095
6.917889	0.269285
6.938416	0.295475
6.958944	0.321665
6.979472	0.347855
