0.000000	0.481864
0.020528	0.436087
0.041056	0.390310
0.061584	0.344533
0.082111	0.298756
0.102639	0.252979
0.123167	0.207201
0.143695	0.161424
0.164223	0.115647
0.184751	0.069870
0.205279	0.024093
0.225806	0.021804
0.246334	0.019515
0.266862	0.017227
0.287390	0.014938
0.307918	0.012649
0.328446	0.010360
0.348974	0.008071
0.369501	0.005782
0.390029	0.003494
0.410557	0.001205
0.431085	0.001090
0.451613	0.000976
0.472141	0.000861
0.492669	0.000747
0.513196	0.000632
0.533724	0.000518
0.554252	0.000404
0.574780	0.000289
0.595308	0.000175
0.615836	0.000060
0.636364	0.000055
0.656891	0.000049
0.677419	0.000043
0.697947	0.000037
0.718475	0.000032
0.739003	0.000026
0.759531	0.000020
0.780059	0.000014
0.800587	0.000009
0.821114	0.000003
0.841642	0.000003
0.862170	0.000002
0.882698	0.000002
0.903226	0.000002
0.923754	0.000002
0.944282	0.000001
0.964809	0.000001
0.985337	0.000001
1.005865	0.000000
1.026393	0.000000
1.046921	0.000000
1.067449	0.000000
1.087977	0.000000
1.108504	0.000000
1.129032	0.000000
1.149560	0.000000
1.170088	0.000000
1.190616	0.000000
1.211144	0.000000
1.231672	0.000000
1.252199	0.024093
1.272727	0.048186
1.293255	0.072280
1.313783	0.096373
1.334311	0.120466
1.354839	0.144559
1.375367	0.168652
1.395894	0.192746
1.416422	0.216839
1.436950	0.240932
1.457478	0.218043
1.478006	0.195155
1.498534	0.172266
1.519062	0.149378
1.539589	0.126489
1.560117	0.103601
1.580645	0.080712
1.601173	0.057824
1.621701	0.034935
1.642229	0.012047
1.662757	0.010902
1.683284	0.009758
1.703812	0.008613
1.724340	0.007469
1.744868	0.006324
1.765396	0.005180
1.785924	0.004036
1.806452	0.002891
1.826979	0.001747
1.847507	0.000602
1.868035	0.000545
1.888563	0.000488
1.909091	0.000431
1.929619	0.000373
1.950147	0.000316
1.970674	0.000259
1.991202	0.000202
2.011730	0.000145
2.032258	0.000087
2.052786	0.000030
2.073314	0.000027
2.093842	0.000024
2.114370	0.000022
2.134897	0.000019
2.155425	0.000016
2.175953	0.000013
2.196481	0.000010
2.217009	0.000007
2.237537	0.000004
2.258065	0.000002
2.278592	0.048188
2.299120	0.096374
2.319648	0.144560
2.340176	0.192746
2.360704	0.240933
2.381232	0.289119
2.401760	0.337305
2.422287	0.385491
2.442815	0.433678
2.463343	0.481864
2.483871	8.170002
2.504399	15.858139
2.524927	23.546277
2.545455	31.234415
2.565982	38.922552
2.586510	46.610690
2.607038	54.298828
2.627566	61.986966
2.648094	69.675103
2.668622	77.363241
2.689150	79.626917
2.709677	81.890593
2.730205	84.154269
2.750733	86.417945
2.771261	88.681621
2.791789	90.945296
2.812317	93.208972
2.832845	95.472648
2.853372	97.736324
2.873900	100.000000
2.894428	92.909319
2.914956	85.818638
2.935484	78.727958
2.956012	71.637277
2.976540	64.546596
2.997067	57.455915
3.017595	50.365235
3.038123	43.274554
3.058651	36.183873
3.079179	29.093192
3.099707	27.485812
3.120235	25.878432
3.140762	24.271052
3.161290	22.663672
3.181818	21.056292
3.202346	19.448912
3.222874	17.841532
3.243402	16.234152
3.263930	14.626772
3.284457	13.019392
3.304985	11.830736
3.325513	10.642080
3.346041	9.453424
3.366569	8.264769
3.387097	7.076113
3.407625	5.887457
3.428152	4.698801
3.448680	3.510145
3.469208	2.321489
3.489736	1.132833
3.510264	1.314333
3.530792	1.495832
3.551320	1.677331
3.571848	1.858830
3.592375	2.040329
3.612903	2.221828
3.633431	2.403327
3.653959	2.584827
3.674487	2.766326
3.695015	2.947825
3.715543	3.101459
3.736070	3.255093
3.756598	3.408727
3.777126	3.562361
3.797654	3.715995
3.818182	3.869629
3.838710	4.023264
3.859238	4.176898
3.879765	4.330532
3.900293	4.484166
3.920821	4.636407
3.941349	4.788648
3.961877	4.940888
3.982405	5.093129
4.002933	5.245370
4.023460	5.397611
4.043988	5.549852
4.064516	5.702093
4.085044	5.854334
4.105572	6.006574
4.126100	7.869362
4.146628	9.732150
4.167155	11.594938
4.187683	13.457726
4.208211	15.320514
4.228739	17.183302
4.249267	19.046090
4.269795	20.908877
4.290323	22.771665
4.310850	24.634453
4.331378	23.812051
4.351906	22.989649
4.372434	22.167247
4.392962	21.344845
4.413490	20.522444
4.434018	19.700042
4.454545	18.877640
4.475073	18.055238
4.495601	17.232836
4.516129	16.410434
4.536657	15.140561
4.557185	13.870688
4.577713	12.600815
4.598240	11.330942
4.618768	10.061069
4.639296	8.791196
4.659824	7.521324
4.680352	6.251451
4.700880	4.981578
4.721408	3.711705
4.741935	3.407279
4.762463	3.102854
4.782991	2.798428
4.803519	2.494003
4.824047	2.189577
4.844575	1.885151
4.865103	1.580726
4.885630	1.276300
4.906158	0.971875
4.926686	0.667449
4.947214	1.567769
4.967742	2.468089
4.988270	3.368409
5.008798	4.268729
5.029326	5.169049
5.049853	6.069369
5.070381	6.969689
5.090909	7.870009
5.111437	8.770329
5.131965	9.670649
5.152493	8.751938
5.173021	7.833226
5.193548	6.914514
5.214076	5.995803
5.234604	5.077091
5.255132	4.158379
5.275660	3.239668
5.296188	2.320956
5.316716	1.402244
5.337243	0.483532
5.357771	0.437597
5.378299	0.391661
5.398827	0.345726
5.419355	0.299790
5.439883	0.253855
5.460411	0.207919
5.480938	0.161983
5.501466	0.116048
5.521994	0.070112
5.542522	0.024177
5.563050	0.021880
5.583578	0.019583
5.604106	0.017286
5.624633	0.014990
5.645161	0.012693
5.665689	0.010396
5.686217	0.008099
5.706745	0.005802
5.727273	0.003506
5.747801	0.001209
5.768328	0.001094
5.788856	0.000979
5.809384	0.000864
5.829912	0.000749
5.850440	0.000635
5.870968	0.000520
5.891496	0.000405
5.912023	0.000290
5.932551	0.000175
5.953079	0.000060
5.973607	0.000055
5.994135	0.000049
6.014663	0.000043
6.035191	0.000037
6.055718	0.000032
6.076246	0.000026
6.096774	0.000020
6.117302	0.000015
6.137830	0.000009
6.158358	0.000003
6.178886	0.000003
6.199413	0.000002
6.219941	0.000002
6.240469	0.000002
6.260997	0.000002
6.281525	0.000001
6.302053	0.000001
6.322581	0.000001
6.343109	0.000000
6.363636	0.000000
6.384164	0.000000
6.404692	0.000000
6.425220	0.000000
6.445748	0.000000
6.466276	0.000000
6.486804	0.000000
6.507331	0.000000
6.527859	0.000000
6.548387	0.000000
6.568915	0.000000
6.589443	0.000000
6.609971	0.000000
6.630499	0.000000
6.651026	0.000000
6.671554	0.000000
6.692082	0.000000
6.712610	0.000000
6.733138	0.000000
6.753666	0.000000
6.774194	0.000000
6.794721	0.000000
6.815249	0.000000
6.835777	0.000000
6.856305	0.000000
6.876833	0.000000
6.897361	0.000000
6.917889	0.000000
6.938416	0.000000
6.958944	0.000000
6.979472	0.000000
