0.000000	0.000000
0.020528	0.000000
0.041056	0.000000
0.061584	0.000000
0.082111	0.000000
0.102639	0.000000
0.123167	0.000000
0.143695	0.000000
0.164223	0.000000
0.184751	0.000000
0.205279	0.000000
0.225806	0.000000
0.246334	0.000000
0.266862	0.000000
0.287390	0.000000
0.307918	0.000000
0.328446	0.000000
0.348974	0.000000
0.369501	0.000000
0.390029	0.000000
0.410557	0.000000
0.431085	0.000000
0.451613	0.000000
0.472141	0.000000
0.492669	0.000000
0.513196	0.000000
0.533724	0.000000
0.554252	0.000000
0.574780	0.000000
0.595308	0.000000
0.615836	0.000000
0.636364	0.000000
0.656891	0.000000
0.677419	0.000000
0.697947	0.000000
0.718475	0.000000
0.739003	0.000000
0.759531	0.000000
0.780059	0.000000
0.800587	0.000000
0.821114	0.000000
0.841642	0.000000
0.862170	0.000000
0.882698	0.000000
0.903226	0.000000
0.923754	0.000000
0.944282	0.000000
0.964809	0.000000
0.985337	0.000000
1.005865	0.000000
1.026393	0.000000
1.046921	0.000000
1.067449	0.000000
1.087977	0.000000
1.108504	0.000000
1.129032	0.000000
1.149560	0.000000
1.170088	0.000000
1.190616	0.000000
1.211144	0.000000
1.231672	0.000000
1.252199	0.000000
1.272727	0.000000
1.293255	0.000000
1.313783	0.000000
1.334311	0.000000
1.354839	0.000000
1.375367	0.000000
1.395894	0.000000
1.416422	0.000000
1.436950	0.000000
1.457478	0.000000
1.478006	0.000000
1.498534	0.000000
1.519062	0.000000
1.539589	0.000000
1.560117	0.000000
1.580645	0.000000
1.601173	0.000000
1.621701	0.000000
1.642229	0.000000
1.662757	0.000000
1.683284	0.000000
1.703812	0.000000
1.724340	0.000000
1.744868	0.000000
1.765396	0.000000
1.785924	0.000000
1.806452	0.000000
1.826979	0.000000
1.847507	0.000000
1.868035	0.000000
1.888563	0.000000
1.909091	0.000000
1.929619	0.000000
1.950147	0.000000
1.970674	0.000000
1.991202	0.000000
2.011730	0.000000
2.032258	0.000000
2.052786	0.000000
2.073314	0.000000
2.093842	0.000000
2.114370	0.000000
2.134897	0.000000
2.155425	0.000000
2.175953	0.000000
2.196481	0.000000
2.217009	0.000000
2.237537	0.000000
2.258065	0.000000
2.278592	0.000000
2.299120	0.000000
2.319648	0.000000
2.340176	0.000000
2.360704	0.000000
2.381232	0.000000
2.401760	0.000000
2.422287	0.000000
2.442815	0.000000
2.463343	0.000000
2.483871	0.064864
2.504399	0.129728
2.524927	0.194592
2.545455	0.259456
2.565982	0.324320
2.586510	0.389184
2.607038	0.454048
2.627566	0.518911
2.648094	0.583775
2.668622	0.648639
2.689150	2.010422
2.709677	3.372204
2.730205	4.733986
2.750733	6.095769
2.771261	7.457551
2.791789	8.819333
2.812317	10.181115
2.832845	11.542898
2.853372	12.904680
2.873900	14.266462
2.894428	18.536293
2.914956	22.806124
2.935484	27.075954
2.956012	31.345785
2.976540	35.615616
2.997067	39.885447
3.017595	44.155277
3.038123	48.425108
3.058651	52.694939
3.079179	56.964770
3.099707	61.268293
3.120235	65.571816
3.140762	69.875339
3.161290	74.178862
3.181818	78.482385
3.202346	82.785908
3.222874	87.089431
3.243402	91.392954
3.263930	95.696477
3.284457	100.000000
3.304985	93.534191
3.325513	87.068382
3.346041	80.602572
3.366569	74.136763
3.387097	67.670954
3.407625	61.205145
3.428152	54.739335
3.448680	48.273526
3.469208	41.807717
3.489736	35.341908
3.510264	33.216841
3.530792	31.091775
3.551320	28.966708
3.571848	26.841642
3.592375	24.716575
3.612903	22.591509
3.633431	20.466443
3.653959	18.341376
3.674487	16.216310
3.695015	14.091243
3.715543	13.624635
3.736070	13.158026
3.756598	12.691418
3.777126	12.224809
3.797654	11.758201
3.818182	11.291592
3.838710	10.824984
3.859238	10.358375
3.879765	9.891766
3.900293	9.425158
3.920821	8.684721
3.941349	7.944283
3.961877	7.203846
3.982405	6.463409
4.002933	5.722972
4.023460	4.982534
4.043988	4.242097
4.064516	3.501660
4.085044	2.761223
4.105572	2.020785
4.126100	1.872053
4.146628	1.723321
4.167155	1.574589
4.187683	1.425857
4.208211	1.277125
4.228739	1.128393
4.249267	0.979661
4.269795	0.830929
4.290323	0.682197
4.310850	0.533466
4.331378	0.590893
4.351906	0.648320
4.372434	0.705748
4.392962	0.763175
4.413490	0.820602
4.434018	0.878030
4.454545	0.935457
4.475073	0.992884
4.495601	1.050312
4.516129	1.107739
4.536657	1.110610
4.557185	1.113482
4.577713	1.116353
4.598240	1.119224
4.618768	1.122096
4.639296	1.124967
4.659824	1.127838
4.680352	1.130710
4.700880	1.133581
4.721408	1.136453
4.741935	1.028490
4.762463	0.920527
4.782991	0.812564
4.803519	0.704601
4.824047	0.596638
4.844575	0.488675
4.865103	0.380712
4.885630	0.272749
4.906158	0.164786
4.926686	0.056823
4.947214	0.051424
4.967742	0.046026
4.988270	0.040628
5.008798	0.035230
5.029326	0.029832
5.049853	0.024434
5.070381	0.019036
5.090909	0.013637
5.111437	0.008239
5.131965	0.002841
5.152493	0.002571
5.173021	0.002301
5.193548	0.002031
5.214076	0.001762
5.234604	0.001492
5.255132	0.001222
5.275660	0.000952
5.296188	0.000682
5.316716	0.000412
5.337243	0.000142
5.357771	0.054182
5.378299	0.108222
5.398827	0.162261
5.419355	0.216301
5.439883	0.270341
5.460411	0.324381
5.480938	0.378421
5.501466	0.432460
5.521994	0.486500
5.542522	0.540540
5.563050	0.633331
5.583578	0.726121
5.604106	0.818912
5.624633	0.911703
5.645161	1.004494
5.665689	1.097285
5.686217	1.190075
5.706745	1.282866
5.727273	1.375657
5.747801	1.468448
5.768328	1.451466
5.788856	1.434484
5.809384	1.417502
5.829912	1.400521
5.850440	1.383539
5.870968	1.366557
5.891496	1.349575
5.912023	1.332594
5.932551	1.315612
5.953079	1.298630
5.973607	1.247331
5.994135	1.196032
6.014663	1.144734
6.035191	1.093435
6.055718	1.042136
6.076246	0.990837
6.096774	0.939538
6.117302	0.888240
6.137830	0.836941
6.158358	0.785642
6.178886	0.822716
6.199413	0.859790
6.219941	0.896864
6.240469	0.933938
6.260997	0.971013
6.281525	1.008087
6.302053	1.045161
6.322581	1.082235
6.343109	1.119309
6.363636	1.156383
6.384164	1.071752
6.404692	0.987120
6.425220	0.902489
6.445748	0.817857
6.466276	0.733226
6.486804	0.648594
6.507331	0.563962
6.527859	0.479331
6.548387	0.394699
6.568915	0.310068
6.589443	0.349079
6.609971	0.388090
6.630499	0.427101
6.651026	0.466112
6.671554	0.505123
6.692082	0.544134
6.712610	0.583145
6.733138	0.622156
6.753666	0.661167
6.774194	0.700178
6.794721	0.666093
6.815249	0.632008
6.835777	0.597923
6.856305	0.563838
6.876833	0.529753
6.897361	0.495668
6.917889	0.461583
6.938416	0.427499
6.958944	0.393414
6.979472	0.359329
