0.000000	0.000000
0.020528	0.000000
0.041056	0.000000
0.061584	0.000000
0.082111	0.000000
0.102639	0.000000
0.123167	0.000000
0.143695	0.000000
0.164223	0.000000
0.184751	0.000000
0.205279	0.000000
0.225806	0.000000
0.246334	0.000000
0.266862	0.000000
0.287390	0.000000
0.307918	0.000000
0.328446	0.000000
0.348974	0.000000
0.369501	0.000000
0.390029	0.000000
0.410557	0.000000
0.431085	0.000000
0.451613	0.000000
0.472141	0.000000
0.492669	0.000000
0.513196	0.000000
0.533724	0.000000
0.554252	0.000000
0.574780	0.000000
0.595308	0.000000
0.615836	0.000000
0.636364	0.000000
0.656891	0.000000
0.677419	0.000000
0.697947	0.000000
0.718475	0.000000
0.739003	0.000000
0.759531	0.000000
0.780059	0.000000
0.800587	0.000000
0.821114	0.000000
0.841642	0.000000
0.862170	0.000000
0.882698	0.000000
0.903226	0.000000
0.923754	0.000000
0.944282	0.000000
0.964809	0.000000
0.985337	0.000000
1.005865	0.000000
1.026393	0.000000
1.046921	0.000000
1.067449	0.000000
1.087977	0.000000
1.108504	0.000000
1.129032	0.000000
1.149560	0.000000
1.170088	0.000000
1.190616	0.000000
1.211144	0.000000
1.231672	0.000000
1.252199	0.000000
1.272727	0.000000
1.293255	0.000000
1.313783	0.000000
1.334311	0.000000
1.354839	0.000000
1.375367	0.000000
1.395894	0.000000
1.416422	0.000000
1.436950	0.000000
1.457478	0.000000
1.478006	0.000000
1.498534	0.000000
1.519062	0.000000
1.539589	0.000000
1.560117	0.000000
1.580645	0.000000
1.601173	0.000000
1.621701	0.000000
1.642229	0.000000
1.662757	0.000000
1.683284	0.000000
1.703812	0.000000
1.724340	0.000000
1.744868	0.000000
1.765396	0.000000
1.785924	0.000000
1.806452	0.000000
1.826979	0.000000
1.847507	0.000000
1.868035	0.000000
1.888563	0.000000
1.909091	0.000000
1.929619	0.000000
1.950147	0.000000
1.970674	0.000000
1.991202	0.000000
2.011730	0.000000
2.032258	0.000000
2.052786	0.000000
2.073314	0.000000
2.093842	0.000000
2.114370	0.000000
2.134897	0.000000
2.155425	0.000000
2.175953	0.000000
2.196481	0.000000
2.217009	0.000000
2.237537	0.000000
2.258065	0.000000
2.278592	0.000000
2.299120	0.000000
2.319648	0.000000
2.340176	0.000000
2.360704	0.000000
2.381232	0.000000
2.401760	0.000000
2.422287	0.000000
2.442815	0.000000
2.463343	0.000000
2.483871	4.377977
2.504399	8.755955
2.524927	13.133932
2.545455	17.511910
2.565982	21.889887
2.586510	26.267865
2.607038	30.645842
2.627566	35.023820
2.648094	39.401797
2.668622	43.779774
2.689150	49.401797
2.709677	55.023820
2.730205	60.645842
2.750733	66.267865
2.771261	71.889887
2.791789	77.511910
2.812317	83.133932
2.832845	88.755955
2.853372	94.377977
2.873900	100.000000
2.894428	95.716185
2.914956	91.432370
2.935484	87.148556
2.956012	82.864741
2.976540	78.580926
2.997067	74.297111
3.017595	70.013297
3.038123	65.729482
3.058651	61.445667
3.079179	57.161852
3.099707	54.390826
3.120235	51.619800
3.140762	48.848774
3.161290	46.077748
3.181818	43.306722
3.202346	40.535696
3.222874	37.764670
3.243402	34.993644
3.263930	32.222618
3.284457	29.451592
3.304985	29.680887
3.325513	29.910183
3.346041	30.139478
3.366569	30.368773
3.387097	30.598068
3.407625	30.827364
3.428152	31.056659
3.448680	31.285954
3.469208	31.515250
3.489736	31.744545
3.510264	29.416264
3.530792	27.087983
3.551320	24.759703
3.571848	22.431422
3.592375	20.103141
3.612903	17.774860
3.633431	15.446580
3.653959	13.118299
3.674487	10.790018
3.695015	8.461737
3.715543	7.977477
3.736070	7.493216
3.756598	7.008955
3.777126	6.524695
3.797654	6.040434
3.818182	5.556174
3.838710	5.071913
3.859238	4.587652
3.879765	4.103392
3.900293	3.619131
3.920821	3.383858
3.941349	3.148586
3.961877	2.913313
3.982405	2.678041
4.002933	2.442768
4.023460	2.207496
4.043988	1.972223
4.064516	1.736951
4.085044	1.501678
4.105572	1.266406
4.126100	1.284793
4.146628	1.303181
4.167155	1.321569
4.187683	1.339956
4.208211	1.358344
4.228739	1.376732
4.249267	1.395120
4.269795	1.413507
4.290323	1.431895
4.310850	1.450283
4.331378	1.312506
4.351906	1.174729
4.372434	1.036952
4.392962	0.899175
4.413490	0.761398
4.434018	0.623622
4.454545	0.485845
4.475073	0.348068
4.495601	0.210291
4.516129	0.072514
4.536657	0.065625
4.557185	0.058736
4.577713	0.051848
4.598240	0.044959
4.618768	0.038070
4.639296	0.031181
4.659824	0.024292
4.680352	0.017403
4.700880	0.010515
4.721408	0.003626
4.741935	0.003281
4.762463	0.002937
4.782991	0.002592
4.803519	0.002248
4.824047	0.001903
4.844575	0.001559
4.865103	0.001215
4.885630	0.000870
4.906158	0.000526
4.926686	0.000181
4.947214	0.024285
4.967742	0.048389
4.988270	0.072493
5.008798	0.096597
5.029326	0.120701
5.049853	0.144804
5.070381	0.168908
5.090909	0.193012
5.111437	0.217116
5.131965	0.241220
5.152493	0.332879
5.173021	0.424538
5.193548	0.516198
5.214076	0.607857
5.234604	0.699516
5.255132	0.791176
5.275660	0.882835
5.296188	0.974494
5.316716	1.066153
5.337243	1.157813
5.357771	1.186517
5.378299	1.215221
5.398827	1.243925
5.419355	1.272629
5.439883	1.301333
5.460411	1.330037
5.480938	1.358741
5.501466	1.387445
5.521994	1.416149
5.542522	1.444853
5.563050	1.392016
5.583578	1.339179
5.604106	1.286341
5.624633	1.233504
5.645161	1.180667
5.665689	1.127830
5.686217	1.074992
5.706745	1.022155
5.727273	0.969318
5.747801	0.916481
5.768328	0.937960
5.788856	0.959439
5.809384	0.980918
5.829912	1.002398
5.850440	1.023877
5.870968	1.045356
5.891496	1.066835
5.912023	1.088315
5.932551	1.109794
5.953079	1.131273
5.973607	1.090135
5.994135	1.048997
6.014663	1.007859
6.035191	0.966721
6.055718	0.925583
6.076246	0.884445
6.096774	0.843307
6.117302	0.802169
6.137830	0.761032
6.158358	0.719894
6.178886	0.663564
6.199413	0.607235
6.219941	0.550906
6.240469	0.494576
6.260997	0.438247
6.281525	0.381917
6.302053	0.325588
6.322581	0.269259
6.343109	0.212929
6.363636	0.156600
6.384164	0.147753
6.404692	0.138907
6.425220	0.130060
6.445748	0.121213
6.466276	0.112366
6.486804	0.103520
6.507331	0.094673
6.527859	0.085826
6.548387	0.076979
6.568915	0.068133
6.589443	0.067690
6.609971	0.067248
6.630499	0.066806
6.651026	0.066363
6.671554	0.065921
6.692082	0.065479
6.712610	0.065036
6.733138	0.064594
6.753666	0.064152
6.774194	0.063709
6.794721	0.057657
6.815249	0.051605
6.835777	0.045552
6.856305	0.039500
6.876833	0.033447
6.897361	0.027395
6.917889	0.021343
6.938416	0.015290
6.958944	0.009238
6.979472	0.003185
