0.000000	0.000000
0.020528	0.000000
0.041056	0.000000
0.061584	0.000000
0.082111	0.000000
0.102639	0.000000
0.123167	0.000000
0.143695	0.000000
0.164223	0.000000
0.184751	0.000000
0.205279	0.000000
0.225806	0.000000
0.246334	0.000000
0.266862	0.000000
0.287390	0.000000
0.307918	0.000000
0.328446	0.000000
0.348974	0.000000
0.369501	0.000000
0.390029	0.000000
0.410557	0.000000
0.431085	0.000000
0.451613	0.000000
0.472141	0.000000
0.492669	0.000000
0.513196	0.000000
0.533724	0.000000
0.554252	0.000000
0.574780	0.000000
0.595308	0.000000
0.615836	0.000000
0.636364	0.000000
0.656891	0.000000
0.677419	0.000000
0.697947	0.000000
0.718475	0.000000
0.739003	0.000000
0.759531	0.000000
0.780059	0.000000
0.800587	0.000000
0.821114	0.000000
0.841642	0.000000
0.862170	0.000000
0.882698	0.000000
0.903226	0.000000
0.923754	0.000000
0.944282	0.000000
0.964809	0.000000
0.985337	0.000000
1.005865	0.000000
1.026393	0.000000
1.046921	0.000000
1.067449	0.000000
1.087977	0.000000
1.108504	0.000000
1.129032	0.000000
1.149560	0.000000
1.170088	0.000000
1.190616	0.000000
1.211144	0.000000
1.231672	0.000000
1.252199	0.000000
1.272727	0.000000
1.293255	0.000000
1.313783	0.000000
1.334311	0.000000
1.354839	0.000000
1.375367	0.000000
1.395894	0.000000
1.416422	0.000000
1.436950	0.000000
1.457478	0.000000
1.478006	0.000000
1.498534	0.000000
1.519062	0.000000
1.539589	0.000000
1.560117	0.000000
1.580645	0.000000
1.601173	0.000000
1.621701	0.000000
1.642229	0.000000
1.662757	0.000000
1.683284	0.000000
1.703812	0.000000
1.724340	0.000000
1.744868	0.000000
1.765396	0.000000
1.785924	0.000000
1.806452	0.000000
1.826979	0.000000
1.847507	0.000000
1.868035	0.000000
1.888563	0.000000
1.909091	0.000000
1.929619	0.000000
1.950147	0.000000
1.970674	0.000000
1.991202	0.000000
2.011730	0.000000
2.032258	0.000000
2.052786	0.000000
2.073314	0.000000
2.093842	0.000000
2.114370	0.000000
2.134897	0.000000
2.155425	0.000000
2.175953	0.000000
2.196481	0.000000
2.217009	0.000000
2.237537	0.000000
2.258065	0.000000
2.278592	0.000000
2.299120	0.000000
2.319648	0.000000
2.340176	0.000000
2.360704	0.000000
2.381232	0.000000
2.401760	0.000000
2.422287	0.000000
2.442815	0.000000
2.463343	0.000000
2.483871	3.591049
2.504399	7.182098
2.524927	10.773147
2.545455	14.364196
2.565982	17.955245
2.586510	21.546294
2.607038	25.137343
2.627566	28.728392
2.648094	32.319441
2.668622	35.910490
2.689150	42.274627
2.709677	48.638763
2.730205	55.002900
2.750733	61.367037
2.771261	67.731174
2.791789	74.095311
2.812317	80.459447
2.832845	86.823584
2.853372	93.187721
2.873900	99.551858
2.894428	99.596672
2.914956	99.641486
2.935484	99.686300
2.956012	99.731115
2.976540	99.775929
2.997067	99.820743
3.017595	99.865557
3.038123	99.910372
3.058651	99.955186
3.079179	100.000000
3.099707	94.955561
3.120235	89.911122
3.140762	84.866682
3.161290	79.822243
3.181818	74.777804
3.202346	69.733365
3.222874	64.688925
3.243402	59.644486
3.263930	54.600047
3.284457	49.555608
3.304985	47.603918
3.325513	45.652229
3.346041	43.700539
3.366569	41.748849
3.387097	39.797160
3.407625	37.845470
3.428152	35.893781
3.448680	33.942091
3.469208	31.990401
3.489736	30.038712
3.510264	29.224395
3.530792	28.410079
3.551320	27.595762
3.571848	26.781446
3.592375	25.967129
3.612903	25.152813
3.633431	24.338497
3.653959	23.524180
3.674487	22.709864
3.695015	21.895547
3.715543	20.177531
3.736070	18.459514
3.756598	16.741498
3.777126	15.023481
3.797654	13.305465
3.818182	11.587448
3.838710	9.869432
3.859238	8.151415
3.879765	6.433399
3.900293	4.715382
3.920821	4.570370
3.941349	4.425357
3.961877	4.280344
3.982405	4.135331
4.002933	3.990319
4.023460	3.845306
4.043988	3.700293
4.064516	3.555280
4.085044	3.410268
4.105572	3.265255
4.126100	3.117613
4.146628	2.969972
4.167155	2.822331
4.187683	2.674689
4.208211	2.527048
4.228739	2.379406
4.249267	2.231765
4.269795	2.084123
4.290323	1.936482
4.310850	1.788840
4.331378	1.618901
4.351906	1.448961
4.372434	1.279021
4.392962	1.109081
4.413490	0.939141
4.434018	0.769201
4.454545	0.599262
4.475073	0.429322
4.495601	0.259382
4.516129	0.089442
4.536657	0.080945
4.557185	0.072448
4.577713	0.063951
4.598240	0.055454
4.618768	0.046957
4.639296	0.038460
4.659824	0.029963
4.680352	0.021466
4.700880	0.012969
4.721408	0.004472
4.741935	0.004047
4.762463	0.003622
4.782991	0.003198
4.803519	0.002773
4.824047	0.002348
4.844575	0.001923
4.865103	0.001498
4.885630	0.001073
4.906158	0.000648
4.926686	0.000224
4.947214	0.081481
4.967742	0.162739
4.988270	0.243997
5.008798	0.325254
5.029326	0.406512
5.049853	0.487769
5.070381	0.569027
5.090909	0.650285
5.111437	0.731542
5.131965	0.812800
5.152493	0.853808
5.173021	0.894816
5.193548	0.935824
5.214076	0.976831
5.234604	1.017839
5.255132	1.058847
5.275660	1.099855
5.296188	1.140863
5.316716	1.181871
5.337243	1.222878
5.357771	1.298819
5.378299	1.374759
5.398827	1.450699
5.419355	1.526640
5.439883	1.602580
5.460411	1.678520
5.480938	1.754460
5.501466	1.830401
5.521994	1.906341
5.542522	1.982281
5.563050	1.853076
5.583578	1.723872
5.604106	1.594667
5.624633	1.465462
5.645161	1.336257
5.665689	1.207052
5.686217	1.077848
5.706745	0.948643
5.727273	0.819438
5.747801	0.690233
5.768328	0.809386
5.788856	0.928538
5.809384	1.047691
5.829912	1.166844
5.850440	1.285996
5.870968	1.405149
5.891496	1.524301
5.912023	1.643454
5.932551	1.762606
5.953079	1.881759
5.973607	1.762104
5.994135	1.642449
6.014663	1.522793
6.035191	1.403138
6.055718	1.283483
6.076246	1.163828
6.096774	1.044173
6.117302	0.924518
6.137830	0.804862
6.158358	0.685207
6.178886	0.730947
6.199413	0.776687
6.219941	0.822428
6.240469	0.868168
6.260997	0.913908
6.281525	0.959648
6.302053	1.005388
6.322581	1.051128
6.343109	1.096869
6.363636	1.142609
6.384164	1.034061
6.404692	0.925513
6.425220	0.816965
6.445748	0.708417
6.466276	0.599870
6.486804	0.491322
6.507331	0.382774
6.527859	0.274226
6.548387	0.165678
6.568915	0.057130
6.589443	0.051703
6.609971	0.046276
6.630499	0.040848
6.651026	0.035421
6.671554	0.029993
6.692082	0.024566
6.712610	0.019139
6.733138	0.013711
6.753666	0.008284
6.774194	0.002857
6.794721	0.002585
6.815249	0.002314
6.835777	0.002042
6.856305	0.001771
6.876833	0.001500
6.897361	0.001228
6.917889	0.000957
6.938416	0.000686
6.958944	0.000414
6.979472	0.000143
