0.000000	0.000000
0.020528	0.000000
0.041056	0.000000
0.061584	0.000000
0.082111	0.000000
0.102639	0.000000
0.123167	0.000000
0.143695	0.000000
0.164223	0.000000
0.184751	0.000000
0.205279	0.000000
0.225806	0.000000
0.246334	0.000000
0.266862	0.000000
0.287390	0.000000
0.307918	0.000000
0.328446	0.000000
0.348974	0.000000
0.369501	0.000000
0.390029	0.000000
0.410557	0.000000
0.431085	0.000000
0.451613	0.000000
0.472141	0.000000
0.492669	0.000000
0.513196	0.000000
0.533724	0.000000
0.554252	0.000000
0.574780	0.000000
0.595308	0.000000
0.615836	0.000000
0.636364	0.000000
0.656891	0.000000
0.677419	0.000000
0.697947	0.000000
0.718475	0.000000
0.739003	0.000000
0.759531	0.000000
0.780059	0.000000
0.800587	0.000000
0.821114	0.000000
0.841642	0.000000
0.862170	0.000000
0.882698	0.000000
0.903226	0.000000
0.923754	0.000000
0.944282	0.000000
0.964809	0.000000
0.985337	0.000000
1.005865	0.000000
1.026393	0.000000
1.046921	0.000000
1.067449	0.000000
1.087977	0.000000
1.108504	0.000000
1.129032	0.000000
1.149560	0.000000
1.170088	0.000000
1.190616	0.000000
1.211144	0.000000
1.231672	0.000000
1.252199	0.000000
1.272727	0.000000
1.293255	0.000000
1.313783	0.000000
1.334311	0.000000
1.354839	0.000000
1.375367	0.000000
1.395894	0.000000
1.416422	0.000000
1.436950	0.000000
1.457478	0.014733
1.478006	0.029466
1.498534	0.044199
1.519062	0.058933
1.539589	0.073666
1.560117	0.088399
1.580645	0.103132
1.601173	0.117865
1.621701	0.132598
1.642229	0.147332
1.662757	0.133335
1.683284	0.119339
1.703812	0.105342
1.724340	0.091346
1.744868	0.077349
1.765396	0.063353
1.785924	0.049356
1.806452	0.035360
1.826979	0.021363
1.847507	0.007367
1.868035	0.006667
1.888563	0.005967
1.909091	0.005267
1.929619	0.004567
1.950147	0.003867
1.970674	0.003168
1.991202	0.002468
2.011730	0.001768
2.032258	0.001068
2.052786	0.000368
2.073314	0.000333
2.093842	0.000298
2.114370	0.000263
2.134897	0.000228
2.155425	0.000193
2.175953	0.000158
2.196481	0.000123
2.217009	0.000088
2.237537	0.000053
2.258065	0.000018
2.278592	0.000017
2.299120	0.000015
2.319648	0.000013
2.340176	0.000011
2.360704	0.000010
2.381232	0.000008
2.401760	0.000006
2.422287	0.000004
2.442815	0.000003
2.463343	0.000001
2.483871	0.000001
2.504399	0.000001
2.524927	0.000001
2.545455	0.000001
2.565982	0.000000
2.586510	0.000000
2.607038	0.000000
2.627566	0.000000
2.648094	0.000000
2.668622	0.000000
2.689150	0.000000
2.709677	0.000000
2.730205	0.000000
2.750733	0.000000
2.771261	0.000000
2.791789	0.000000
2.812317	0.000000
2.832845	0.000000
2.853372	0.000000
2.873900	0.000000
2.894428	0.088399
2.914956	0.176798
2.935484	0.265197
2.956012	0.353596
2.976540	0.441995
2.997067	0.530394
3.017595	0.618793
3.038123	0.707192
3.058651	0.795591
3.079179	0.883990
3.099707	2.803721
3.120235	4.723453
3.140762	6.643184
3.161290	8.562916
3.181818	10.482647
3.202346	12.402379
3.222874	14.322110
3.243402	16.241842
3.263930	18.161573
3.284457	20.081305
3.304985	27.278677
3.325513	34.476050
3.346041	41.673422
3.366569	48.870795
3.387097	56.068167
3.407625	63.265540
3.428152	70.462912
3.448680	77.660285
3.469208	84.857657
3.489736	92.055030
3.510264	92.849527
3.530792	93.644024
3.551320	94.438521
3.571848	95.233018
3.592375	96.027515
3.612903	96.822012
3.633431	97.616509
3.653959	98.411006
3.674487	99.205503
3.695015	100.000000
3.715543	99.428298
3.736070	98.856597
3.756598	98.284895
3.777126	97.713194
3.797654	97.141492
3.818182	96.569791
3.838710	95.998089
3.859238	95.426388
3.879765	94.854686
3.900293	94.282985
3.920821	91.410899
3.941349	88.538813
3.961877	85.666726
3.982405	82.794640
4.002933	79.922554
4.023460	77.050468
4.043988	74.178382
4.064516	71.306296
4.085044	68.434210
4.105572	65.562124
4.126100	62.648684
4.146628	59.735245
4.167155	56.821806
4.187683	53.908366
4.208211	50.994927
4.228739	48.081487
4.249267	45.168048
4.269795	42.254608
4.290323	39.341169
4.310850	36.427729
4.331378	33.939484
4.351906	31.451239
4.372434	28.962993
4.392962	26.474748
4.413490	23.986503
4.434018	21.498257
4.454545	19.010012
4.475073	16.521767
4.495601	14.033521
4.516129	11.545276
4.536657	10.779971
4.557185	10.014666
4.577713	9.249361
4.598240	8.484056
4.618768	7.718751
4.639296	6.953446
4.659824	6.188141
4.680352	5.422836
4.700880	4.657531
4.721408	3.892226
4.741935	3.824495
4.762463	3.756763
4.782991	3.689031
4.803519	3.621300
4.824047	3.553568
4.844575	3.485837
4.865103	3.418105
4.885630	3.350373
4.906158	3.282642
4.926686	3.214910
4.947214	3.137858
4.967742	3.060805
4.988270	2.983753
5.008798	2.906701
5.029326	2.829648
5.049853	2.752596
5.070381	2.675543
5.090909	2.598491
5.111437	2.521439
5.131965	2.444386
5.152493	2.300569
5.173021	2.156751
5.193548	2.012933
5.214076	1.869115
5.234604	1.725298
5.255132	1.581480
5.275660	1.437662
5.296188	1.293845
5.316716	1.150027
5.337243	1.006209
5.357771	1.028485
5.378299	1.050760
5.398827	1.073036
5.419355	1.095311
5.439883	1.117586
5.460411	1.139862
5.480938	1.162137
5.501466	1.184413
5.521994	1.206688
5.542522	1.228964
5.563050	1.112212
5.583578	0.995461
5.604106	0.878709
5.624633	0.761958
5.645161	0.645206
5.665689	0.528454
5.686217	0.411703
5.706745	0.294951
5.727273	0.178200
5.747801	0.061448
5.768328	0.055611
5.788856	0.049773
5.809384	0.043935
5.829912	0.038098
5.850440	0.032260
5.870968	0.026423
5.891496	0.020585
5.912023	0.014748
5.932551	0.008910
5.953079	0.003072
5.973607	0.002781
5.994135	0.002489
6.014663	0.002197
6.035191	0.001905
6.055718	0.001613
6.076246	0.001321
6.096774	0.001029
6.117302	0.000737
6.137830	0.000445
6.158358	0.000154
6.178886	0.051705
6.199413	0.103257
6.219941	0.154808
6.240469	0.206360
6.260997	0.257911
6.281525	0.309463
6.302053	0.361014
6.322581	0.412566
6.343109	0.464117
6.363636	0.515668
6.384164	0.496146
6.404692	0.476624
6.425220	0.457102
6.445748	0.437580
6.466276	0.418058
6.486804	0.398535
6.507331	0.379013
6.527859	0.359491
6.548387	0.339969
6.568915	0.320447
6.589443	0.348937
6.609971	0.377427
6.630499	0.405917
6.651026	0.434408
6.671554	0.462898
6.692082	0.491388
6.712610	0.519878
6.733138	0.548369
6.753666	0.576859
6.774194	0.605349
6.794721	0.805671
6.815249	1.005993
6.835777	1.206316
6.856305	1.406638
6.876833	1.606960
6.897361	1.807282
6.917889	2.007605
6.938416	2.207927
6.958944	2.408249
6.979472	2.608571
