0.000000	0.000000
0.020528	0.000000
0.041056	0.000000
0.061584	0.000000
0.082111	0.000000
0.102639	0.000000
0.123167	0.000000
0.143695	0.000000
0.164223	0.000000
0.184751	0.000000
0.205279	0.000000
0.225806	0.000000
0.246334	0.000000
0.266862	0.000000
0.287390	0.000000
0.307918	0.000000
0.328446	0.000000
0.348974	0.000000
0.369501	0.000000
0.390029	0.000000
0.410557	0.000000
0.431085	0.000000
0.451613	0.000000
0.472141	0.000000
0.492669	0.000000
0.513196	0.000000
0.533724	0.000000
0.554252	0.000000
0.574780	0.000000
0.595308	0.000000
0.615836	0.000000
0.636364	0.000000
0.656891	0.000000
0.677419	0.000000
0.697947	0.000000
0.718475	0.000000
0.739003	0.000000
0.759531	0.000000
0.780059	0.000000
0.800587	0.000000
0.821114	0.000000
0.841642	0.000000
0.862170	0.000000
0.882698	0.000000
0.903226	0.000000
0.923754	0.000000
0.944282	0.000000
0.964809	0.000000
0.985337	0.000000
1.005865	0.000000
1.026393	0.000000
1.046921	0.000000
1.067449	0.000000
1.087977	0.000000
1.108504	0.000000
1.129032	0.000000
1.149560	0.000000
1.170088	0.000000
1.190616	0.000000
1.211144	0.000000
1.231672	0.000000
1.252199	0.000000
1.272727	0.000000
1.293255	0.000000
1.313783	0.000000
1.334311	0.000000
1.354839	0.000000
1.375367	0.000000
1.395894	0.000000
1.416422	0.000000
1.436950	0.000000
1.457478	0.000000
1.478006	0.000000
1.498534	0.000000
1.519062	0.000000
1.539589	0.000000
1.560117	0.000000
1.580645	0.000000
1.601173	0.000000
1.621701	0.000000
1.642229	0.000000
1.662757	0.000000
1.683284	0.000000
1.703812	0.000000
1.724340	0.000000
1.744868	0.000000
1.765396	0.000000
1.785924	0.000000
1.806452	0.000000
1.826979	0.000000
1.847507	0.000000
1.868035	0.000000
1.888563	0.000000
1.909091	0.000000
1.929619	0.000000
1.950147	0.000000
1.970674	0.000000
1.991202	0.000000
2.011730	0.000000
2.032258	0.000000
2.052786	0.000000
2.073314	0.000000
2.093842	0.000000
2.114370	0.000000
2.134897	0.000000
2.155425	0.000000
2.175953	0.000000
2.196481	0.000000
2.217009	0.000000
2.237537	0.000000
2.258065	0.000000
2.278592	0.000000
2.299120	0.000000
2.319648	0.000000
2.340176	0.000000
2.360704	0.000000
2.381232	0.000000
2.401760	0.000000
2.422287	0.000000
2.442815	0.000000
2.463343	0.000000
2.483871	0.101135
2.504399	0.202269
2.524927	0.303404
2.545455	0.404539
2.565982	0.505673
2.586510	0.606808
2.607038	0.707943
2.627566	0.809077
2.648094	0.910212
2.668622	1.011346
2.689150	4.922729
2.709677	8.834111
2.730205	12.745494
2.750733	16.656876
2.771261	20.568259
2.791789	24.479641
2.812317	28.391023
2.832845	32.302406
2.853372	36.213788
2.873900	40.125171
2.894428	39.650723
2.914956	39.176275
2.935484	38.701827
2.956012	38.227379
2.976540	37.752931
2.997067	37.278483
3.017595	36.804035
3.038123	36.329587
3.058651	35.855139
3.079179	35.380692
3.099707	39.686796
3.120235	43.992901
3.140762	48.299005
3.161290	52.605110
3.181818	56.911215
3.202346	61.217319
3.222874	65.523424
3.243402	69.829528
3.263930	74.135633
3.284457	78.441738
3.304985	80.597564
3.325513	82.753390
3.346041	84.909216
3.366569	87.065043
3.387097	89.220869
3.407625	91.376695
3.428152	93.532521
3.448680	95.688348
3.469208	97.844174
3.489736	100.000000
3.510264	96.169861
3.530792	92.339722
3.551320	88.509583
3.571848	84.679444
3.592375	80.849305
3.612903	77.019166
3.633431	73.189027
3.653959	69.358888
3.674487	65.528750
3.695015	61.698611
3.715543	58.138056
3.736070	54.577501
3.756598	51.016946
3.777126	47.456391
3.797654	43.895836
3.818182	40.335282
3.838710	36.774727
3.859238	33.214172
3.879765	29.653617
3.900293	26.093062
3.920821	24.385373
3.941349	22.677684
3.961877	20.969995
3.982405	19.262305
4.002933	17.554616
4.023460	15.846927
4.043988	14.139238
4.064516	12.431548
4.085044	10.723859
4.105572	9.016170
4.126100	8.595777
4.146628	8.175384
4.167155	7.754991
4.187683	7.334598
4.208211	6.914205
4.228739	6.493812
4.249267	6.073419
4.269795	5.653026
4.290323	5.232633
4.310850	4.812240
4.331378	4.626877
4.351906	4.441513
4.372434	4.256150
4.392962	4.070786
4.413490	3.885423
4.434018	3.700059
4.454545	3.514696
4.475073	3.329332
4.495601	3.143969
4.516129	2.958606
4.536657	2.835561
4.557185	2.712516
4.577713	2.589472
4.598240	2.466427
4.618768	2.343382
4.639296	2.220338
4.659824	2.097293
4.680352	1.974248
4.700880	1.851204
4.721408	1.728159
4.741935	1.589268
4.762463	1.450376
4.782991	1.311485
4.803519	1.172593
4.824047	1.033702
4.844575	0.894810
4.865103	0.755919
4.885630	0.617027
4.906158	0.478136
4.926686	0.339245
4.947214	0.307016
4.967742	0.274788
4.988270	0.242560
5.008798	0.210332
5.029326	0.178103
5.049853	0.145875
5.070381	0.113647
5.090909	0.081419
5.111437	0.049190
5.131965	0.016962
5.152493	0.129127
5.173021	0.241292
5.193548	0.353457
5.214076	0.465622
5.234604	0.577788
5.255132	0.689953
5.275660	0.802118
5.296188	0.914283
5.316716	1.026448
5.337243	1.138613
5.357771	1.068370
5.378299	0.998127
5.398827	0.927885
5.419355	0.857642
5.439883	0.787399
5.460411	0.717156
5.480938	0.646914
5.501466	0.576671
5.521994	0.506428
5.542522	0.436186
5.563050	0.445315
5.583578	0.454445
5.604106	0.463575
5.624633	0.472704
5.645161	0.481834
5.665689	0.490964
5.686217	0.500093
5.706745	0.509223
5.727273	0.518353
5.747801	0.527483
5.768328	0.540581
5.788856	0.553679
5.809384	0.566777
5.829912	0.579876
5.850440	0.592974
5.870968	0.606072
5.891496	0.619171
5.912023	0.632269
5.932551	0.645367
5.953079	0.658466
5.973607	0.709688
5.994135	0.760910
6.014663	0.812132
6.035191	0.863355
6.055718	0.914577
6.076246	0.965799
6.096774	1.017021
6.117302	1.068244
6.137830	1.119466
6.158358	1.170688
6.178886	1.129003
6.199413	1.087317
6.219941	1.045632
6.240469	1.003947
6.260997	0.962262
6.281525	0.920576
6.302053	0.878891
6.322581	0.837206
6.343109	0.795520
6.363636	0.753835
6.384164	0.814960
6.404692	0.876085
6.425220	0.937210
6.445748	0.998335
6.466276	1.059460
6.486804	1.120584
6.507331	1.181709
6.527859	1.242834
6.548387	1.303959
6.568915	1.365084
6.589443	1.317573
6.609971	1.270062
6.630499	1.222551
6.651026	1.175040
6.671554	1.127529
6.692082	1.080018
6.712610	1.032506
6.733138	0.984995
6.753666	0.937484
6.774194	0.889973
6.794721	0.837030
6.815249	0.784087
6.835777	0.731145
6.856305	0.678202
6.876833	0.625259
6.897361	0.572316
6.917889	0.519373
6.938416	0.466430
6.958944	0.413487
6.979472	0.360544
