0.000000	0.000000
0.020528	0.000000
0.041056	0.000000
0.061584	0.000000
0.082111	0.000000
0.102639	0.000000
0.123167	0.000000
0.143695	0.000000
0.164223	0.000000
0.184751	0.000000
0.205279	0.000000
0.225806	0.000000
0.246334	0.000000
0.266862	0.000000
0.287390	0.000000
0.307918	0.000000
0.328446	0.000000
0.348974	0.000000
0.369501	0.000000
0.390029	0.000000
0.410557	0.000000
0.431085	0.000000
0.451613	0.000000
0.472141	0.000000
0.492669	0.000000
0.513196	0.000000
0.533724	0.000000
0.554252	0.000000
0.574780	0.000000
0.595308	0.000000
0.615836	0.000000
0.636364	0.000000
0.656891	0.000000
0.677419	0.000000
0.697947	0.000000
0.718475	0.000000
0.739003	0.000000
0.759531	0.000000
0.780059	0.000000
0.800587	0.000000
0.821114	0.000000
0.841642	0.000000
0.862170	0.000000
0.882698	0.000000
0.903226	0.000000
0.923754	0.000000
0.944282	0.000000
0.964809	0.000000
0.985337	0.000000
1.005865	0.000000
1.026393	0.000000
1.046921	0.000000
1.067449	0.000000
1.087977	0.000000
1.108504	0.000000
1.129032	0.000000
1.149560	0.000000
1.170088	0.000000
1.190616	0.000000
1.211144	0.000000
1.231672	0.000000
1.252199	0.000000
1.272727	0.000000
1.293255	0.000000
1.313783	0.000000
1.334311	0.000000
1.354839	0.000000
1.375367	0.000000
1.395894	0.000000
1.416422	0.000000
1.436950	0.000000
1.457478	0.000000
1.478006	0.000000
1.498534	0.000000
1.519062	0.000000
1.539589	0.000000
1.560117	0.000000
1.580645	0.000000
1.601173	0.000000
1.621701	0.000000
1.642229	0.000000
1.662757	0.000000
1.683284	0.000000
1.703812	0.000000
1.724340	0.000000
1.744868	0.000000
1.765396	0.000000
1.785924	0.000000
1.806452	0.000000
1.826979	0.000000
1.847507	0.000000
1.868035	0.000000
1.888563	0.000000
1.909091	0.000000
1.929619	0.000000
1.950147	0.000000
1.970674	0.000000
1.991202	0.000000
2.011730	0.000000
2.032258	0.000000
2.052786	0.000000
2.073314	0.000000
2.093842	0.000000
2.114370	0.000000
2.134897	0.000000
2.155425	0.000000
2.175953	0.000000
2.196481	0.000000
2.217009	0.000000
2.237537	0.000000
2.258065	0.000000
2.278592	0.000000
2.299120	0.000000
2.319648	0.000000
2.340176	0.000000
2.360704	0.000000
2.381232	0.000000
2.401760	0.000000
2.422287	0.000000
2.442815	0.000000
2.463343	0.000000
2.483871	0.000000
2.504399	0.000000
2.524927	0.000000
2.545455	0.000000
2.565982	0.000000
2.586510	0.000000
2.607038	0.000000
2.627566	0.000000
2.648094	0.000000
2.668622	0.000000
2.689150	0.299222
2.709677	0.598443
2.730205	0.897665
2.750733	1.196886
2.771261	1.496108
2.791789	1.795329
2.812317	2.094551
2.832845	2.393772
2.853372	2.692994
2.873900	2.992215
2.894428	4.503284
2.914956	6.014353
2.935484	7.525422
2.956012	9.036491
2.976540	10.547560
2.997067	12.058628
3.017595	13.569697
3.038123	15.080766
3.058651	16.591835
3.079179	18.102904
3.099707	23.181067
3.120235	28.259231
3.140762	33.337395
3.161290	38.415558
3.181818	43.493722
3.202346	48.571886
3.222874	53.650049
3.243402	58.728213
3.263930	63.806377
3.284457	68.884540
3.304985	70.868323
3.325513	72.852106
3.346041	74.835889
3.366569	76.819671
3.387097	78.803454
3.407625	80.787237
3.428152	82.771020
3.448680	84.754802
3.469208	86.738585
3.489736	88.722368
3.510264	89.850131
3.530792	90.977894
3.551320	92.105658
3.571848	93.233421
3.592375	94.361184
3.612903	95.488947
3.633431	96.616710
3.653959	97.744474
3.674487	98.872237
3.695015	100.000000
3.715543	97.980539
3.736070	95.961077
3.756598	93.941616
3.777126	91.922155
3.797654	89.902693
3.818182	87.883232
3.838710	85.863771
3.859238	83.844309
3.879765	81.824848
3.900293	79.805387
3.920821	77.254537
3.941349	74.703688
3.961877	72.152838
3.982405	69.601989
4.002933	67.051139
4.023460	64.500290
4.043988	61.949440
4.064516	59.398591
4.085044	56.847741
4.105572	54.296892
4.126100	50.597392
4.146628	46.897893
4.167155	43.198393
4.187683	39.498893
4.208211	35.799393
4.228739	32.099894
4.249267	28.400394
4.269795	24.700894
4.290323	21.001395
4.310850	17.301895
4.331378	16.864452
4.351906	16.427009
4.372434	15.989566
4.392962	15.552122
4.413490	15.114679
4.434018	14.677236
4.454545	14.239793
4.475073	13.802350
4.495601	13.364907
4.516129	12.927463
4.536657	11.886368
4.557185	10.845272
4.577713	9.804177
4.598240	8.763081
4.618768	7.721986
4.639296	6.680890
4.659824	5.639794
4.680352	4.598699
4.700880	3.557603
4.721408	2.516508
4.741935	2.688869
4.762463	2.861231
4.782991	3.033592
4.803519	3.205953
4.824047	3.378315
4.844575	3.550676
4.865103	3.723038
4.885630	3.895399
4.906158	4.067760
4.926686	4.240122
4.947214	4.061726
4.967742	3.883331
4.988270	3.704935
5.008798	3.526540
5.029326	3.348145
5.049853	3.169749
5.070381	2.991354
5.090909	2.812958
5.111437	2.634563
5.131965	2.456168
5.152493	2.222832
5.173021	1.989496
5.193548	1.756160
5.214076	1.522824
5.234604	1.289488
5.255132	1.056152
5.275660	0.822816
5.296188	0.589480
5.316716	0.356144
5.337243	0.122808
5.357771	0.223350
5.378299	0.323891
5.398827	0.424432
5.419355	0.524974
5.439883	0.625515
5.460411	0.726056
5.480938	0.826597
5.501466	0.927139
5.521994	1.027680
5.542522	1.128221
5.563050	1.441821
5.583578	1.755420
5.604106	2.069019
5.624633	2.382618
5.645161	2.696218
5.665689	3.009817
5.686217	3.323416
5.706745	3.637015
5.727273	3.950615
5.747801	4.264214
5.768328	3.877815
5.788856	3.491416
5.809384	3.105017
5.829912	2.718618
5.850440	2.332219
5.870968	1.945820
5.891496	1.559421
5.912023	1.173022
5.932551	0.786623
5.953079	0.400224
5.973607	0.380904
5.994135	0.361584
6.014663	0.342264
6.035191	0.322944
6.055718	0.303624
6.076246	0.284304
6.096774	0.264985
6.117302	0.245665
6.137830	0.226345
6.158358	0.207025
6.178886	0.262163
6.199413	0.317301
6.219941	0.372439
6.240469	0.427577
6.260997	0.482715
6.281525	0.537853
6.302053	0.592991
6.322581	0.648129
6.343109	0.703267
6.363636	0.758405
6.384164	0.929474
6.404692	1.100543
6.425220	1.271612
6.445748	1.442681
6.466276	1.613750
6.486804	1.784819
6.507331	1.955888
6.527859	2.126957
6.548387	2.298026
6.568915	2.469095
6.589443	2.384142
6.609971	2.299189
6.630499	2.214235
6.651026	2.129282
6.671554	2.044329
6.692082	1.959376
6.712610	1.874422
6.733138	1.789469
6.753666	1.704516
6.774194	1.619563
6.794721	1.699471
6.815249	1.779379
6.835777	1.859288
6.856305	1.939196
6.876833	2.019104
6.897361	2.099013
6.917889	2.178921
6.938416	2.258830
6.958944	2.338738
6.979472	2.418646
