0.000000	0.000000
0.020528	0.000000
0.041056	0.000000
0.061584	0.000000
0.082111	0.000000
0.102639	0.000000
0.123167	0.000000
0.143695	0.000000
0.164223	0.000000
0.184751	0.000000
0.205279	0.000000
0.225806	0.000000
0.246334	0.000000
0.266862	0.000000
0.287390	0.000000
0.307918	0.000000
0.328446	0.000000
0.348974	0.000000
0.369501	0.000000
0.390029	0.000000
0.410557	0.000000
0.431085	0.000000
0.451613	0.000000
0.472141	0.000000
0.492669	0.000000
0.513196	0.000000
0.533724	0.000000
0.554252	0.000000
0.574780	0.000000
0.595308	0.000000
0.615836	0.000000
0.636364	0.000000
0.656891	0.000000
0.677419	0.000000
0.697947	0.000000
0.718475	0.000000
0.739003	0.000000
0.759531	0.000000
0.780059	0.000000
0.800587	0.000000
0.821114	0.000000
0.841642	0.000000
0.862170	0.000000
0.882698	0.000000
0.903226	0.000000
0.923754	0.000000
0.944282	0.000000
0.964809	0.000000
0.985337	0.000000
1.005865	0.000000
1.026393	0.000000
1.046921	0.000000
1.067449	0.000000
1.087977	0.000000
1.108504	0.000000
1.129032	0.000000
1.149560	0.000000
1.170088	0.000000
1.190616	0.000000
1.211144	0.000000
1.231672	0.000000
1.252199	0.000000
1.272727	0.000000
1.293255	0.000000
1.313783	0.000000
1.334311	0.000000
1.354839	0.000000
1.375367	0.000000
1.395894	0.000000
1.416422	0.000000
1.436950	0.000000
1.457478	0.000000
1.478006	0.000000
1.498534	0.000000
1.519062	0.000000
1.539589	0.000000
1.560117	0.000000
1.580645	0.000000
1.601173	0.000000
1.621701	0.000000
1.642229	0.000000
1.662757	0.008119
1.683284	0.016238
1.703812	0.024357
1.724340	0.032475
1.744868	0.040594
1.765396	0.048713
1.785924	0.056832
1.806452	0.064951
1.826979	0.073070
1.847507	0.081189
1.868035	0.073476
1.888563	0.065763
1.909091	0.058050
1.929619	0.050337
1.950147	0.042624
1.970674	0.034911
1.991202	0.027198
2.011730	0.019485
2.032258	0.011772
2.052786	0.004059
2.073314	0.003674
2.093842	0.003288
2.114370	0.002902
2.134897	0.002517
2.155425	0.002131
2.175953	0.001746
2.196481	0.001360
2.217009	0.000974
2.237537	0.000589
2.258065	0.000203
2.278592	0.000184
2.299120	0.000164
2.319648	0.000145
2.340176	0.000126
2.360704	0.000107
2.381232	0.000087
2.401760	0.000068
2.422287	0.000049
2.442815	0.000029
2.463343	0.000010
2.483871	0.000009
2.504399	0.000008
2.524927	0.000007
2.545455	0.000006
2.565982	0.000005
2.586510	0.000004
2.607038	0.000003
2.627566	0.000002
2.648094	0.000001
2.668622	0.000001
2.689150	0.035723
2.709677	0.071446
2.730205	0.107169
2.750733	0.142892
2.771261	0.178615
2.791789	0.214338
2.812317	0.250061
2.832845	0.285784
2.853372	0.321507
2.873900	0.357230
2.894428	0.617195
2.914956	0.877161
2.935484	1.137127
2.956012	1.397092
2.976540	1.657058
2.997067	1.917024
3.017595	2.176989
3.038123	2.436955
3.058651	2.696921
3.079179	2.956886
3.099707	10.195664
3.120235	17.434442
3.140762	24.673219
3.161290	31.911997
3.181818	39.150774
3.202346	46.389552
3.222874	53.628330
3.243402	60.867107
3.263930	68.105885
3.284457	75.344663
3.304985	77.810196
3.325513	80.275730
3.346041	82.741264
3.366569	85.206798
3.387097	87.672331
3.407625	90.137865
3.428152	92.603399
3.448680	95.068933
3.469208	97.534466
3.489736	100.000000
3.510264	94.964557
3.530792	89.929115
3.551320	84.893672
3.571848	79.858229
3.592375	74.822787
3.612903	69.787344
3.633431	64.751902
3.653959	59.716459
3.674487	54.681016
3.695015	49.645574
3.715543	47.251236
3.736070	44.856899
3.756598	42.462561
3.777126	40.068224
3.797654	37.673886
3.818182	35.279549
3.838710	32.885211
3.859238	30.490874
3.879765	28.096536
3.900293	25.702199
3.920821	24.939469
3.941349	24.176739
3.961877	23.414009
3.982405	22.651279
4.002933	21.888549
4.023460	21.125819
4.043988	20.363088
4.064516	19.600358
4.085044	18.837628
4.105572	18.074898
4.126100	17.525274
4.146628	16.975650
4.167155	16.426026
4.187683	15.876401
4.208211	15.326777
4.228739	14.777153
4.249267	14.227529
4.269795	13.677904
4.290323	13.128280
4.310850	12.578656
4.331378	12.466739
4.351906	12.354821
4.372434	12.242904
4.392962	12.130987
4.413490	12.019069
4.434018	11.907152
4.454545	11.795235
4.475073	11.683318
4.495601	11.571400
4.516129	11.459483
4.536657	11.463630
4.557185	11.467776
4.577713	11.471923
4.598240	11.476070
4.618768	11.480217
4.639296	11.484364
4.659824	11.488510
4.680352	11.492657
4.700880	11.496804
4.721408	11.500951
4.741935	11.415910
4.762463	11.330869
4.782991	11.245829
4.803519	11.160788
4.824047	11.075747
4.844575	10.990707
4.865103	10.905666
4.885630	10.820626
4.906158	10.735585
4.926686	10.650544
4.947214	10.386489
4.967742	10.122434
4.988270	9.858378
5.008798	9.594323
5.029326	9.330268
5.049853	9.066212
5.070381	8.802157
5.090909	8.538102
5.111437	8.274046
5.131965	8.009991
5.152493	7.964313
5.173021	7.918635
5.193548	7.872956
5.214076	7.827278
5.234604	7.781600
5.255132	7.735922
5.275660	7.690244
5.296188	7.644566
5.316716	7.598887
5.337243	7.553209
5.357771	7.137676
5.378299	6.722142
5.398827	6.306609
5.419355	5.891075
5.439883	5.475542
5.460411	5.060008
5.480938	4.644474
5.501466	4.228941
5.521994	3.813407
5.542522	3.397874
5.563050	3.355988
5.583578	3.314102
5.604106	3.272217
5.624633	3.230331
5.645161	3.188445
5.665689	3.146560
5.686217	3.104674
5.706745	3.062788
5.727273	3.020903
5.747801	2.979017
5.768328	2.806427
5.788856	2.633836
5.809384	2.461246
5.829912	2.288656
5.850440	2.116066
5.870968	1.943476
5.891496	1.770885
5.912023	1.598295
5.932551	1.425705
5.953079	1.253115
5.973607	1.181158
5.994135	1.109202
6.014663	1.037245
6.035191	0.965289
6.055718	0.893332
6.076246	0.821375
6.096774	0.749419
6.117302	0.677462
6.137830	0.605506
6.158358	0.533549
6.178886	0.515337
6.199413	0.497126
6.219941	0.478914
6.240469	0.460702
6.260997	0.442490
6.281525	0.424279
6.302053	0.406067
6.322581	0.387855
6.343109	0.369643
6.363636	0.351432
6.384164	0.319669
6.404692	0.287907
6.425220	0.256145
6.445748	0.224383
6.466276	0.192620
6.486804	0.160858
6.507331	0.129096
6.527859	0.097334
6.548387	0.065572
6.568915	0.033809
6.589443	0.030597
6.609971	0.027386
6.630499	0.024174
6.651026	0.020962
6.671554	0.017750
6.692082	0.014538
6.712610	0.011326
6.733138	0.008114
6.753666	0.004902
6.774194	0.001690
6.794721	0.001530
6.815249	0.001369
6.835777	0.001209
6.856305	0.001048
6.876833	0.000887
6.897361	0.000727
6.917889	0.000566
6.938416	0.000406
6.958944	0.000245
6.979472	0.000085
