0.000000	0.000000
0.020528	0.000000
0.041056	0.000000
0.061584	0.000000
0.082111	0.000000
0.102639	0.000000
0.123167	0.000000
0.143695	0.000000
0.164223	0.000000
0.184751	0.000000
0.205279	0.000000
0.225806	0.000000
0.246334	0.000000
0.266862	0.000000
0.287390	0.000000
0.307918	0.000000
0.328446	0.000000
0.348974	0.000000
0.369501	0.000000
0.390029	0.000000
0.410557	0.000000
0.431085	0.000000
0.451613	0.000000
0.472141	0.000000
0.492669	0.000000
0.513196	0.000000
0.533724	0.000000
0.554252	0.000000
0.574780	0.000000
0.595308	0.000000
0.615836	0.000000
0.636364	0.000000
0.656891	0.000000
0.677419	0.000000
0.697947	0.000000
0.718475	0.000000
0.739003	0.000000
0.759531	0.000000
0.780059	0.000000
0.800587	0.000000
0.821114	0.000000
0.841642	0.000000
0.862170	0.000000
0.882698	0.000000
0.903226	0.000000
0.923754	0.000000
0.944282	0.000000
0.964809	0.000000
0.985337	0.000000
1.005865	0.000000
1.026393	0.000000
1.046921	0.000000
1.067449	0.000000
1.087977	0.000000
1.108504	0.000000
1.129032	0.000000
1.149560	0.000000
1.170088	0.000000
1.190616	0.000000
1.211144	0.000000
1.231672	0.000000
1.252199	0.000000
1.272727	0.000000
1.293255	0.000000
1.313783	0.000000
1.334311	0.000000
1.354839	0.000000
1.375367	0.000000
1.395894	0.000000
1.416422	0.000000
1.436950	0.000000
1.457478	0.000000
1.478006	0.000000
1.498534	0.000000
1.519062	0.000000
1.539589	0.000000
1.560117	0.000000
1.580645	0.000000
1.601173	0.000000
1.621701	0.000000
1.642229	0.000000
1.662757	0.000000
1.683284	0.000000
1.703812	0.000000
1.724340	0.000000
1.744868	0.000000
1.765396	0.000000
1.785924	0.000000
1.806452	0.000000
1.826979	0.000000
1.847507	0.000000
1.868035	0.000000
1.888563	0.000000
1.909091	0.000000
1.929619	0.000000
1.950147	0.000000
1.970674	0.000000
1.991202	0.000000
2.011730	0.000000
2.032258	0.000000
2.052786	0.000000
2.073314	0.000000
2.093842	0.000000
2.114370	0.000000
2.134897	0.000000
2.155425	0.000000
2.175953	0.000000
2.196481	0.000000
2.217009	0.000000
2.237537	0.000000
2.258065	0.000000
2.278592	0.000000
2.299120	0.000000
2.319648	0.000000
2.340176	0.000000
2.360704	0.000000
2.381232	0.000000
2.401760	0.000000
2.422287	0.000000
2.442815	0.000000
2.463343	0.000000
2.483871	0.000000
2.504399	0.000000
2.524927	0.000000
2.545455	0.000000
2.565982	0.000000
2.586510	0.000000
2.607038	0.000000
2.627566	0.000000
2.648094	0.000000
2.668622	0.000000
2.689150	0.000000
2.709677	0.000000
2.730205	0.000000
2.750733	0.000000
2.771261	0.000000
2.791789	0.000000
2.812317	0.000000
2.832845	0.000000
2.853372	0.000000
2.873900	0.000000
2.894428	1.114967
2.914956	2.229933
2.935484	3.344900
2.956012	4.459866
2.976540	5.574833
2.997067	6.689799
3.017595	7.804766
3.038123	8.919732
3.058651	10.034699
3.079179	11.149665
3.099707	15.217645
3.120235	19.285625
3.140762	23.353605
3.161290	27.421585
3.181818	31.489565
3.202346	35.557545
3.222874	39.625525
3.243402	43.693505
3.263930	47.761485
3.284457	51.829465
3.304985	56.646519
3.325513	61.463572
3.346041	66.280626
3.366569	71.097679
3.387097	75.914733
3.407625	80.731786
3.428152	85.548840
3.448680	90.365893
3.469208	95.182947
3.489736	100.000000
3.510264	91.982960
3.530792	83.965921
3.551320	75.948881
3.571848	67.931841
3.592375	59.914802
3.612903	51.897762
3.633431	43.880723
3.653959	35.863683
3.674487	27.846643
3.695015	19.829604
3.715543	19.560570
3.736070	19.291537
3.756598	19.022504
3.777126	18.753471
3.797654	18.484437
3.818182	18.215404
3.838710	17.946371
3.859238	17.677337
3.879765	17.408304
3.900293	17.139271
3.920821	16.043807
3.941349	14.948344
3.961877	13.852880
3.982405	12.757417
4.002933	11.661953
4.023460	10.566490
4.043988	9.471026
4.064516	8.375563
4.085044	7.280099
4.105572	6.184636
4.126100	5.748138
4.146628	5.311640
4.167155	4.875142
4.187683	4.438643
4.208211	4.002145
4.228739	3.565647
4.249267	3.129149
4.269795	2.692651
4.290323	2.256153
4.310850	1.819654
4.331378	1.707204
4.351906	1.594754
4.372434	1.482304
4.392962	1.369853
4.413490	1.257403
4.434018	1.144953
4.454545	1.032503
4.475073	0.920052
4.495601	0.807602
4.516129	0.695152
4.536657	0.629112
4.557185	0.563073
4.577713	0.497034
4.598240	0.430994
4.618768	0.364955
4.639296	0.298915
4.659824	0.232876
4.680352	0.166836
4.700880	0.100797
4.721408	0.034758
4.741935	0.075395
4.762463	0.116033
4.782991	0.156670
4.803519	0.197308
4.824047	0.237946
4.844575	0.278583
4.865103	0.319221
4.885630	0.359858
4.906158	0.400496
4.926686	0.441134
4.947214	0.399226
4.967742	0.357318
4.988270	0.315410
5.008798	0.273503
5.029326	0.231595
5.049853	0.189687
5.070381	0.147780
5.090909	0.105872
5.111437	0.063964
5.131965	0.022057
5.152493	0.019961
5.173021	0.017866
5.193548	0.015771
5.214076	0.013675
5.234604	0.011580
5.255132	0.009484
5.275660	0.007389
5.296188	0.005294
5.316716	0.003198
5.337243	0.001103
5.357771	0.000998
5.378299	0.000893
5.398827	0.000789
5.419355	0.000684
5.439883	0.000579
5.460411	0.000474
5.480938	0.000369
5.501466	0.000265
5.521994	0.000160
5.542522	0.000055
5.563050	0.046736
5.583578	0.093416
5.604106	0.140097
5.624633	0.186777
5.645161	0.233458
5.665689	0.280138
5.686217	0.326819
5.706745	0.373500
5.727273	0.420180
5.747801	0.466861
5.768328	0.469195
5.788856	0.471529
5.809384	0.473863
5.829912	0.476197
5.850440	0.478531
5.870968	0.480865
5.891496	0.483199
5.912023	0.485533
5.932551	0.487867
5.953079	0.490201
5.973607	0.520526
5.994135	0.550851
6.014663	0.581176
6.035191	0.611502
6.055718	0.641827
6.076246	0.672152
6.096774	0.702477
6.117302	0.732802
6.137830	0.763127
6.158358	0.793452
6.178886	0.772999
6.199413	0.752545
6.219941	0.732092
6.240469	0.711638
6.260997	0.691185
6.281525	0.670731
6.302053	0.650278
6.322581	0.629824
6.343109	0.609371
6.363636	0.588917
6.384164	0.596133
6.404692	0.603349
6.425220	0.610565
6.445748	0.617781
6.466276	0.624997
6.486804	0.632213
6.507331	0.639429
6.527859	0.646645
6.548387	0.653861
6.568915	0.661077
6.589443	0.606513
6.609971	0.551950
6.630499	0.497386
6.651026	0.442822
6.671554	0.388259
6.692082	0.333695
6.712610	0.279132
6.733138	0.224568
6.753666	0.170004
6.774194	0.115441
6.794721	0.112712
6.815249	0.109984
6.835777	0.107256
6.856305	0.104528
6.876833	0.101800
6.897361	0.099071
6.917889	0.096343
6.938416	0.093615
6.958944	0.090887
6.979472	0.088159
