0.000000	0.000000
0.020528	0.000000
0.041056	0.000000
0.061584	0.000000
0.082111	0.000000
0.102639	0.000000
0.123167	0.000000
0.143695	0.000000
0.164223	0.000000
0.184751	0.000000
0.205279	0.000000
0.225806	0.000000
0.246334	0.000000
0.266862	0.000000
0.287390	0.000000
0.307918	0.000000
0.328446	0.000000
0.348974	0.000000
0.369501	0.000000
0.390029	0.000000
0.410557	0.000000
0.431085	0.000000
0.451613	0.000000
0.472141	0.000000
0.492669	0.000000
0.513196	0.000000
0.533724	0.000000
0.554252	0.000000
0.574780	0.000000
0.595308	0.000000
0.615836	0.000000
0.636364	0.000000
0.656891	0.000000
0.677419	0.000000
0.697947	0.000000
0.718475	0.000000
0.739003	0.000000
0.759531	0.000000
0.780059	0.000000
0.800587	0.000000
0.821114	0.000000
0.841642	0.000000
0.862170	0.000000
0.882698	0.000000
0.903226	0.000000
0.923754	0.000000
0.944282	0.000000
0.964809	0.000000
0.985337	0.000000
1.005865	0.000000
1.026393	0.000000
1.046921	0.000000
1.067449	0.000000
1.087977	0.000000
1.108504	0.000000
1.129032	0.000000
1.149560	0.000000
1.170088	0.000000
1.190616	0.000000
1.211144	0.000000
1.231672	0.000000
1.252199	0.000000
1.272727	0.000000
1.293255	0.000000
1.313783	0.000000
1.334311	0.000000
1.354839	0.000000
1.375367	0.000000
1.395894	0.000000
1.416422	0.000000
1.436950	0.000000
1.457478	0.000000
1.478006	0.000000
1.498534	0.000000
1.519062	0.000000
1.539589	0.000000
1.560117	0.000000
1.580645	0.000000
1.601173	0.000000
1.621701	0.000000
1.642229	0.000000
1.662757	0.000000
1.683284	0.000000
1.703812	0.000000
1.724340	0.000000
1.744868	0.000000
1.765396	0.000000
1.785924	0.000000
1.806452	0.000000
1.826979	0.000000
1.847507	0.000000
1.868035	0.000000
1.888563	0.000000
1.909091	0.000000
1.929619	0.000000
1.950147	0.000000
1.970674	0.000000
1.991202	0.000000
2.011730	0.000000
2.032258	0.000000
2.052786	0.000000
2.073314	0.000000
2.093842	0.000000
2.114370	0.000000
2.134897	0.000000
2.155425	0.000000
2.175953	0.000000
2.196481	0.000000
2.217009	0.000000
2.237537	0.000000
2.258065	0.000000
2.278592	0.000000
2.299120	0.000000
2.319648	0.000000
2.340176	0.000000
2.360704	0.000000
2.381232	0.000000
2.401760	0.000000
2.422287	0.000000
2.442815	0.000000
2.463343	0.000000
2.483871	0.185470
2.504399	0.370940
2.524927	0.556410
2.545455	0.741880
2.565982	0.927350
2.586510	1.112821
2.607038	1.298291
2.627566	1.483761
2.648094	1.669231
2.668622	1.854701
2.689150	4.398732
2.709677	6.942764
2.730205	9.486795
2.750733	12.030827
2.771261	14.574858
2.791789	17.118890
2.812317	19.662921
2.832845	22.206953
2.853372	24.750984
2.873900	27.295016
2.894428	32.012602
2.914956	36.730188
2.935484	41.447775
2.956012	46.165361
2.976540	50.882948
2.997067	55.600534
3.017595	60.318121
3.038123	65.035707
3.058651	69.753293
3.079179	74.470880
3.099707	75.525919
3.120235	76.580958
3.140762	77.635997
3.161290	78.691036
3.181818	79.746074
3.202346	80.801113
3.222874	81.856152
3.243402	82.911191
3.263930	83.966230
3.284457	85.021269
3.304985	86.519142
3.325513	88.017015
3.346041	89.514888
3.366569	91.012761
3.387097	92.510634
3.407625	94.008508
3.428152	95.506381
3.448680	97.004254
3.469208	98.502127
3.489736	100.000000
3.510264	94.116667
3.530792	88.233334
3.551320	82.350001
3.571848	76.466667
3.592375	70.583334
3.612903	64.700001
3.633431	58.816668
3.653959	52.933335
3.674487	47.050002
3.695015	41.166669
3.715543	39.473748
3.736070	37.780828
3.756598	36.087908
3.777126	34.394987
3.797654	32.702067
3.818182	31.009147
3.838710	29.316226
3.859238	27.623306
3.879765	25.930386
3.900293	24.237466
3.920821	23.240925
3.941349	22.244384
3.961877	21.247844
3.982405	20.251303
4.002933	19.254762
4.023460	18.258222
4.043988	17.261681
4.064516	16.265140
4.085044	15.268600
4.105572	14.272059
4.126100	13.101684
4.146628	11.931308
4.167155	10.760933
4.187683	9.590557
4.208211	8.420182
4.228739	7.249806
4.249267	6.079430
4.269795	4.909055
4.290323	3.738679
4.310850	2.568304
4.331378	2.471146
4.351906	2.373987
4.372434	2.276829
4.392962	2.179670
4.413490	2.082512
4.434018	1.985354
4.454545	1.888195
4.475073	1.791037
4.495601	1.693878
4.516129	1.596720
4.536657	1.630502
4.557185	1.664283
4.577713	1.698065
4.598240	1.731847
4.618768	1.765629
4.639296	1.799410
4.659824	1.833192
4.680352	1.866974
4.700880	1.900755
4.721408	1.934537
4.741935	1.812579
4.762463	1.690622
4.782991	1.568664
4.803519	1.446706
4.824047	1.324749
4.844575	1.202791
4.865103	1.080833
4.885630	0.958876
4.906158	0.836918
4.926686	0.714960
4.947214	0.647039
4.967742	0.579118
4.988270	0.511197
5.008798	0.443276
5.029326	0.375354
5.049853	0.307433
5.070381	0.239512
5.090909	0.171591
5.111437	0.103669
5.131965	0.035748
5.152493	0.248734
5.173021	0.461719
5.193548	0.674705
5.214076	0.887691
5.234604	1.100677
5.255132	1.313662
5.275660	1.526648
5.296188	1.739634
5.316716	1.952619
5.337243	2.165605
5.357771	1.975329
5.378299	1.785052
5.398827	1.594775
5.419355	1.404499
5.439883	1.214222
5.460411	1.023945
5.480938	0.833669
5.501466	0.643392
5.521994	0.453115
5.542522	0.262839
5.563050	0.384699
5.583578	0.506560
5.604106	0.628421
5.624633	0.750282
5.645161	0.872143
5.665689	0.994004
5.686217	1.115864
5.706745	1.237725
5.727273	1.359586
5.747801	1.481447
5.768328	1.448900
5.788856	1.416354
5.809384	1.383807
5.829912	1.351261
5.850440	1.318714
5.870968	1.286167
5.891496	1.253621
5.912023	1.221074
5.932551	1.188528
5.953079	1.155981
5.973607	1.216177
5.994135	1.276373
6.014663	1.336569
6.035191	1.396765
6.055718	1.456961
6.076246	1.517157
6.096774	1.577353
6.117302	1.637550
6.137830	1.697746
6.158358	1.757942
6.178886	1.853686
6.199413	1.949431
6.219941	2.045176
6.240469	2.140921
6.260997	2.236666
6.281525	2.332411
6.302053	2.428156
6.322581	2.523900
6.343109	2.619645
6.363636	2.715390
6.384164	2.534707
6.404692	2.354024
6.425220	2.173342
6.445748	1.992659
6.466276	1.811976
6.486804	1.631293
6.507331	1.450610
6.527859	1.269927
6.548387	1.089244
6.568915	0.908562
6.589443	0.829976
6.609971	0.751391
6.630499	0.672805
6.651026	0.594220
6.671554	0.515634
6.692082	0.437049
6.712610	0.358464
6.733138	0.279878
6.753666	0.201293
6.774194	0.122707
6.794721	0.149690
6.815249	0.176672
6.835777	0.203655
6.856305	0.230637
6.876833	0.257619
6.897361	0.284602
6.917889	0.311584
6.938416	0.338567
6.958944	0.365549
6.979472	0.392531
