0.000000	0.000000
0.020528	0.000000
0.041056	0.000000
0.061584	0.000000
0.082111	0.000000
0.102639	0.000000
0.123167	0.000000
0.143695	0.000000
0.164223	0.000000
0.184751	0.000000
0.205279	0.000000
0.225806	0.000000
0.246334	0.000000
0.266862	0.000000
0.287390	0.000000
0.307918	0.000000
0.328446	0.000000
0.348974	0.000000
0.369501	0.000000
0.390029	0.000000
0.410557	0.000000
0.431085	0.000000
0.451613	0.000000
0.472141	0.000000
0.492669	0.000000
0.513196	0.000000
0.533724	0.000000
0.554252	0.000000
0.574780	0.000000
0.595308	0.000000
0.615836	0.000000
0.636364	0.000000
0.656891	0.000000
0.677419	0.000000
0.697947	0.000000
0.718475	0.000000
0.739003	0.000000
0.759531	0.000000
0.780059	0.000000
0.800587	0.000000
0.821114	0.000000
0.841642	0.000000
0.862170	0.000000
0.882698	0.000000
0.903226	0.000000
0.923754	0.000000
0.944282	0.000000
0.964809	0.000000
0.985337	0.000000
1.005865	0.000000
1.026393	0.000000
1.046921	0.000000
1.067449	0.000000
1.087977	0.000000
1.108504	0.000000
1.129032	0.000000
1.149560	0.000000
1.170088	0.000000
1.190616	0.000000
1.211144	0.000000
1.231672	0.000000
1.252199	0.000000
1.272727	0.000000
1.293255	0.000000
1.313783	0.000000
1.334311	0.000000
1.354839	0.000000
1.375367	0.000000
1.395894	0.000000
1.416422	0.000000
1.436950	0.000000
1.457478	0.000000
1.478006	0.000000
1.498534	0.000000
1.519062	0.000000
1.539589	0.000000
1.560117	0.000000
1.580645	0.000000
1.601173	0.000000
1.621701	0.000000
1.642229	0.000000
1.662757	0.000000
1.683284	0.000000
1.703812	0.000000
1.724340	0.000000
1.744868	0.000000
1.765396	0.000000
1.785924	0.000000
1.806452	0.000000
1.826979	0.000000
1.847507	0.000000
1.868035	0.000000
1.888563	0.000000
1.909091	0.000000
1.929619	0.000000
1.950147	0.000000
1.970674	0.000000
1.991202	0.000000
2.011730	0.000000
2.032258	0.000000
2.052786	0.000000
2.073314	0.000000
2.093842	0.000000
2.114370	0.000000
2.134897	0.000000
2.155425	0.000000
2.175953	0.000000
2.196481	0.000000
2.217009	0.000000
2.237537	0.000000
2.258065	0.000000
2.278592	0.000000
2.299120	0.000000
2.319648	0.000000
2.340176	0.000000
2.360704	0.000000
2.381232	0.000000
2.401760	0.000000
2.422287	0.000000
2.442815	0.000000
2.463343	0.000000
2.483871	0.000000
2.504399	0.000000
2.524927	0.000000
2.545455	0.000000
2.565982	0.000000
2.586510	0.000000
2.607038	0.000000
2.627566	0.000000
2.648094	0.000000
2.668622	0.000000
2.689150	1.421502
2.709677	2.843004
2.730205	4.264506
2.750733	5.686008
2.771261	7.107510
2.791789	8.529012
2.812317	9.950514
2.832845	11.372016
2.853372	12.793518
2.873900	14.215020
2.894428	16.215276
2.914956	18.215533
2.935484	20.215789
2.956012	22.216045
2.976540	24.216302
2.997067	26.216558
3.017595	28.216815
3.038123	30.217071
3.058651	32.217327
3.079179	34.217584
3.099707	39.019976
3.120235	43.822368
3.140762	48.624760
3.161290	53.427152
3.181818	58.229545
3.202346	63.031937
3.222874	67.834329
3.243402	72.636721
3.263930	77.439113
3.284457	82.241506
3.304985	84.017355
3.325513	85.793204
3.346041	87.569054
3.366569	89.344903
3.387097	91.120753
3.407625	92.896602
3.428152	94.672452
3.448680	96.448301
3.469208	98.224151
3.489736	100.000000
3.510264	96.224084
3.530792	92.448168
3.551320	88.672252
3.571848	84.896336
3.592375	81.120420
3.612903	77.344504
3.633431	73.568587
3.653959	69.792671
3.674487	66.016755
3.695015	62.240839
3.715543	58.238103
3.736070	54.235366
3.756598	50.232630
3.777126	46.229894
3.797654	42.227157
3.818182	38.224421
3.838710	34.221684
3.859238	30.218948
3.879765	26.216211
3.900293	22.213475
3.920821	21.702385
3.941349	21.191294
3.961877	20.680204
3.982405	20.169113
4.002933	19.658023
4.023460	19.146933
4.043988	18.635842
4.064516	18.124752
4.085044	17.613662
4.105572	17.102571
4.126100	15.998198
4.146628	14.893825
4.167155	13.789452
4.187683	12.685079
4.208211	11.580706
4.228739	10.476333
4.249267	9.371960
4.269795	8.267587
4.290323	7.163214
4.310850	6.058841
4.331378	5.800551
4.351906	5.542260
4.372434	5.283970
4.392962	5.025680
4.413490	4.767389
4.434018	4.509099
4.454545	4.250809
4.475073	3.992518
4.495601	3.734228
4.516129	3.475938
4.536657	3.298027
4.557185	3.120117
4.577713	2.942207
4.598240	2.764296
4.618768	2.586386
4.639296	2.408476
4.659824	2.230566
4.680352	2.052655
4.700880	1.874745
4.721408	1.696835
4.741935	1.535635
4.762463	1.374436
4.782991	1.213237
4.803519	1.052038
4.824047	0.890838
4.844575	0.729639
4.865103	0.568440
4.885630	0.407240
4.906158	0.246041
4.926686	0.084842
4.947214	0.076782
4.967742	0.068722
4.988270	0.060662
5.008798	0.052602
5.029326	0.044542
5.049853	0.036482
5.070381	0.028422
5.090909	0.020362
5.111437	0.012302
5.131965	0.004242
5.152493	0.003839
5.173021	0.003436
5.193548	0.003033
5.214076	0.002630
5.234604	0.002227
5.255132	0.001824
5.275660	0.001421
5.296188	0.001018
5.316716	0.000615
5.337243	0.000212
5.357771	0.000192
5.378299	0.000172
5.398827	0.000152
5.419355	0.000132
5.439883	0.000111
5.460411	0.000091
5.480938	0.000071
5.501466	0.000051
5.521994	0.000031
5.542522	0.000011
5.563050	0.000010
5.583578	0.000009
5.604106	0.000008
5.624633	0.000007
5.645161	0.000006
5.665689	0.000005
5.686217	0.000004
5.706745	0.000003
5.727273	0.000002
5.747801	0.000001
5.768328	0.069806
5.788856	0.139612
5.809384	0.209418
5.829912	0.279224
5.850440	0.349030
5.870968	0.418836
5.891496	0.488641
5.912023	0.558447
5.932551	0.628253
5.953079	0.698059
5.973607	0.803085
5.994135	0.908111
6.014663	1.013137
6.035191	1.118164
6.055718	1.223190
6.076246	1.328216
6.096774	1.433242
6.117302	1.538268
6.137830	1.643294
6.158358	1.748321
6.178886	1.696458
6.199413	1.644595
6.219941	1.592733
6.240469	1.540870
6.260997	1.489007
6.281525	1.437145
6.302053	1.385282
6.322581	1.333420
6.343109	1.281557
6.363636	1.229694
6.384164	1.290561
6.404692	1.351428
6.425220	1.412295
6.445748	1.473162
6.466276	1.534028
6.486804	1.594895
6.507331	1.655762
6.527859	1.716629
6.548387	1.777495
6.568915	1.838362
6.589443	1.708140
6.609971	1.577917
6.630499	1.447695
6.651026	1.317472
6.671554	1.187250
6.692082	1.057027
6.712610	0.926805
6.733138	0.796582
6.753666	0.666360
6.774194	0.536137
6.794721	0.523280
6.815249	0.510423
6.835777	0.497566
6.856305	0.484709
6.876833	0.471852
6.897361	0.458995
6.917889	0.446138
6.938416	0.433281
6.958944	0.420423
6.979472	0.407566
