0.000000	0.000000
0.020528	0.000000
0.041056	0.000000
0.061584	0.000000
0.082111	0.000000
0.102639	0.000000
0.123167	0.000000
0.143695	0.000000
0.164223	0.000000
0.184751	0.000000
0.205279	0.000000
0.225806	0.000000
0.246334	0.000000
0.266862	0.000000
0.287390	0.000000
0.307918	0.000000
0.328446	0.000000
0.348974	0.000000
0.369501	0.000000
0.390029	0.000000
0.410557	0.000000
0.431085	0.000000
0.451613	0.000000
0.472141	0.000000
0.492669	0.000000
0.513196	0.000000
0.533724	0.000000
0.554252	0.000000
0.574780	0.000000
0.595308	0.000000
0.615836	0.000000
0.636364	0.000000
0.656891	0.000000
0.677419	0.000000
0.697947	0.000000
0.718475	0.000000
0.739003	0.000000
0.759531	0.000000
0.780059	0.000000
0.800587	0.000000
0.821114	0.000000
0.841642	0.000000
0.862170	0.000000
0.882698	0.000000
0.903226	0.000000
0.923754	0.000000
0.944282	0.000000
0.964809	0.000000
0.985337	0.000000
1.005865	0.000000
1.026393	0.000000
1.046921	0.000000
1.067449	0.000000
1.087977	0.000000
1.108504	0.000000
1.129032	0.000000
1.149560	0.000000
1.170088	0.000000
1.190616	0.000000
1.211144	0.000000
1.231672	0.000000
1.252199	0.000000
1.272727	0.000000
1.293255	0.000000
1.313783	0.000000
1.334311	0.000000
1.354839	0.000000
1.375367	0.000000
1.395894	0.000000
1.416422	0.000000
1.436950	0.000000
1.457478	0.000000
1.478006	0.000000
1.498534	0.000000
1.519062	0.000000
1.539589	0.000000
1.560117	0.000000
1.580645	0.000000
1.601173	0.000000
1.621701	0.000000
1.642229	0.000000
1.662757	0.000000
1.683284	0.000000
1.703812	0.000000
1.724340	0.000000
1.744868	0.000000
1.765396	0.000000
1.785924	0.000000
1.806452	0.000000
1.826979	0.000000
1.847507	0.000000
1.868035	0.000000
1.888563	0.000000
1.909091	0.000000
1.929619	0.000000
1.950147	0.000000
1.970674	0.000000
1.991202	0.000000
2.011730	0.000000
2.032258	0.000000
2.052786	0.000000
2.073314	0.000000
2.093842	0.000000
2.114370	0.000000
2.134897	0.000000
2.155425	0.000000
2.175953	0.000000
2.196481	0.000000
2.217009	0.000000
2.237537	0.000000
2.258065	0.000000
2.278592	0.000000
2.299120	0.000000
2.319648	0.000000
2.340176	0.000000
2.360704	0.000000
2.381232	0.000000
2.401760	0.000000
2.422287	0.000000
2.442815	0.000000
2.463343	0.000000
2.483871	0.550244
2.504399	1.100488
2.524927	1.650731
2.545455	2.200975
2.565982	2.751219
2.586510	3.301463
2.607038	3.851707
2.627566	4.401951
2.648094	4.952194
2.668622	5.502438
2.689150	9.681790
2.709677	13.861142
2.730205	18.040494
2.750733	22.219846
2.771261	26.399198
2.791789	30.578550
2.812317	34.757902
2.832845	38.937254
2.853372	43.116606
2.873900	47.295958
2.894428	50.481245
2.914956	53.666531
2.935484	56.851817
2.956012	60.037104
2.976540	63.222390
2.997067	66.407677
3.017595	69.592963
3.038123	72.778250
3.058651	75.963536
3.079179	79.148823
3.099707	81.233941
3.120235	83.319058
3.140762	85.404176
3.161290	87.489294
3.181818	89.574411
3.202346	91.659529
3.222874	93.744647
3.243402	95.829765
3.263930	97.914882
3.284457	100.000000
3.304985	95.289622
3.325513	90.579245
3.346041	85.868867
3.366569	81.158490
3.387097	76.448112
3.407625	71.737734
3.428152	67.027357
3.448680	62.316979
3.469208	57.606602
3.489736	52.896224
3.510264	49.640617
3.530792	46.385010
3.551320	43.129403
3.571848	39.873795
3.592375	36.618188
3.612903	33.362581
3.633431	30.106974
3.653959	26.851367
3.674487	23.595760
3.695015	20.340152
3.715543	19.552095
3.736070	18.764038
3.756598	17.975980
3.777126	17.187923
3.797654	16.399865
3.818182	15.611808
3.838710	14.823750
3.859238	14.035693
3.879765	13.247636
3.900293	12.459578
3.920821	11.663590
3.941349	10.867602
3.961877	10.071614
3.982405	9.275626
4.002933	8.479637
4.023460	7.683649
4.043988	6.887661
4.064516	6.091673
4.085044	5.295685
4.105572	4.499697
4.126100	4.222292
4.146628	3.944887
4.167155	3.667483
4.187683	3.390078
4.208211	3.112673
4.228739	2.835269
4.249267	2.557864
4.269795	2.280459
4.290323	2.003055
4.310850	1.725650
4.331378	1.580471
4.351906	1.435293
4.372434	1.290115
4.392962	1.144936
4.413490	0.999758
4.434018	0.854579
4.454545	0.709401
4.475073	0.564222
4.495601	0.419044
4.516129	0.273866
4.536657	0.247848
4.557185	0.221831
4.577713	0.195814
4.598240	0.169797
4.618768	0.143779
4.639296	0.117762
4.659824	0.091745
4.680352	0.065728
4.700880	0.039711
4.721408	0.013693
4.741935	0.012392
4.762463	0.011092
4.782991	0.009791
4.803519	0.008490
4.824047	0.007189
4.844575	0.005888
4.865103	0.004587
4.885630	0.003286
4.906158	0.001986
4.926686	0.000685
4.947214	0.000620
4.967742	0.000555
4.988270	0.000490
5.008798	0.000424
5.029326	0.000359
5.049853	0.000294
5.070381	0.000229
5.090909	0.000164
5.111437	0.000099
5.131965	0.000034
5.152493	0.000031
5.173021	0.000028
5.193548	0.000024
5.214076	0.000021
5.234604	0.000018
5.255132	0.000015
5.275660	0.000011
5.296188	0.000008
5.316716	0.000005
5.337243	0.000002
5.357771	0.075035
5.378299	0.150068
5.398827	0.225101
5.419355	0.300134
5.439883	0.375167
5.460411	0.450200
5.480938	0.525233
5.501466	0.600266
5.521994	0.675299
5.542522	0.750333
5.563050	0.854129
5.583578	0.957925
5.604106	1.061721
5.624633	1.165517
5.645161	1.269313
5.665689	1.373108
5.686217	1.476904
5.706745	1.580700
5.727273	1.684496
5.747801	1.788292
5.768328	1.693438
5.788856	1.598583
5.809384	1.503729
5.829912	1.408874
5.850440	1.314020
5.870968	1.219165
5.891496	1.124311
5.912023	1.029456
5.932551	0.934602
5.953079	0.839747
5.973607	0.935049
5.994135	1.030350
6.014663	1.125652
6.035191	1.220954
6.055718	1.316255
6.076246	1.411557
6.096774	1.506858
6.117302	1.602160
6.137830	1.697462
6.158358	1.792763
6.178886	1.722495
6.199413	1.652227
6.219941	1.581959
6.240469	1.511690
6.260997	1.441422
6.281525	1.371154
6.302053	1.300886
6.322581	1.230618
6.343109	1.160350
6.363636	1.090081
6.384164	0.999029
6.404692	0.907977
6.425220	0.816925
6.445748	0.725873
6.466276	0.634820
6.486804	0.543768
6.507331	0.452716
6.527859	0.361664
6.548387	0.270612
6.568915	0.179559
6.589443	0.168754
6.609971	0.157949
6.630499	0.147143
6.651026	0.136338
6.671554	0.125533
6.692082	0.114727
6.712610	0.103922
6.733138	0.093116
6.753666	0.082311
6.774194	0.071506
6.794721	0.064713
6.815249	0.057920
6.835777	0.051127
6.856305	0.044334
6.876833	0.037540
6.897361	0.030747
6.917889	0.023954
6.938416	0.017161
6.958944	0.010368
6.979472	0.003575
