0.000000	0.000000
0.020528	0.000000
0.041056	0.000000
0.061584	0.000000
0.082111	0.000000
0.102639	0.000000
0.123167	0.000000
0.143695	0.000000
0.164223	0.000000
0.184751	0.000000
0.205279	0.000000
0.225806	0.000000
0.246334	0.000000
0.266862	0.000000
0.287390	0.000000
0.307918	0.000000
0.328446	0.000000
0.348974	0.000000
0.369501	0.000000
0.390029	0.000000
0.410557	0.000000
0.431085	0.000000
0.451613	0.000000
0.472141	0.000000
0.492669	0.000000
0.513196	0.000000
0.533724	0.000000
0.554252	0.000000
0.574780	0.000000
0.595308	0.000000
0.615836	0.000000
0.636364	0.000000
0.656891	0.000000
0.677419	0.000000
0.697947	0.000000
0.718475	0.000000
0.739003	0.000000
0.759531	0.000000
0.780059	0.000000
0.800587	0.000000
0.821114	0.000000
0.841642	0.000000
0.862170	0.000000
0.882698	0.000000
0.903226	0.000000
0.923754	0.000000
0.944282	0.000000
0.964809	0.000000
0.985337	0.000000
1.005865	0.000000
1.026393	0.000000
1.046921	0.000000
1.067449	0.000000
1.087977	0.000000
1.108504	0.000000
1.129032	0.000000
1.149560	0.000000
1.170088	0.000000
1.190616	0.000000
1.211144	0.000000
1.231672	0.000000
1.252199	0.000000
1.272727	0.000000
1.293255	0.000000
1.313783	0.000000
1.334311	0.000000
1.354839	0.000000
1.375367	0.000000
1.395894	0.000000
1.416422	0.000000
1.436950	0.000000
1.457478	0.000000
1.478006	0.000000
1.498534	0.000000
1.519062	0.000000
1.539589	0.000000
1.560117	0.000000
1.580645	0.000000
1.601173	0.000000
1.621701	0.000000
1.642229	0.000000
1.662757	0.000000
1.683284	0.000000
1.703812	0.000000
1.724340	0.000000
1.744868	0.000000
1.765396	0.000000
1.785924	0.000000
1.806452	0.000000
1.826979	0.000000
1.847507	0.000000
1.868035	0.000000
1.888563	0.000000
1.909091	0.000000
1.929619	0.000000
1.950147	0.000000
1.970674	0.000000
1.991202	0.000000
2.011730	0.000000
2.032258	0.000000
2.052786	0.000000
2.073314	0.000000
2.093842	0.000000
2.114370	0.000000
2.134897	0.000000
2.155425	0.000000
2.175953	0.000000
2.196481	0.000000
2.217009	0.000000
2.237537	0.000000
2.258065	0.000000
2.278592	0.000000
2.299120	0.000000
2.319648	0.000000
2.340176	0.000000
2.360704	0.000000
2.381232	0.000000
2.401760	0.000000
2.422287	0.000000
2.442815	0.000000
2.463343	0.000000
2.483871	1.526243
2.504399	3.052487
2.524927	4.578730
2.545455	6.104974
2.565982	7.631217
2.586510	9.157460
2.607038	10.683704
2.627566	12.209947
2.648094	13.736191
2.668622	15.262434
2.689150	20.506677
2.709677	25.750921
2.730205	30.995164
2.750733	36.239407
2.771261	41.483651
2.791789	46.727894
2.812317	51.972137
2.832845	57.216380
2.853372	62.460624
2.873900	67.704867
2.894428	70.934380
2.914956	74.163894
2.935484	77.393407
2.956012	80.622920
2.976540	83.852434
2.997067	87.081947
3.017595	90.311460
3.038123	93.540973
3.058651	96.770487
3.079179	100.000000
3.099707	99.905919
3.120235	99.811837
3.140762	99.717756
3.161290	99.623675
3.181818	99.529593
3.202346	99.435512
3.222874	99.341430
3.243402	99.247349
3.263930	99.153268
3.284457	99.059186
3.304985	93.666488
3.325513	88.273790
3.346041	82.881092
3.366569	77.488393
3.387097	72.095695
3.407625	66.702997
3.428152	61.310299
3.448680	55.917601
3.469208	50.524902
3.489736	45.132204
3.510264	43.258239
3.530792	41.384274
3.551320	39.510309
3.571848	37.636343
3.592375	35.762378
3.612903	33.888413
3.633431	32.014448
3.653959	30.140483
3.674487	28.266518
3.695015	26.392552
3.715543	24.751314
3.736070	23.110076
3.756598	21.468838
3.777126	19.827600
3.797654	18.186362
3.818182	16.545124
3.838710	14.903886
3.859238	13.262648
3.879765	11.621410
3.900293	9.980172
3.920821	9.429588
3.941349	8.879005
3.961877	8.328422
3.982405	7.777839
4.002933	7.227256
4.023460	6.676673
4.043988	6.126090
4.064516	5.575506
4.085044	5.024923
4.105572	4.474340
4.126100	4.177056
4.146628	3.879773
4.167155	3.582489
4.187683	3.285205
4.208211	2.987921
4.228739	2.690637
4.249267	2.393354
4.269795	2.096070
4.290323	1.798786
4.310850	1.501502
4.331378	1.358859
4.351906	1.216217
4.372434	1.073574
4.392962	0.930931
4.413490	0.788289
4.434018	0.645646
4.454545	0.503003
4.475073	0.360361
4.495601	0.217718
4.516129	0.075075
4.536657	0.096338
4.557185	0.117601
4.577713	0.138864
4.598240	0.160127
4.618768	0.181391
4.639296	0.202654
4.659824	0.223917
4.680352	0.245180
4.700880	0.266443
4.721408	0.287706
4.741935	0.260374
4.762463	0.233042
4.782991	0.205710
4.803519	0.178378
4.824047	0.151046
4.844575	0.123714
4.865103	0.096382
4.885630	0.069049
4.906158	0.041717
4.926686	0.014385
4.947214	0.027216
4.967742	0.040047
4.988270	0.052878
5.008798	0.065709
5.029326	0.078540
5.049853	0.091371
5.070381	0.104202
5.090909	0.117033
5.111437	0.129864
5.131965	0.142695
5.152493	0.143337
5.173021	0.143978
5.193548	0.144620
5.214076	0.145262
5.234604	0.145903
5.255132	0.146545
5.275660	0.147186
5.296188	0.147828
5.316716	0.148469
5.337243	0.149111
5.357771	0.255625
5.378299	0.362139
5.398827	0.468653
5.419355	0.575168
5.439883	0.681682
5.460411	0.788196
5.480938	0.894710
5.501466	1.001224
5.521994	1.107738
5.542522	1.214253
5.563050	1.283468
5.583578	1.352683
5.604106	1.421898
5.624633	1.491113
5.645161	1.560327
5.665689	1.629542
5.686217	1.698757
5.706745	1.767972
5.727273	1.837187
5.747801	1.906402
5.768328	1.803381
5.788856	1.700360
5.809384	1.597338
5.829912	1.494317
5.850440	1.391296
5.870968	1.288274
5.891496	1.185253
5.912023	1.082232
5.932551	0.979210
5.953079	0.876189
5.973607	1.048508
5.994135	1.220827
6.014663	1.393146
6.035191	1.565465
6.055718	1.737784
6.076246	1.910103
6.096774	2.082423
6.117302	2.254742
6.137830	2.427061
6.158358	2.599380
6.178886	2.380834
6.199413	2.162288
6.219941	1.943742
6.240469	1.725196
6.260997	1.506651
6.281525	1.288105
6.302053	1.069559
6.322581	0.851013
6.343109	0.632467
6.363636	0.413921
6.384164	0.388796
6.404692	0.363671
6.425220	0.338547
6.445748	0.313422
6.466276	0.288297
6.486804	0.263172
6.507331	0.238047
6.527859	0.212922
6.548387	0.187797
6.568915	0.162672
6.589443	0.175614
6.609971	0.188555
6.630499	0.201496
6.651026	0.214438
6.671554	0.227379
6.692082	0.240320
6.712610	0.253262
6.733138	0.266203
6.753666	0.279145
6.774194	0.292086
6.794721	0.271437
6.815249	0.250787
6.835777	0.230138
6.856305	0.209488
6.876833	0.188839
6.897361	0.168190
6.917889	0.147540
6.938416	0.126891
6.958944	0.106242
6.979472	0.085592
