0.000000	0.000000
0.020528	0.000000
0.041056	0.000000
0.061584	0.000000
0.082111	0.000000
0.102639	0.000000
0.123167	0.000000
0.143695	0.000000
0.164223	0.000000
0.184751	0.000000
0.205279	0.000000
0.225806	0.000000
0.246334	0.000000
0.266862	0.000000
0.287390	0.000000
0.307918	0.000000
0.328446	0.000000
0.348974	0.000000
0.369501	0.000000
0.390029	0.000000
0.410557	0.000000
0.431085	0.000000
0.451613	0.000000
0.472141	0.000000
0.492669	0.000000
0.513196	0.000000
0.533724	0.000000
0.554252	0.000000
0.574780	0.000000
0.595308	0.000000
0.615836	0.000000
0.636364	0.000000
0.656891	0.000000
0.677419	0.000000
0.697947	0.000000
0.718475	0.000000
0.739003	0.000000
0.759531	0.000000
0.780059	0.000000
0.800587	0.000000
0.821114	0.000000
0.841642	0.000000
0.862170	0.000000
0.882698	0.000000
0.903226	0.000000
0.923754	0.000000
0.944282	0.000000
0.964809	0.000000
0.985337	0.000000
1.005865	0.000000
1.026393	0.000000
1.046921	0.000000
1.067449	0.000000
1.087977	0.000000
1.108504	0.000000
1.129032	0.000000
1.149560	0.000000
1.170088	0.000000
1.190616	0.000000
1.211144	0.000000
1.231672	0.000000
1.252199	0.000000
1.272727	0.000000
1.293255	0.000000
1.313783	0.000000
1.334311	0.000000
1.354839	0.000000
1.375367	0.000000
1.395894	0.000000
1.416422	0.000000
1.436950	0.000000
1.457478	0.000000
1.478006	0.000000
1.498534	0.000000
1.519062	0.000000
1.539589	0.000000
1.560117	0.000000
1.580645	0.000000
1.601173	0.000000
1.621701	0.000000
1.642229	0.000000
1.662757	0.000000
1.683284	0.000000
1.703812	0.000000
1.724340	0.000000
1.744868	0.000000
1.765396	0.000000
1.785924	0.000000
1.806452	0.000000
1.826979	0.000000
1.847507	0.000000
1.868035	0.011898
1.888563	0.023796
1.909091	0.035694
1.929619	0.047592
1.950147	0.059491
1.970674	0.071389
1.991202	0.083287
2.011730	0.095185
2.032258	0.107083
2.052786	0.118981
2.073314	0.262353
2.093842	0.405725
2.114370	0.549097
2.134897	0.692470
2.155425	0.835842
2.175953	0.979214
2.196481	1.122586
2.217009	1.265958
2.237537	1.409330
2.258065	1.552702
2.278592	4.424339
2.299120	7.295976
2.319648	10.167613
2.340176	13.039250
2.360704	15.910887
2.381232	18.782524
2.401760	21.654161
2.422287	24.525797
2.442815	27.397434
2.463343	30.269071
2.483871	37.242164
2.504399	44.215257
2.524927	51.188350
2.545455	58.161443
2.565982	65.134536
2.586510	72.107628
2.607038	79.080721
2.627566	86.053814
2.648094	93.026907
2.668622	100.000000
2.689150	97.177810
2.709677	94.355620
2.730205	91.533431
2.750733	88.711241
2.771261	85.889051
2.791789	83.066861
2.812317	80.244672
2.832845	77.422482
2.853372	74.600292
2.873900	71.778102
2.894428	69.394200
2.914956	67.010299
2.935484	64.626397
2.956012	62.242495
2.976540	59.858593
2.997067	57.474691
3.017595	55.090789
3.038123	52.706887
3.058651	50.322985
3.079179	47.939084
3.099707	45.458115
3.120235	42.977147
3.140762	40.496178
3.161290	38.015209
3.181818	35.534241
3.202346	33.053272
3.222874	30.572304
3.243402	28.091335
3.263930	25.610367
3.284457	23.129398
3.304985	22.568095
3.325513	22.006791
3.346041	21.445487
3.366569	20.884184
3.387097	20.322880
3.407625	19.761576
3.428152	19.200272
3.448680	18.638969
3.469208	18.077665
3.489736	17.516361
3.510264	17.175971
3.530792	16.835581
3.551320	16.495190
3.571848	16.154800
3.592375	15.814409
3.612903	15.474019
3.633431	15.133629
3.653959	14.793238
3.674487	14.452848
3.695015	14.112458
3.715543	13.209029
3.736070	12.305601
3.756598	11.402173
3.777126	10.498745
3.797654	9.595317
3.818182	8.691888
3.838710	7.788460
3.859238	6.885032
3.879765	5.981604
3.900293	5.078176
3.920821	4.833711
3.941349	4.589246
3.961877	4.344782
3.982405	4.100317
4.002933	3.855853
4.023460	3.611388
4.043988	3.366923
4.064516	3.122459
4.085044	2.877994
4.105572	2.633529
4.126100	2.642128
4.146628	2.650726
4.167155	2.659325
4.187683	2.667923
4.208211	2.676522
4.228739	2.685120
4.249267	2.693718
4.269795	2.702317
4.290323	2.710915
4.310850	2.719514
4.331378	2.925186
4.351906	3.130858
4.372434	3.336530
4.392962	3.542203
4.413490	3.747875
4.434018	3.953547
4.454545	4.159219
4.475073	4.364891
4.495601	4.570564
4.516129	4.776236
4.536657	4.619946
4.557185	4.463656
4.577713	4.307366
4.598240	4.151076
4.618768	3.994787
4.639296	3.838497
4.659824	3.682207
4.680352	3.525917
4.700880	3.369627
4.721408	3.213338
4.741935	2.997306
4.762463	2.781275
4.782991	2.565244
4.803519	2.349212
4.824047	2.133181
4.844575	1.917150
4.865103	1.701118
4.885630	1.485087
4.906158	1.269056
4.926686	1.053025
4.947214	1.006529
4.967742	0.960033
4.988270	0.913537
5.008798	0.867041
5.029326	0.820545
5.049853	0.774049
5.070381	0.727553
5.090909	0.681058
5.111437	0.634562
5.131965	0.588066
5.152493	0.594665
5.173021	0.601263
5.193548	0.607862
5.214076	0.614461
5.234604	0.621060
5.255132	0.627659
5.275660	0.634257
5.296188	0.640856
5.316716	0.647455
5.337243	0.654054
5.357771	0.666282
5.378299	0.678510
5.398827	0.690738
5.419355	0.702966
5.439883	0.715194
5.460411	0.727422
5.480938	0.739650
5.501466	0.751878
5.521994	0.764106
5.542522	0.776334
5.563050	0.765047
5.583578	0.753761
5.604106	0.742474
5.624633	0.731187
5.645161	0.719901
5.665689	0.708614
5.686217	0.697327
5.706745	0.686041
5.727273	0.674754
5.747801	0.663467
5.768328	0.653979
5.788856	0.644491
5.809384	0.635003
5.829912	0.625515
5.850440	0.616028
5.870968	0.606540
5.891496	0.597052
5.912023	0.587564
5.932551	0.578076
5.953079	0.568588
5.973607	0.523496
5.994135	0.478403
6.014663	0.433311
6.035191	0.388219
6.055718	0.343127
6.076246	0.298034
6.096774	0.252942
6.117302	0.207850
6.137830	0.162757
6.158358	0.117665
6.178886	0.118385
6.199413	0.119105
6.219941	0.119825
6.240469	0.120545
6.260997	0.121265
6.281525	0.121985
6.302053	0.122705
6.322581	0.123424
6.343109	0.124144
6.363636	0.124864
6.384164	0.115977
6.404692	0.107089
6.425220	0.098202
6.445748	0.089314
6.466276	0.080426
6.486804	0.071539
6.507331	0.062651
6.527859	0.053764
6.548387	0.044876
6.568915	0.035988
6.589443	0.038519
6.609971	0.041049
6.630499	0.043579
6.651026	0.046109
6.671554	0.048639
6.692082	0.051169
6.712610	0.053699
6.733138	0.056230
6.753666	0.058760
6.774194	0.061290
6.794721	0.061416
6.815249	0.061543
6.835777	0.061669
6.856305	0.061796
6.876833	0.061922
6.897361	0.062049
6.917889	0.062175
6.938416	0.062302
6.958944	0.062429
6.979472	0.062555
