0.000000	0.000000
0.020528	0.000000
0.041056	0.000000
0.061584	0.000000
0.082111	0.000000
0.102639	0.000000
0.123167	0.000000
0.143695	0.000000
0.164223	0.000000
0.184751	0.000000
0.205279	0.000000
0.225806	0.000000
0.246334	0.000000
0.266862	0.000000
0.287390	0.000000
0.307918	0.000000
0.328446	0.000000
0.348974	0.000000
0.369501	0.000000
0.390029	0.000000
0.410557	0.000000
0.431085	0.000000
0.451613	0.000000
0.472141	0.000000
0.492669	0.000000
0.513196	0.000000
0.533724	0.000000
0.554252	0.000000
0.574780	0.000000
0.595308	0.000000
0.615836	0.000000
0.636364	0.000000
0.656891	0.000000
0.677419	0.000000
0.697947	0.000000
0.718475	0.000000
0.739003	0.000000
0.759531	0.000000
0.780059	0.000000
0.800587	0.000000
0.821114	0.000000
0.841642	0.000000
0.862170	0.000000
0.882698	0.000000
0.903226	0.000000
0.923754	0.000000
0.944282	0.000000
0.964809	0.000000
0.985337	0.000000
1.005865	0.000000
1.026393	0.000000
1.046921	0.000000
1.067449	0.000000
1.087977	0.000000
1.108504	0.000000
1.129032	0.000000
1.149560	0.000000
1.170088	0.000000
1.190616	0.000000
1.211144	0.000000
1.231672	0.000000
1.252199	0.000000
1.272727	0.000000
1.293255	0.000000
1.313783	0.000000
1.334311	0.000000
1.354839	0.000000
1.375367	0.000000
1.395894	0.000000
1.416422	0.000000
1.436950	0.000000
1.457478	0.000000
1.478006	0.000000
1.498534	0.000000
1.519062	0.000000
1.539589	0.000000
1.560117	0.000000
1.580645	0.000000
1.601173	0.000000
1.621701	0.000000
1.642229	0.000000
1.662757	0.000000
1.683284	0.000000
1.703812	0.000000
1.724340	0.000000
1.744868	0.000000
1.765396	0.000000
1.785924	0.000000
1.806452	0.000000
1.826979	0.000000
1.847507	0.000000
1.868035	0.000000
1.888563	0.000000
1.909091	0.000000
1.929619	0.000000
1.950147	0.000000
1.970674	0.000000
1.991202	0.000000
2.011730	0.000000
2.032258	0.000000
2.052786	0.000000
2.073314	0.000000
2.093842	0.000000
2.114370	0.000000
2.134897	0.000000
2.155425	0.000000
2.175953	0.000000
2.196481	0.000000
2.217009	0.000000
2.237537	0.000000
2.258065	0.000000
2.278592	0.038705
2.299120	0.077410
2.319648	0.116115
2.340176	0.154820
2.360704	0.193525
2.381232	0.232230
2.401760	0.270934
2.422287	0.309639
2.442815	0.348344
2.463343	0.387049
2.483871	0.466394
2.504399	0.545739
2.524927	0.625085
2.545455	0.704430
2.565982	0.783775
2.586510	0.863120
2.607038	0.942465
2.627566	1.021810
2.648094	1.101155
2.668622	1.180500
2.689150	3.230990
2.709677	5.281480
2.730205	7.331970
2.750733	9.382460
2.771261	11.432950
2.791789	13.483440
2.812317	15.533930
2.832845	17.584420
2.853372	19.634910
2.873900	21.685401
2.894428	26.379296
2.914956	31.073192
2.935484	35.767088
2.956012	40.460984
2.976540	45.154880
2.997067	49.848776
3.017595	54.542672
3.038123	59.236568
3.058651	63.930464
3.079179	68.624360
3.099707	71.761924
3.120235	74.899488
3.140762	78.037052
3.161290	81.174616
3.181818	84.312180
3.202346	87.449744
3.222874	90.587308
3.243402	93.724872
3.263930	96.862436
3.284457	100.000000
3.304985	93.209345
3.325513	86.418689
3.346041	79.628034
3.366569	72.837378
3.387097	66.046723
3.407625	59.256068
3.428152	52.465412
3.448680	45.674757
3.469208	38.884101
3.489736	32.093446
3.510264	30.766938
3.530792	29.440429
3.551320	28.113921
3.571848	26.787413
3.592375	25.460904
3.612903	24.134396
3.633431	22.807888
3.653959	21.481379
3.674487	20.154871
3.695015	18.828363
3.715543	18.283064
3.736070	17.737765
3.756598	17.192466
3.777126	16.647168
3.797654	16.101869
3.818182	15.556570
3.838710	15.011271
3.859238	14.465972
3.879765	13.920673
3.900293	13.375375
3.920821	12.254696
3.941349	11.134017
3.961877	10.013338
3.982405	8.892659
4.002933	7.771980
4.023460	6.651301
4.043988	5.530621
4.064516	4.409942
4.085044	3.289263
4.105572	2.168584
4.126100	2.127065
4.146628	2.085545
4.167155	2.044026
4.187683	2.002506
4.208211	1.960986
4.228739	1.919467
4.249267	1.877947
4.269795	1.836428
4.290323	1.794908
4.310850	1.753388
4.331378	1.765827
4.351906	1.778265
4.372434	1.790704
4.392962	1.803142
4.413490	1.815580
4.434018	1.828019
4.454545	1.840457
4.475073	1.852895
4.495601	1.865334
4.516129	1.877772
4.536657	1.699384
4.557185	1.520995
4.577713	1.342607
4.598240	1.164219
4.618768	0.985830
4.639296	0.807442
4.659824	0.629054
4.680352	0.450665
4.700880	0.272277
4.721408	0.093889
4.741935	0.084969
4.762463	0.076050
4.782991	0.067130
4.803519	0.058211
4.824047	0.049292
4.844575	0.040372
4.865103	0.031453
4.885630	0.022533
4.906158	0.013614
4.926686	0.004694
4.947214	0.004248
4.967742	0.003802
4.988270	0.003357
5.008798	0.002911
5.029326	0.002465
5.049853	0.002019
5.070381	0.001573
5.090909	0.001127
5.111437	0.000681
5.131965	0.000235
5.152493	0.000212
5.173021	0.000190
5.193548	0.000168
5.214076	0.000146
5.234604	0.000123
5.255132	0.000101
5.275660	0.000079
5.296188	0.000056
5.316716	0.000034
5.337243	0.000012
5.357771	0.009687
5.378299	0.019362
5.398827	0.029037
5.419355	0.038712
5.439883	0.048387
5.460411	0.058062
5.480938	0.067738
5.501466	0.077413
5.521994	0.087088
5.542522	0.096763
5.563050	0.160142
5.583578	0.223521
5.604106	0.286901
5.624633	0.350280
5.645161	0.413659
5.665689	0.477038
5.686217	0.540418
5.706745	0.603797
5.727273	0.667176
5.747801	0.730555
5.768328	0.762753
5.788856	0.794951
5.809384	0.827148
5.829912	0.859346
5.850440	0.891544
5.870968	0.923741
5.891496	0.955939
5.912023	0.988137
5.932551	1.020334
5.953079	1.052532
5.973607	1.020275
5.994135	0.988018
6.014663	0.955761
6.035191	0.923504
6.055718	0.891247
6.076246	0.858990
6.096774	0.826734
6.117302	0.794477
6.137830	0.762220
6.158358	0.729963
6.178886	0.752540
6.199413	0.775118
6.219941	0.797696
6.240469	0.820274
6.260997	0.842851
6.281525	0.865429
6.302053	0.888007
6.322581	0.910585
6.343109	0.933162
6.363636	0.955740
6.384164	0.898812
6.404692	0.841883
6.425220	0.784955
6.445748	0.728026
6.466276	0.671098
6.486804	0.614169
6.507331	0.557241
6.527859	0.500312
6.548387	0.443384
6.568915	0.386455
6.589443	0.373932
6.609971	0.361410
6.630499	0.348887
6.651026	0.336364
6.671554	0.323842
6.692082	0.311319
6.712610	0.298796
6.733138	0.286274
6.753666	0.273751
6.774194	0.261229
6.794721	0.236412
6.815249	0.211595
6.835777	0.186778
6.856305	0.161962
6.876833	0.137145
6.897361	0.112328
6.917889	0.087512
6.938416	0.062695
6.958944	0.037878
6.979472	0.013061
