0.000000	0.000000
0.020528	0.000000
0.041056	0.000000
0.061584	0.000000
0.082111	0.000000
0.102639	0.000000
0.123167	0.000000
0.143695	0.000000
0.164223	0.000000
0.184751	0.000000
0.205279	0.000000
0.225806	0.000000
0.246334	0.000000
0.266862	0.000000
0.287390	0.000000
0.307918	0.000000
0.328446	0.000000
0.348974	0.000000
0.369501	0.000000
0.390029	0.000000
0.410557	0.000000
0.431085	0.000000
0.451613	0.000000
0.472141	0.000000
0.492669	0.000000
0.513196	0.000000
0.533724	0.000000
0.554252	0.000000
0.574780	0.000000
0.595308	0.000000
0.615836	0.000000
0.636364	0.000000
0.656891	0.000000
0.677419	0.000000
0.697947	0.000000
0.718475	0.000000
0.739003	0.000000
0.759531	0.000000
0.780059	0.000000
0.800587	0.000000
0.821114	0.000000
0.841642	0.000000
0.862170	0.000000
0.882698	0.000000
0.903226	0.000000
0.923754	0.000000
0.944282	0.000000
0.964809	0.000000
0.985337	0.000000
1.005865	0.000000
1.026393	0.000000
1.046921	0.000000
1.067449	0.000000
1.087977	0.000000
1.108504	0.000000
1.129032	0.000000
1.149560	0.000000
1.170088	0.000000
1.190616	0.000000
1.211144	0.000000
1.231672	0.000000
1.252199	0.000000
1.272727	0.000000
1.293255	0.000000
1.313783	0.000000
1.334311	0.000000
1.354839	0.000000
1.375367	0.000000
1.395894	0.000000
1.416422	0.000000
1.436950	0.000000
1.457478	0.000000
1.478006	0.000000
1.498534	0.000000
1.519062	0.000000
1.539589	0.000000
1.560117	0.000000
1.580645	0.000000
1.601173	0.000000
1.621701	0.000000
1.642229	0.000000
1.662757	0.000000
1.683284	0.000000
1.703812	0.000000
1.724340	0.000000
1.744868	0.000000
1.765396	0.000000
1.785924	0.000000
1.806452	0.000000
1.826979	0.000000
1.847507	0.000000
1.868035	0.000000
1.888563	0.000000
1.909091	0.000000
1.929619	0.000000
1.950147	0.000000
1.970674	0.000000
1.991202	0.000000
2.011730	0.000000
2.032258	0.000000
2.052786	0.000000
2.073314	0.691661
2.093842	1.383322
2.114370	2.074984
2.134897	2.766645
2.155425	3.458306
2.175953	4.149967
2.196481	4.841628
2.217009	5.533290
2.237537	6.224951
2.258065	6.916612
2.278592	8.724861
2.299120	10.533110
2.319648	12.341359
2.340176	14.149608
2.360704	15.957857
2.381232	17.766106
2.401760	19.574354
2.422287	21.382603
2.442815	23.190852
2.463343	24.999101
2.483871	32.499191
2.504399	39.999281
2.524927	47.499371
2.545455	54.999461
2.565982	62.499551
2.586510	69.999640
2.607038	77.499730
2.627566	84.999820
2.648094	92.499910
2.668622	100.000000
2.689150	98.943745
2.709677	97.887490
2.730205	96.831236
2.750733	95.774981
2.771261	94.718726
2.791789	93.662471
2.812317	92.606216
2.832845	91.549961
2.853372	90.493707
2.873900	89.437452
2.894428	88.884725
2.914956	88.331999
2.935484	87.779273
2.956012	87.226547
2.976540	86.673820
2.997067	86.121094
3.017595	85.568368
3.038123	85.015641
3.058651	84.462915
3.079179	83.910189
3.099707	79.938029
3.120235	75.965870
3.140762	71.993710
3.161290	68.021550
3.181818	64.049391
3.202346	60.077231
3.222874	56.105072
3.243402	52.132912
3.263930	48.160752
3.284457	44.188593
3.304985	43.558553
3.325513	42.928512
3.346041	42.298472
3.366569	41.668432
3.387097	41.038392
3.407625	40.408352
3.428152	39.778311
3.448680	39.148271
3.469208	38.518231
3.489736	37.888191
3.510264	36.007693
3.530792	34.127196
3.551320	32.246699
3.571848	30.366201
3.592375	28.485704
3.612903	26.605207
3.633431	24.724710
3.653959	22.844212
3.674487	20.963715
3.695015	19.083218
3.715543	17.825011
3.736070	16.566803
3.756598	15.308596
3.777126	14.050389
3.797654	12.792182
3.818182	11.533975
3.838710	10.275768
3.859238	9.017561
3.879765	7.759354
3.900293	6.501147
3.920821	6.184856
3.941349	5.868564
3.961877	5.552273
3.982405	5.235982
4.002933	4.919691
4.023460	4.603400
4.043988	4.287108
4.064516	3.970817
4.085044	3.654526
4.105572	3.338235
4.126100	3.151217
4.146628	2.964199
4.167155	2.777181
4.187683	2.590164
4.208211	2.403146
4.228739	2.216128
4.249267	2.029110
4.269795	1.842092
4.290323	1.655074
4.310850	1.468057
4.331378	1.349136
4.351906	1.230215
4.372434	1.111294
4.392962	0.992373
4.413490	0.873452
4.434018	0.754531
4.454545	0.635610
4.475073	0.516689
4.495601	0.397768
4.516129	0.278847
4.536657	0.320838
4.557185	0.362828
4.577713	0.404819
4.598240	0.446810
4.618768	0.488801
4.639296	0.530792
4.659824	0.572783
4.680352	0.614774
4.700880	0.656765
4.721408	0.698755
4.741935	0.803577
4.762463	0.908398
4.782991	1.013220
4.803519	1.118041
4.824047	1.222863
4.844575	1.327684
4.865103	1.432506
4.885630	1.537327
4.906158	1.642149
4.926686	1.746970
4.947214	1.765908
4.967742	1.784845
4.988270	1.803782
5.008798	1.822720
5.029326	1.841657
5.049853	1.860594
5.070381	1.879532
5.090909	1.898469
5.111437	1.917406
5.131965	1.936344
5.152493	1.834569
5.173021	1.732794
5.193548	1.631019
5.214076	1.529243
5.234604	1.427468
5.255132	1.325693
5.275660	1.223918
5.296188	1.122143
5.316716	1.020368
5.337243	0.918593
5.357771	0.920352
5.378299	0.922112
5.398827	0.923871
5.419355	0.925630
5.439883	0.927390
5.460411	0.929149
5.480938	0.930909
5.501466	0.932668
5.521994	0.934427
5.542522	0.936187
5.563050	0.922578
5.583578	0.908970
5.604106	0.895362
5.624633	0.881753
5.645161	0.868145
5.665689	0.854537
5.686217	0.840929
5.706745	0.827320
5.727273	0.813712
5.747801	0.800104
5.768328	0.799423
5.788856	0.798743
5.809384	0.798062
5.829912	0.797382
5.850440	0.796702
5.870968	0.796021
5.891496	0.795341
5.912023	0.794660
5.932551	0.793980
5.953079	0.793300
5.973607	0.745329
5.994135	0.697358
6.014663	0.649387
6.035191	0.601416
6.055718	0.553445
6.076246	0.505474
6.096774	0.457503
6.117302	0.409532
6.137830	0.361561
6.158358	0.313590
6.178886	0.311192
6.199413	0.308793
6.219941	0.306395
6.240469	0.303996
6.260997	0.301597
6.281525	0.299199
6.302053	0.296800
6.322581	0.294402
6.343109	0.292003
6.363636	0.289605
6.384164	0.275789
6.404692	0.261972
6.425220	0.248156
6.445748	0.234340
6.466276	0.220524
6.486804	0.206708
6.507331	0.192891
6.527859	0.179075
6.548387	0.165259
6.568915	0.151443
6.589443	0.143904
6.609971	0.136365
6.630499	0.128826
6.651026	0.121287
6.671554	0.113748
6.692082	0.106209
6.712610	0.098670
6.733138	0.091131
6.753666	0.083592
6.774194	0.076053
6.794721	0.068828
6.815249	0.061603
6.835777	0.054378
6.856305	0.047153
6.876833	0.039928
6.897361	0.032703
6.917889	0.025478
6.938416	0.018253
6.958944	0.011028
6.979472	0.003803
