0.000000	0.076294
0.020528	0.069046
0.041056	0.061798
0.061584	0.054550
0.082111	0.047303
0.102639	0.040055
0.123167	0.032807
0.143695	0.025559
0.164223	0.018311
0.184751	0.011063
0.205279	0.003815
0.225806	0.003452
0.246334	0.003090
0.266862	0.002728
0.287390	0.002365
0.307918	0.002003
0.328446	0.001640
0.348974	0.001278
0.369501	0.000916
0.390029	0.000553
0.410557	0.000191
0.431085	0.000173
0.451613	0.000154
0.472141	0.000136
0.492669	0.000118
0.513196	0.000100
0.533724	0.000082
0.554252	0.000064
0.574780	0.000046
0.595308	0.000028
0.615836	0.000010
0.636364	0.000009
0.656891	0.000008
0.677419	0.000007
0.697947	0.000006
0.718475	0.000005
0.739003	0.000004
0.759531	0.000003
0.780059	0.000002
0.800587	0.000001
0.821114	0.000000
0.841642	0.000000
0.862170	0.000000
0.882698	0.000000
0.903226	0.000000
0.923754	0.000000
0.944282	0.000000
0.964809	0.000000
0.985337	0.000000
1.005865	0.000000
1.026393	0.000000
1.046921	0.000000
1.067449	0.000000
1.087977	0.000000
1.108504	0.000000
1.129032	0.000000
1.149560	0.000000
1.170088	0.000000
1.190616	0.000000
1.211144	0.000000
1.231672	0.000000
1.252199	0.000000
1.272727	0.000000
1.293255	0.000000
1.313783	0.000000
1.334311	0.000000
1.354839	0.000000
1.375367	0.000000
1.395894	0.000000
1.416422	0.000000
1.436950	0.000000
1.457478	0.000000
1.478006	0.000000
1.498534	0.000000
1.519062	0.000000
1.539589	0.000000
1.560117	0.000000
1.580645	0.000000
1.601173	0.000000
1.621701	0.000000
1.642229	0.000000
1.662757	0.045777
1.683284	0.091553
1.703812	0.137330
1.724340	0.183106
1.744868	0.228883
1.765396	0.274660
1.785924	0.320436
1.806452	0.366213
1.826979	0.411990
1.847507	0.457766
1.868035	0.414278
1.888563	0.370791
1.909091	0.327303
1.929619	0.283815
1.950147	0.240327
1.970674	0.196839
1.991202	0.153352
2.011730	0.109864
2.032258	0.066376
2.052786	0.022888
2.073314	0.188562
2.093842	0.354235
2.114370	0.519908
2.134897	0.685581
2.155425	0.851254
2.175953	1.016928
2.196481	1.182601
2.217009	1.348274
2.237537	1.513947
2.258065	1.679620
2.278592	2.771284
2.299120	3.862948
2.319648	4.954612
2.340176	6.046275
2.360704	7.137939
2.381232	8.229603
2.401760	9.321266
2.422287	10.412930
2.442815	11.504594
2.463343	12.596257
2.483871	17.396350
2.504399	22.196443
2.524927	26.996536
2.545455	31.796629
2.565982	36.596721
2.586510	41.396814
2.607038	46.196907
2.627566	50.997000
2.648094	55.797093
2.668622	60.597185
2.689150	64.537467
2.709677	68.477748
2.730205	72.418030
2.750733	76.358311
2.771261	80.298593
2.791789	84.238874
2.812317	88.179156
2.832845	92.119437
2.853372	96.059719
2.873900	100.000000
2.894428	98.762680
2.914956	97.525360
2.935484	96.288040
2.956012	95.050720
2.976540	93.813400
2.997067	92.576080
3.017595	91.338760
3.038123	90.101440
3.058651	88.864120
3.079179	87.626800
3.099707	83.681550
3.120235	79.736301
3.140762	75.791052
3.161290	71.845803
3.181818	67.900553
3.202346	63.955304
3.222874	60.010055
3.243402	56.064805
3.263930	52.119556
3.284457	48.174307
3.304985	46.336715
3.325513	44.499124
3.346041	42.661533
3.366569	40.823941
3.387097	38.986350
3.407625	37.148759
3.428152	35.311167
3.448680	33.473576
3.469208	31.635985
3.489736	29.798393
3.510264	29.241118
3.530792	28.683843
3.551320	28.126568
3.571848	27.569292
3.592375	27.012017
3.612903	26.454742
3.633431	25.897467
3.653959	25.340192
3.674487	24.782916
3.695015	24.225641
3.715543	22.473525
3.736070	20.721408
3.756598	18.969292
3.777126	17.217175
3.797654	15.465059
3.818182	13.712942
3.838710	11.960826
3.859238	10.208709
3.879765	8.456593
3.900293	6.704476
3.920821	6.159104
3.941349	5.613732
3.961877	5.068360
3.982405	4.522988
4.002933	3.977616
4.023460	3.432244
4.043988	2.886872
4.064516	2.341500
4.085044	1.796128
4.105572	1.250756
4.126100	1.307411
4.146628	1.364067
4.167155	1.420722
4.187683	1.477377
4.208211	1.534032
4.228739	1.590687
4.249267	1.647343
4.269795	1.703998
4.290323	1.760653
4.310850	1.817308
4.331378	2.163466
4.351906	2.509623
4.372434	2.855780
4.392962	3.201938
4.413490	3.548095
4.434018	3.894253
4.454545	4.240410
4.475073	4.586568
4.495601	4.932725
4.516129	5.278882
4.536657	5.143602
4.557185	5.008321
4.577713	4.873040
4.598240	4.737759
4.618768	4.602478
4.639296	4.467197
4.659824	4.331916
4.680352	4.196635
4.700880	4.061355
4.721408	3.926074
4.741935	3.568356
4.762463	3.210637
4.782991	2.852919
4.803519	2.495201
4.824047	2.137483
4.844575	1.779765
4.865103	1.422047
4.885630	1.064329
4.906158	0.706611
4.926686	0.348892
4.947214	0.460707
4.967742	0.572521
4.988270	0.684336
5.008798	0.796150
5.029326	0.907965
5.049853	1.019780
5.070381	1.131594
5.090909	1.243409
5.111437	1.355223
5.131965	1.467038
5.152493	1.510776
5.173021	1.554513
5.193548	1.598251
5.214076	1.641989
5.234604	1.685727
5.255132	1.729465
5.275660	1.773203
5.296188	1.816941
5.316716	1.860679
5.337243	1.904417
5.357771	1.754015
5.378299	1.603613
5.398827	1.453211
5.419355	1.302809
5.439883	1.152407
5.460411	1.002006
5.480938	0.851604
5.501466	0.701202
5.521994	0.550800
5.542522	0.400398
5.563050	0.583614
5.583578	0.766830
5.604106	0.950046
5.624633	1.133262
5.645161	1.316477
5.665689	1.499693
5.686217	1.682909
5.706745	1.866125
5.727273	2.049341
5.747801	2.232557
5.768328	2.066240
5.788856	1.899924
5.809384	1.733608
5.829912	1.567292
5.850440	1.400975
5.870968	1.234659
5.891496	1.068343
5.912023	0.902027
5.932551	0.735710
5.953079	0.569394
5.973607	0.568708
5.994135	0.568021
6.014663	0.567335
6.035191	0.566649
6.055718	0.565962
6.076246	0.565276
6.096774	0.564589
6.117302	0.563903
6.137830	0.563217
6.158358	0.562530
6.178886	0.554867
6.199413	0.547203
6.219941	0.539539
6.240469	0.531875
6.260997	0.524211
6.281525	0.516548
6.302053	0.508884
6.322581	0.501220
6.343109	0.493556
6.363636	0.485893
6.384164	0.645728
6.404692	0.805563
6.425220	0.965398
6.445748	1.125233
6.466276	1.285068
6.486804	1.444903
6.507331	1.604738
6.527859	1.764573
6.548387	1.924408
6.568915	2.084243
6.589443	1.886240
6.609971	1.688236
6.630499	1.490233
6.651026	1.292230
6.671554	1.094227
6.692082	0.896224
6.712610	0.698221
6.733138	0.500218
6.753666	0.302215
6.774194	0.104212
6.794721	0.231642
6.815249	0.359072
6.835777	0.486501
6.856305	0.613931
6.876833	0.741361
6.897361	0.868790
6.917889	0.996220
6.938416	1.123650
6.958944	1.251080
6.979472	1.378509
