0.000000	0.000000
0.020528	0.009585
0.041056	0.019170
0.061584	0.028754
0.082111	0.038339
0.102639	0.047924
0.123167	0.057509
0.143695	0.067094
0.164223	0.076679
0.184751	0.086263
0.205279	0.095848
0.225806	0.096727
0.246334	0.097606
0.266862	0.098484
0.287390	0.099363
0.307918	0.100241
0.328446	0.101120
0.348974	0.101999
0.369501	0.102877
0.390029	0.103756
0.410557	0.104634
0.431085	0.095693
0.451613	0.086751
0.472141	0.077809
0.492669	0.068867
0.513196	0.059925
0.533724	0.050983
0.554252	0.042041
0.574780	0.033100
0.595308	0.024158
0.615836	0.015216
0.636364	0.027149
0.656891	0.039083
0.677419	0.051016
0.697947	0.062949
0.718475	0.074882
0.739003	0.086816
0.759531	0.098749
0.780059	0.110682
0.800587	0.122616
0.821114	0.134549
0.841642	0.127158
0.862170	0.119768
0.882698	0.112377
0.903226	0.104986
0.923754	0.097596
0.944282	0.090205
0.964809	0.082814
0.985337	0.075424
1.005865	0.068033
1.026393	0.060642
1.046921	0.086032
1.067449	0.111422
1.087977	0.136811
1.108504	0.162201
1.129032	0.187591
1.149560	0.212980
1.170088	0.238370
1.190616	0.263760
1.211144	0.289149
1.231672	0.314539
1.252199	0.296839
1.272727	0.279138
1.293255	0.261438
1.313783	0.243737
1.334311	0.226037
1.354839	0.208336
1.375367	0.190636
1.395894	0.172935
1.416422	0.155235
1.436950	0.137534
1.457478	0.128262
1.478006	0.118991
1.498534	0.109719
1.519062	0.100447
1.539589	0.091175
1.560117	0.081904
1.580645	0.072632
1.601173	0.063360
1.621701	0.054088
1.642229	0.044817
1.662757	0.074705
1.683284	0.104593
1.703812	0.134482
1.724340	0.164370
1.744868	0.194259
1.765396	0.224147
1.785924	0.254035
1.806452	0.283924
1.826979	0.313812
1.847507	0.343700
1.868035	0.385731
1.888563	0.427761
1.909091	0.469791
1.929619	0.511822
1.950147	0.553852
1.970674	0.595882
1.991202	0.637912
2.011730	0.679943
2.032258	0.721973
2.052786	0.764003
2.073314	2.341412
2.093842	3.918820
2.114370	5.496228
2.134897	7.073637
2.155425	8.651045
2.175953	10.228454
2.196481	11.805862
2.217009	13.383270
2.237537	14.960679
2.258065	16.538087
2.278592	17.912907
2.299120	19.287726
2.319648	20.662546
2.340176	22.037365
2.360704	23.412184
2.381232	24.787004
2.401760	26.161823
2.422287	27.536643
2.442815	28.911462
2.463343	30.286282
2.483871	31.123207
2.504399	31.960132
2.524927	32.797057
2.545455	33.633983
2.565982	34.470908
2.586510	35.307833
2.607038	36.144758
2.627566	36.981684
2.648094	37.818609
2.668622	38.655534
2.689150	41.208606
2.709677	43.761678
2.730205	46.314750
2.750733	48.867822
2.771261	51.420894
2.791789	53.973966
2.812317	56.527038
2.832845	59.080110
2.853372	61.633182
2.873900	64.186254
2.894428	66.232671
2.914956	68.279088
2.935484	70.325505
2.956012	72.371922
2.976540	74.418338
2.997067	76.464755
3.017595	78.511172
3.038123	80.557589
3.058651	82.604006
3.079179	84.650423
3.099707	85.415295
3.120235	86.180168
3.140762	86.945040
3.161290	87.709912
3.181818	88.474785
3.202346	89.239657
3.222874	90.004529
3.243402	90.769401
3.263930	91.534274
3.284457	92.299146
3.304985	93.069231
3.325513	93.839317
3.346041	94.609402
3.366569	95.379488
3.387097	96.149573
3.407625	96.919658
3.428152	97.689744
3.448680	98.459829
3.469208	99.229915
3.489736	100.000000
3.510264	97.994339
3.530792	95.988679
3.551320	93.983018
3.571848	91.977358
3.592375	89.971697
3.612903	87.966036
3.633431	85.960376
3.653959	83.954715
3.674487	81.949054
3.695015	79.943394
3.715543	77.699104
3.736070	75.454814
3.756598	73.210524
3.777126	70.966234
3.797654	68.721944
3.818182	66.477654
3.838710	64.233365
3.859238	61.989075
3.879765	59.744785
3.900293	57.500495
3.920821	53.834505
3.941349	50.168514
3.961877	46.502524
3.982405	42.836534
4.002933	39.170544
4.023460	35.504553
4.043988	31.838563
4.064516	28.172573
4.085044	24.506583
4.105572	20.840592
4.126100	19.552441
4.146628	18.264290
4.167155	16.976139
4.187683	15.687988
4.208211	14.399837
4.228739	13.111686
4.249267	11.823536
4.269795	10.535385
4.290323	9.247234
4.310850	7.959083
4.331378	7.590357
4.351906	7.221631
4.372434	6.852905
4.392962	6.484179
4.413490	6.115453
4.434018	5.746727
4.454545	5.378001
4.475073	5.009275
4.495601	4.640549
4.516129	4.271823
4.536657	3.976026
4.557185	3.680229
4.577713	3.384431
4.598240	3.088634
4.618768	2.792837
4.639296	2.497039
4.659824	2.201242
4.680352	1.905445
4.700880	1.609647
4.721408	1.313850
4.741935	1.210600
4.762463	1.107350
4.782991	1.004100
4.803519	0.900850
4.824047	0.797601
4.844575	0.694351
4.865103	0.591101
4.885630	0.487851
4.906158	0.384601
4.926686	0.281351
4.947214	0.285574
4.967742	0.289796
4.988270	0.294019
5.008798	0.298242
5.029326	0.302464
5.049853	0.306687
5.070381	0.310910
5.090909	0.315132
5.111437	0.319355
5.131965	0.323578
5.152493	0.303221
5.173021	0.282865
5.193548	0.262509
5.214076	0.242152
5.234604	0.221796
5.255132	0.201440
5.275660	0.181084
5.296188	0.160727
5.316716	0.140371
5.337243	0.120015
5.357771	0.112607
5.378299	0.105199
5.398827	0.097791
5.419355	0.090384
5.439883	0.082976
5.460411	0.075568
5.480938	0.068161
5.501466	0.060753
5.521994	0.053345
5.542522	0.045938
5.563050	0.044768
5.583578	0.043599
5.604106	0.042430
5.624633	0.041261
5.645161	0.040092
5.665689	0.038923
5.686217	0.037754
5.706745	0.036585
5.727273	0.035415
5.747801	0.034246
5.768328	0.035985
5.788856	0.037724
5.809384	0.039462
5.829912	0.041201
5.850440	0.042940
5.870968	0.044679
5.891496	0.046417
5.912023	0.048156
5.932551	0.049895
5.953079	0.051633
5.973607	0.048326
5.994135	0.045018
6.014663	0.041710
6.035191	0.038403
6.055718	0.035095
6.076246	0.031787
6.096774	0.028479
6.117302	0.025172
6.137830	0.021864
6.158358	0.018556
6.178886	0.018790
6.199413	0.019024
6.219941	0.019258
6.240469	0.019492
6.260997	0.019726
6.281525	0.019960
6.302053	0.020194
6.322581	0.020428
6.343109	0.020662
6.363636	0.020896
6.384164	0.020509
6.404692	0.020121
6.425220	0.019733
6.445748	0.019346
6.466276	0.018958
6.486804	0.018570
6.507331	0.018183
6.527859	0.017795
6.548387	0.017407
6.568915	0.017020
6.589443	0.017000
6.609971	0.016981
6.630499	0.016961
6.651026	0.016942
6.671554	0.016923
6.692082	0.016903
6.712610	0.016884
6.733138	0.016864
6.753666	0.016845
6.774194	0.016826
6.794721	0.015227
6.815249	0.013629
6.835777	0.012030
6.856305	0.010432
6.876833	0.008833
6.897361	0.007235
6.917889	0.005637
6.938416	0.004038
6.958944	0.002440
6.979472	0.000841
