0.000000	0.000000
0.020528	0.000000
0.041056	0.000000
0.061584	0.000000
0.082111	0.000000
0.102639	0.000000
0.123167	0.000000
0.143695	0.000000
0.164223	0.000000
0.184751	0.000000
0.205279	0.000000
0.225806	0.000000
0.246334	0.000000
0.266862	0.000000
0.287390	0.000000
0.307918	0.000000
0.328446	0.000000
0.348974	0.000000
0.369501	0.000000
0.390029	0.000000
0.410557	0.000000
0.431085	0.000000
0.451613	0.000000
0.472141	0.000000
0.492669	0.000000
0.513196	0.000000
0.533724	0.000000
0.554252	0.000000
0.574780	0.000000
0.595308	0.000000
0.615836	0.000000
0.636364	0.000000
0.656891	0.000000
0.677419	0.000000
0.697947	0.000000
0.718475	0.000000
0.739003	0.000000
0.759531	0.000000
0.780059	0.000000
0.800587	0.000000
0.821114	0.000000
0.841642	0.000000
0.862170	0.000000
0.882698	0.000000
0.903226	0.000000
0.923754	0.000000
0.944282	0.000000
0.964809	0.000000
0.985337	0.000000
1.005865	0.000000
1.026393	0.000000
1.046921	0.000000
1.067449	0.000000
1.087977	0.000000
1.108504	0.000000
1.129032	0.000000
1.149560	0.000000
1.170088	0.000000
1.190616	0.000000
1.211144	0.000000
1.231672	0.000000
1.252199	0.000000
1.272727	0.000000
1.293255	0.000000
1.313783	0.000000
1.334311	0.000000
1.354839	0.000000
1.375367	0.000000
1.395894	0.000000
1.416422	0.000000
1.436950	0.000000
1.457478	0.000000
1.478006	0.000000
1.498534	0.000000
1.519062	0.000000
1.539589	0.000000
1.560117	0.000000
1.580645	0.000000
1.601173	0.000000
1.621701	0.000000
1.642229	0.000000
1.662757	0.000000
1.683284	0.000000
1.703812	0.000000
1.724340	0.000000
1.744868	0.000000
1.765396	0.000000
1.785924	0.000000
1.806452	0.000000
1.826979	0.000000
1.847507	0.000000
1.868035	0.000000
1.888563	0.000000
1.909091	0.000000
1.929619	0.000000
1.950147	0.000000
1.970674	0.000000
1.991202	0.000000
2.011730	0.000000
2.032258	0.000000
2.052786	0.000000
2.073314	0.016998
2.093842	0.033996
2.114370	0.050993
2.134897	0.067991
2.155425	0.084989
2.175953	0.101987
2.196481	0.118985
2.217009	0.135982
2.237537	0.152980
2.258065	0.169978
2.278592	0.213322
2.299120	0.256667
2.319648	0.300011
2.340176	0.343355
2.360704	0.386700
2.381232	0.430044
2.401760	0.473389
2.422287	0.516733
2.442815	0.560077
2.463343	0.603422
2.483871	3.002278
2.504399	5.401134
2.524927	7.799989
2.545455	10.198845
2.565982	12.597701
2.586510	14.996557
2.607038	17.395413
2.627566	19.794269
2.648094	22.193125
2.668622	24.591981
2.689150	28.102983
2.709677	31.613986
2.730205	35.124988
2.750733	38.635990
2.771261	42.146993
2.791789	45.657995
2.812317	49.168998
2.832845	52.680000
2.853372	56.191002
2.873900	59.702005
2.894428	63.731804
2.914956	67.761604
2.935484	71.791403
2.956012	75.821203
2.976540	79.851002
2.997067	83.880802
3.017595	87.910601
3.038123	91.940401
3.058651	95.970200
3.079179	100.000000
3.099707	98.127759
3.120235	96.255519
3.140762	94.383278
3.161290	92.511037
3.181818	90.638797
3.202346	88.766556
3.222874	86.894315
3.243402	85.022074
3.263930	83.149834
3.284457	81.277593
3.304985	78.188120
3.325513	75.098647
3.346041	72.009174
3.366569	68.919701
3.387097	65.830228
3.407625	62.740756
3.428152	59.651283
3.448680	56.561810
3.469208	53.472337
3.489736	50.382864
3.510264	48.571105
3.530792	46.759347
3.551320	44.947589
3.571848	43.135830
3.592375	41.324072
3.612903	39.512313
3.633431	37.700555
3.653959	35.888797
3.674487	34.077038
3.695015	32.265280
3.715543	30.606646
3.736070	28.948011
3.756598	27.289377
3.777126	25.630743
3.797654	23.972108
3.818182	22.313474
3.838710	20.654840
3.859238	18.996206
3.879765	17.337571
3.900293	15.678937
3.920821	14.996833
3.941349	14.314729
3.961877	13.632625
3.982405	12.950522
4.002933	12.268418
4.023460	11.586314
4.043988	10.904210
4.064516	10.222106
4.085044	9.540002
4.105572	8.857898
4.126100	8.789797
4.146628	8.721697
4.167155	8.653596
4.187683	8.585495
4.208211	8.517394
4.228739	8.449294
4.249267	8.381193
4.269795	8.313092
4.290323	8.244991
4.310850	8.176890
4.331378	7.519070
4.351906	6.861250
4.372434	6.203430
4.392962	5.545610
4.413490	4.887790
4.434018	4.229970
4.454545	3.572150
4.475073	2.914330
4.495601	2.256510
4.516129	1.598690
4.536657	1.646538
4.557185	1.694387
4.577713	1.742236
4.598240	1.790084
4.618768	1.837933
4.639296	1.885781
4.659824	1.933630
4.680352	1.981478
4.700880	2.029327
4.721408	2.077175
4.741935	1.879843
4.762463	1.682512
4.782991	1.485180
4.803519	1.287849
4.824047	1.090517
4.844575	0.893185
4.865103	0.695854
4.885630	0.498522
4.906158	0.301190
4.926686	0.103859
4.947214	0.106741
4.967742	0.109622
4.988270	0.112504
5.008798	0.115386
5.029326	0.118268
5.049853	0.121149
5.070381	0.124031
5.090909	0.126913
5.111437	0.129795
5.131965	0.132676
5.152493	0.145569
5.173021	0.158461
5.193548	0.171354
5.214076	0.184246
5.234604	0.197139
5.255132	0.210031
5.275660	0.222923
5.296188	0.235816
5.316716	0.248708
5.337243	0.261601
5.357771	0.321738
5.378299	0.381874
5.398827	0.442011
5.419355	0.502148
5.439883	0.562285
5.460411	0.622422
5.480938	0.682559
5.501466	0.742696
5.521994	0.802833
5.542522	0.862970
5.563050	0.844729
5.583578	0.826489
5.604106	0.808248
5.624633	0.790008
5.645161	0.771768
5.665689	0.753527
5.686217	0.735287
5.706745	0.717046
5.727273	0.698806
5.747801	0.680566
5.768328	0.683903
5.788856	0.687241
5.809384	0.690578
5.829912	0.693915
5.850440	0.697253
5.870968	0.700590
5.891496	0.703928
5.912023	0.707265
5.932551	0.710603
5.953079	0.713940
5.973607	0.714107
5.994135	0.714274
6.014663	0.714441
6.035191	0.714607
6.055718	0.714774
6.076246	0.714941
6.096774	0.715108
6.117302	0.715275
6.137830	0.715442
6.158358	0.715609
6.178886	0.715617
6.199413	0.715625
6.219941	0.715634
6.240469	0.715642
6.260997	0.715650
6.281525	0.715659
6.302053	0.715667
6.322581	0.715675
6.343109	0.715684
6.363636	0.715692
6.384164	0.668949
6.404692	0.622205
6.425220	0.575462
6.445748	0.528718
6.466276	0.481975
6.486804	0.435231
6.507331	0.388488
6.527859	0.341744
6.548387	0.295001
6.568915	0.248257
6.589443	0.279915
6.609971	0.311574
6.630499	0.343232
6.651026	0.374891
6.671554	0.406549
6.692082	0.438207
6.712610	0.469866
6.733138	0.501524
6.753666	0.533183
6.774194	0.564841
6.794721	0.515431
6.815249	0.466020
6.835777	0.416610
6.856305	0.367199
6.876833	0.317789
6.897361	0.268378
6.917889	0.218968
6.938416	0.169557
6.958944	0.120147
6.979472	0.070737
