0.000000	0.000000
0.020528	0.000000
0.041056	0.000000
0.061584	0.000000
0.082111	0.000000
0.102639	0.000000
0.123167	0.000000
0.143695	0.000000
0.164223	0.000000
0.184751	0.000000
0.205279	0.000000
0.225806	0.000000
0.246334	0.000000
0.266862	0.000000
0.287390	0.000000
0.307918	0.000000
0.328446	0.000000
0.348974	0.000000
0.369501	0.000000
0.390029	0.000000
0.410557	0.000000
0.431085	0.000000
0.451613	0.000000
0.472141	0.000000
0.492669	0.000000
0.513196	0.000000
0.533724	0.000000
0.554252	0.000000
0.574780	0.000000
0.595308	0.000000
0.615836	0.000000
0.636364	0.000000
0.656891	0.000000
0.677419	0.000000
0.697947	0.000000
0.718475	0.000000
0.739003	0.000000
0.759531	0.000000
0.780059	0.000000
0.800587	0.000000
0.821114	0.000000
0.841642	0.000000
0.862170	0.000000
0.882698	0.000000
0.903226	0.000000
0.923754	0.000000
0.944282	0.000000
0.964809	0.000000
0.985337	0.000000
1.005865	0.000000
1.026393	0.000000
1.046921	0.000000
1.067449	0.000000
1.087977	0.000000
1.108504	0.000000
1.129032	0.000000
1.149560	0.000000
1.170088	0.000000
1.190616	0.000000
1.211144	0.000000
1.231672	0.000000
1.252199	0.000000
1.272727	0.000000
1.293255	0.000000
1.313783	0.000000
1.334311	0.000000
1.354839	0.000000
1.375367	0.000000
1.395894	0.000000
1.416422	0.000000
1.436950	0.000000
1.457478	0.000000
1.478006	0.000000
1.498534	0.000000
1.519062	0.000000
1.539589	0.000000
1.560117	0.000000
1.580645	0.000000
1.601173	0.000000
1.621701	0.000000
1.642229	0.000000
1.662757	0.000000
1.683284	0.000000
1.703812	0.000000
1.724340	0.000000
1.744868	0.000000
1.765396	0.000000
1.785924	0.000000
1.806452	0.000000
1.826979	0.000000
1.847507	0.000000
1.868035	0.000000
1.888563	0.000000
1.909091	0.000000
1.929619	0.000000
1.950147	0.000000
1.970674	0.000000
1.991202	0.000000
2.011730	0.000000
2.032258	0.000000
2.052786	0.000000
2.073314	0.000000
2.093842	0.000000
2.114370	0.000000
2.134897	0.000000
2.155425	0.000000
2.175953	0.000000
2.196481	0.000000
2.217009	0.000000
2.237537	0.000000
2.258065	0.000000
2.278592	0.000000
2.299120	0.000000
2.319648	0.000000
2.340176	0.000000
2.360704	0.000000
2.381232	0.000000
2.401760	0.000000
2.422287	0.000000
2.442815	0.000000
2.463343	0.000000
2.483871	0.749225
2.504399	1.498450
2.524927	2.247675
2.545455	2.996900
2.565982	3.746125
2.586510	4.495350
2.607038	5.244575
2.627566	5.993800
2.648094	6.743025
2.668622	7.492250
2.689150	9.502671
2.709677	11.513091
2.730205	13.523512
2.750733	15.533932
2.771261	17.544353
2.791789	19.554773
2.812317	21.565194
2.832845	23.575614
2.853372	25.586034
2.873900	27.596455
2.894428	32.785463
2.914956	37.974470
2.935484	43.163478
2.956012	48.352485
2.976540	53.541493
2.997067	58.730501
3.017595	63.919508
3.038123	69.108516
3.058651	74.297523
3.079179	79.486531
3.099707	81.537878
3.120235	83.589225
3.140762	85.640572
3.161290	87.691919
3.181818	89.743266
3.202346	91.794612
3.222874	93.845959
3.243402	95.897306
3.263930	97.948653
3.284457	100.000000
3.304985	94.545815
3.325513	89.091630
3.346041	83.637445
3.366569	78.183260
3.387097	72.729076
3.407625	67.274891
3.428152	61.820706
3.448680	56.366521
3.469208	50.912336
3.489736	45.458151
3.510264	43.811863
3.530792	42.165574
3.551320	40.519286
3.571848	38.872997
3.592375	37.226709
3.612903	35.580420
3.633431	33.934132
3.653959	32.287844
3.674487	30.641555
3.695015	28.995267
3.715543	27.895255
3.736070	26.795243
3.756598	25.695231
3.777126	24.595220
3.797654	23.495208
3.818182	22.395196
3.838710	21.295184
3.859238	20.195173
3.879765	19.095161
3.900293	17.995149
3.920821	16.547839
3.941349	15.100528
3.961877	13.653218
3.982405	12.205908
4.002933	10.758597
4.023460	9.311287
4.043988	7.863976
4.064516	6.416666
4.085044	4.969355
4.105572	3.522045
4.126100	3.499628
4.146628	3.477211
4.167155	3.454793
4.187683	3.432376
4.208211	3.409959
4.228739	3.387542
4.249267	3.365125
4.269795	3.342708
4.290323	3.320290
4.310850	3.297873
4.331378	3.134420
4.351906	2.970967
4.372434	2.807514
4.392962	2.644061
4.413490	2.480608
4.434018	2.317155
4.454545	2.153703
4.475073	1.990250
4.495601	1.826797
4.516129	1.663344
4.536657	1.580249
4.557185	1.497153
4.577713	1.414058
4.598240	1.330963
4.618768	1.247868
4.639296	1.164773
4.659824	1.081678
4.680352	0.998583
4.700880	0.915487
4.721408	0.832392
4.741935	0.753315
4.762463	0.674238
4.782991	0.595160
4.803519	0.516083
4.824047	0.437006
4.844575	0.357929
4.865103	0.278851
4.885630	0.199774
4.906158	0.120697
4.926686	0.041620
4.947214	0.037666
4.967742	0.033712
4.988270	0.029758
5.008798	0.025804
5.029326	0.021850
5.049853	0.017896
5.070381	0.013943
5.090909	0.009989
5.111437	0.006035
5.131965	0.002081
5.152493	0.083049
5.173021	0.164018
5.193548	0.244986
5.214076	0.325954
5.234604	0.406923
5.255132	0.487891
5.275660	0.568859
5.296188	0.649828
5.316716	0.730796
5.337243	0.811764
5.357771	0.822056
5.378299	0.832348
5.398827	0.842640
5.419355	0.852932
5.439883	0.863224
5.460411	0.873516
5.480938	0.883808
5.501466	0.894100
5.521994	0.904392
5.542522	0.914684
5.563050	0.952660
5.583578	0.990636
5.604106	1.028612
5.624633	1.066587
5.645161	1.104563
5.665689	1.142539
5.686217	1.180515
5.706745	1.218491
5.727273	1.256467
5.747801	1.294443
5.768328	1.252637
5.788856	1.210831
5.809384	1.169025
5.829912	1.127219
5.850440	1.085413
5.870968	1.043607
5.891496	1.001801
5.912023	0.959995
5.932551	0.918189
5.953079	0.876383
5.973607	0.905510
5.994135	0.934637
6.014663	0.963765
6.035191	0.992892
6.055718	1.022020
6.076246	1.051147
6.096774	1.080274
6.117302	1.109402
6.137830	1.138529
6.158358	1.167657
6.178886	1.144139
6.199413	1.120621
6.219941	1.097103
6.240469	1.073585
6.260997	1.050068
6.281525	1.026550
6.302053	1.003032
6.322581	0.979514
6.343109	0.955996
6.363636	0.932479
6.384164	0.875111
6.404692	0.817743
6.425220	0.760375
6.445748	0.703008
6.466276	0.645640
6.486804	0.588272
6.507331	0.530904
6.527859	0.473537
6.548387	0.416169
6.568915	0.358801
6.589443	0.355933
6.609971	0.353064
6.630499	0.350196
6.651026	0.347327
6.671554	0.344459
6.692082	0.341591
6.712610	0.338722
6.733138	0.335854
6.753666	0.332986
6.774194	0.330117
6.794721	0.305000
6.815249	0.279882
6.835777	0.254764
6.856305	0.229647
6.876833	0.204529
6.897361	0.179412
6.917889	0.154294
6.938416	0.129176
6.958944	0.104059
6.979472	0.078941
