0.000000	0.000000
0.020528	0.000000
0.041056	0.000000
0.061584	0.000000
0.082111	0.000000
0.102639	0.000000
0.123167	0.000000
0.143695	0.000000
0.164223	0.000000
0.184751	0.000000
0.205279	0.000000
0.225806	0.000000
0.246334	0.000000
0.266862	0.000000
0.287390	0.000000
0.307918	0.000000
0.328446	0.000000
0.348974	0.000000
0.369501	0.000000
0.390029	0.000000
0.410557	0.000000
0.431085	0.000000
0.451613	0.000000
0.472141	0.000000
0.492669	0.000000
0.513196	0.000000
0.533724	0.000000
0.554252	0.000000
0.574780	0.000000
0.595308	0.000000
0.615836	0.000000
0.636364	0.000000
0.656891	0.000000
0.677419	0.000000
0.697947	0.000000
0.718475	0.000000
0.739003	0.000000
0.759531	0.000000
0.780059	0.000000
0.800587	0.000000
0.821114	0.000000
0.841642	0.000000
0.862170	0.000000
0.882698	0.000000
0.903226	0.000000
0.923754	0.000000
0.944282	0.000000
0.964809	0.000000
0.985337	0.000000
1.005865	0.000000
1.026393	0.000000
1.046921	0.000000
1.067449	0.000000
1.087977	0.000000
1.108504	0.000000
1.129032	0.000000
1.149560	0.000000
1.170088	0.000000
1.190616	0.000000
1.211144	0.000000
1.231672	0.000000
1.252199	0.000000
1.272727	0.000000
1.293255	0.000000
1.313783	0.000000
1.334311	0.000000
1.354839	0.000000
1.375367	0.000000
1.395894	0.000000
1.416422	0.000000
1.436950	0.000000
1.457478	0.000000
1.478006	0.000000
1.498534	0.000000
1.519062	0.000000
1.539589	0.000000
1.560117	0.000000
1.580645	0.000000
1.601173	0.000000
1.621701	0.000000
1.642229	0.000000
1.662757	0.000000
1.683284	0.000000
1.703812	0.000000
1.724340	0.000000
1.744868	0.000000
1.765396	0.000000
1.785924	0.000000
1.806452	0.000000
1.826979	0.000000
1.847507	0.000000
1.868035	0.000000
1.888563	0.000000
1.909091	0.000000
1.929619	0.000000
1.950147	0.000000
1.970674	0.000000
1.991202	0.000000
2.011730	0.000000
2.032258	0.000000
2.052786	0.000000
2.073314	0.000000
2.093842	0.000000
2.114370	0.000000
2.134897	0.000000
2.155425	0.000000
2.175953	0.000000
2.196481	0.000000
2.217009	0.000000
2.237537	0.000000
2.258065	0.000000
2.278592	0.000000
2.299120	0.000000
2.319648	0.000000
2.340176	0.000000
2.360704	0.000000
2.381232	0.000000
2.401760	0.000000
2.422287	0.000000
2.442815	0.000000
2.463343	0.000000
2.483871	0.000000
2.504399	0.000000
2.524927	0.000000
2.545455	0.000000
2.565982	0.000000
2.586510	0.000000
2.607038	0.000000
2.627566	0.000000
2.648094	0.000000
2.668622	0.000000
2.689150	0.270174
2.709677	0.540347
2.730205	0.810521
2.750733	1.080694
2.771261	1.350868
2.791789	1.621041
2.812317	1.891215
2.832845	2.161388
2.853372	2.431562
2.873900	2.701735
2.894428	3.863481
2.914956	5.025227
2.935484	6.186974
2.956012	7.348720
2.976540	8.510466
2.997067	9.672212
3.017595	10.833958
3.038123	11.995704
3.058651	13.157450
3.079179	14.319197
3.099707	19.713211
3.120235	25.107225
3.140762	30.501239
3.161290	35.895254
3.181818	41.289268
3.202346	46.683282
3.222874	52.077297
3.243402	57.471311
3.263930	62.865325
3.284457	68.259340
3.304985	71.433406
3.325513	74.607472
3.346041	77.781538
3.366569	80.955604
3.387097	84.129670
3.407625	87.303736
3.428152	90.477802
3.448680	93.651868
3.469208	96.825934
3.489736	100.000000
3.510264	99.866015
3.530792	99.732031
3.551320	99.598046
3.571848	99.464061
3.592375	99.330077
3.612903	99.196092
3.633431	99.062107
3.653959	98.928123
3.674487	98.794138
3.695015	98.660153
3.715543	94.572708
3.736070	90.485263
3.756598	86.397818
3.777126	82.310373
3.797654	78.222928
3.818182	74.135483
3.838710	70.048038
3.859238	65.960592
3.879765	61.873147
3.900293	57.785702
3.920821	54.440563
3.941349	51.095423
3.961877	47.750284
3.982405	44.405145
4.002933	41.060005
4.023460	37.714866
4.043988	34.369726
4.064516	31.024587
4.085044	27.679448
4.105572	24.334308
4.126100	22.596668
4.146628	20.859027
4.167155	19.121387
4.187683	17.383746
4.208211	15.646105
4.228739	13.908465
4.249267	12.170824
4.269795	10.433184
4.290323	8.695543
4.310850	6.957903
4.331378	6.572704
4.351906	6.187505
4.372434	5.802307
4.392962	5.417108
4.413490	5.031910
4.434018	4.646711
4.454545	4.261512
4.475073	3.876314
4.495601	3.491115
4.516129	3.105916
4.536657	3.024742
4.557185	2.943567
4.577713	2.862392
4.598240	2.781218
4.618768	2.700043
4.639296	2.618868
4.659824	2.537694
4.680352	2.456519
4.700880	2.375344
4.721408	2.294170
4.741935	2.143767
4.762463	1.993364
4.782991	1.842961
4.803519	1.692559
4.824047	1.542156
4.844575	1.391753
4.865103	1.241350
4.885630	1.090948
4.906158	0.940545
4.926686	0.790142
4.947214	0.782622
4.967742	0.775102
4.988270	0.767582
5.008798	0.760062
5.029326	0.752542
5.049853	0.745021
5.070381	0.737501
5.090909	0.729981
5.111437	0.722461
5.131965	0.714941
5.152493	0.647022
5.173021	0.579102
5.193548	0.511183
5.214076	0.443263
5.234604	0.375344
5.255132	0.307425
5.275660	0.239505
5.296188	0.171586
5.316716	0.103666
5.337243	0.035747
5.357771	0.032351
5.378299	0.028955
5.398827	0.025559
5.419355	0.022163
5.439883	0.018767
5.460411	0.015371
5.480938	0.011975
5.501466	0.008579
5.521994	0.005183
5.542522	0.001787
5.563050	0.001618
5.583578	0.001448
5.604106	0.001278
5.624633	0.001108
5.645161	0.000938
5.665689	0.000769
5.686217	0.000599
5.706745	0.000429
5.727273	0.000259
5.747801	0.000089
5.768328	0.000081
5.788856	0.000072
5.809384	0.000064
5.829912	0.000055
5.850440	0.000047
5.870968	0.000038
5.891496	0.000030
5.912023	0.000021
5.932551	0.000013
5.953079	0.000004
5.973607	0.033776
5.994135	0.067547
6.014663	0.101318
6.035191	0.135090
6.055718	0.168861
6.076246	0.202632
6.096774	0.236403
6.117302	0.270175
6.137830	0.303946
6.158358	0.337717
6.178886	0.401320
6.199413	0.464924
6.219941	0.528527
6.240469	0.592130
6.260997	0.655734
6.281525	0.719337
6.302053	0.782940
6.322581	0.846544
6.343109	0.910147
6.363636	0.973750
6.384164	1.016331
6.404692	1.058911
6.425220	1.101492
6.445748	1.144072
6.466276	1.186653
6.486804	1.229233
6.507331	1.271814
6.527859	1.314394
6.548387	1.356975
6.568915	1.399555
6.589443	1.418570
6.609971	1.437585
6.630499	1.456600
6.651026	1.475615
6.671554	1.494629
6.692082	1.513644
6.712610	1.532659
6.733138	1.551674
6.753666	1.570689
6.774194	1.589704
6.794721	1.511854
6.815249	1.434004
6.835777	1.356154
6.856305	1.278304
6.876833	1.200454
6.897361	1.122605
6.917889	1.044755
6.938416	0.966905
6.958944	0.889055
6.979472	0.811205
