0.000000	0.000000
0.020528	0.002301
0.041056	0.004601
0.061584	0.006902
0.082111	0.009203
0.102639	0.011503
0.123167	0.013804
0.143695	0.016105
0.164223	0.018405
0.184751	0.020706
0.205279	0.023007
0.225806	0.020821
0.246334	0.018635
0.266862	0.016450
0.287390	0.014264
0.307918	0.012078
0.328446	0.009893
0.348974	0.007707
0.369501	0.005522
0.390029	0.003336
0.410557	0.001150
0.431085	0.001041
0.451613	0.000932
0.472141	0.000822
0.492669	0.000713
0.513196	0.000604
0.533724	0.000495
0.554252	0.000385
0.574780	0.000276
0.595308	0.000167
0.615836	0.000058
0.636364	0.000052
0.656891	0.000047
0.677419	0.000041
0.697947	0.000036
0.718475	0.000030
0.739003	0.000025
0.759531	0.000019
0.780059	0.000014
0.800587	0.000008
0.821114	0.000003
0.841642	0.000003
0.862170	0.000002
0.882698	0.000002
0.903226	0.000002
0.923754	0.000002
0.944282	0.000001
0.964809	0.000001
0.985337	0.000001
1.005865	0.000000
1.026393	0.000000
1.046921	0.000000
1.067449	0.000000
1.087977	0.000000
1.108504	0.000000
1.129032	0.000000
1.149560	0.000000
1.170088	0.000000
1.190616	0.000000
1.211144	0.000000
1.231672	0.000000
1.252199	0.004601
1.272727	0.009203
1.293255	0.013804
1.313783	0.018405
1.334311	0.023007
1.354839	0.027608
1.375367	0.032209
1.395894	0.036810
1.416422	0.041412
1.436950	0.046013
1.457478	0.046243
1.478006	0.046473
1.498534	0.046703
1.519062	0.046933
1.539589	0.047163
1.560117	0.047393
1.580645	0.047624
1.601173	0.047854
1.621701	0.048084
1.642229	0.048314
1.662757	0.046025
1.683284	0.043735
1.703812	0.041446
1.724340	0.039157
1.744868	0.036868
1.765396	0.034579
1.785924	0.032290
1.806452	0.030001
1.826979	0.027711
1.847507	0.025422
1.868035	0.025308
1.888563	0.025193
1.909091	0.025079
1.929619	0.024964
1.950147	0.024850
1.970674	0.024735
1.991202	0.024621
2.011730	0.024507
2.032258	0.024392
2.052786	0.024278
2.073314	0.024272
2.093842	0.024266
2.114370	0.024260
2.134897	0.024255
2.155425	0.024249
2.175953	0.024243
2.196481	0.024238
2.217009	0.024232
2.237537	0.024226
2.258065	0.024220
2.278592	0.026521
2.299120	0.028821
2.319648	0.031122
2.340176	0.033422
2.360704	0.035722
2.381232	0.038023
2.401760	0.040323
2.422287	0.042623
2.442815	0.044924
2.463343	0.047224
2.483871	0.578790
2.504399	1.110357
2.524927	1.641923
2.545455	2.173489
2.565982	2.705055
2.586510	3.236621
2.607038	3.768188
2.627566	4.299754
2.648094	4.831320
2.668622	5.362886
2.689150	6.104968
2.709677	6.847050
2.730205	7.589132
2.750733	8.331214
2.771261	9.073296
2.791789	9.815377
2.812317	10.557459
2.832845	11.299541
2.853372	12.041623
2.873900	12.783705
2.894428	18.480419
2.914956	24.177133
2.935484	29.873848
2.956012	35.570562
2.976540	41.267276
2.997067	46.963990
3.017595	52.660705
3.038123	58.357419
3.058651	64.054133
3.079179	69.750847
3.099707	72.775763
3.120235	75.800678
3.140762	78.825593
3.161290	81.850508
3.181818	84.875424
3.202346	87.900339
3.222874	90.925254
3.243402	93.950169
3.263930	96.975085
3.284457	100.000000
3.304985	94.611270
3.325513	89.222539
3.346041	83.833809
3.366569	78.445079
3.387097	73.056348
3.407625	67.667618
3.428152	62.278888
3.448680	56.890157
3.469208	51.501427
3.489736	46.112696
3.510264	43.503494
3.530792	40.894292
3.551320	38.285090
3.571848	35.675888
3.592375	33.066686
3.612903	30.457483
3.633431	27.848281
3.653959	25.239079
3.674487	22.629877
3.695015	20.020675
3.715543	19.128698
3.736070	18.236721
3.756598	17.344744
3.777126	16.452768
3.797654	15.560791
3.818182	14.668814
3.838710	13.776837
3.859238	12.884861
3.879765	11.992884
3.900293	11.100907
3.920821	10.393720
3.941349	9.686532
3.961877	8.979345
3.982405	8.272158
4.002933	7.564970
4.023460	6.857783
4.043988	6.150596
4.064516	5.443408
4.085044	4.736221
4.105572	4.029034
4.126100	4.140916
4.146628	4.252799
4.167155	4.364681
4.187683	4.476564
4.208211	4.588446
4.228739	4.700329
4.249267	4.812211
4.269795	4.924094
4.290323	5.035976
4.310850	5.147859
4.331378	5.238577
4.351906	5.329296
4.372434	5.420014
4.392962	5.510732
4.413490	5.601451
4.434018	5.692169
4.454545	5.782887
4.475073	5.873606
4.495601	5.964324
4.516129	6.055042
4.536657	5.870925
4.557185	5.686807
4.577713	5.502689
4.598240	5.318571
4.618768	5.134454
4.639296	4.950336
4.659824	4.766218
4.680352	4.582100
4.700880	4.397983
4.721408	4.213865
4.741935	4.218463
4.762463	4.223061
4.782991	4.227659
4.803519	4.232257
4.824047	4.236855
4.844575	4.241453
4.865103	4.246051
4.885630	4.250649
4.906158	4.255247
4.926686	4.259845
4.947214	4.326794
4.967742	4.393743
4.988270	4.460692
5.008798	4.527641
5.029326	4.594590
5.049853	4.661539
5.070381	4.728487
5.090909	4.795436
5.111437	4.862385
5.131965	4.929334
5.152493	4.787740
5.173021	4.646146
5.193548	4.504553
5.214076	4.362959
5.234604	4.221365
5.255132	4.079771
5.275660	3.938178
5.296188	3.796584
5.316716	3.654990
5.337243	3.513396
5.357771	3.667362
5.378299	3.821328
5.398827	3.975295
5.419355	4.129261
5.439883	4.283227
5.460411	4.437193
5.480938	4.591159
5.501466	4.745125
5.521994	4.899091
5.542522	5.053057
5.563050	4.747867
5.583578	4.442676
5.604106	4.137485
5.624633	3.832295
5.645161	3.527104
5.665689	3.221913
5.686217	2.916722
5.706745	2.611532
5.727273	2.306341
5.747801	2.001150
5.768328	1.866257
5.788856	1.731363
5.809384	1.596470
5.829912	1.461576
5.850440	1.326682
5.870968	1.191789
5.891496	1.056895
5.912023	0.922002
5.932551	0.787108
5.953079	0.652215
5.973607	0.707588
5.994135	0.762961
6.014663	0.818334
6.035191	0.873707
6.055718	0.929080
6.076246	0.984453
6.096774	1.039826
6.117302	1.095199
6.137830	1.150572
6.158358	1.205945
6.178886	1.135092
6.199413	1.064240
6.219941	0.993388
6.240469	0.922535
6.260997	0.851683
6.281525	0.780831
6.302053	0.709978
6.322581	0.639126
6.343109	0.568274
6.363636	0.497422
6.384164	0.493879
6.404692	0.490336
6.425220	0.486794
6.445748	0.483251
6.466276	0.479709
6.486804	0.476166
6.507331	0.472623
6.527859	0.469081
6.548387	0.465538
6.568915	0.461995
6.589443	0.420407
6.609971	0.378818
6.630499	0.337229
6.651026	0.295640
6.671554	0.254051
6.692082	0.212462
6.712610	0.170873
6.733138	0.129284
6.753666	0.087695
6.774194	0.046106
6.794721	0.050929
6.815249	0.055751
6.835777	0.060574
6.856305	0.065396
6.876833	0.070219
6.897361	0.075041
6.917889	0.079864
6.938416	0.084686
6.958944	0.089509
6.979472	0.094331
