0.000000	0.000000
0.020528	0.000000
0.041056	0.000000
0.061584	0.000000
0.082111	0.000000
0.102639	0.000000
0.123167	0.000000
0.143695	0.000000
0.164223	0.000000
0.184751	0.000000
0.205279	0.000000
0.225806	0.000000
0.246334	0.000000
0.266862	0.000000
0.287390	0.000000
0.307918	0.000000
0.328446	0.000000
0.348974	0.000000
0.369501	0.000000
0.390029	0.000000
0.410557	0.000000
0.431085	0.000000
0.451613	0.000000
0.472141	0.000000
0.492669	0.000000
0.513196	0.000000
0.533724	0.000000
0.554252	0.000000
0.574780	0.000000
0.595308	0.000000
0.615836	0.000000
0.636364	0.000000
0.656891	0.000000
0.677419	0.000000
0.697947	0.000000
0.718475	0.000000
0.739003	0.000000
0.759531	0.000000
0.780059	0.000000
0.800587	0.000000
0.821114	0.000000
0.841642	0.000000
0.862170	0.000000
0.882698	0.000000
0.903226	0.000000
0.923754	0.000000
0.944282	0.000000
0.964809	0.000000
0.985337	0.000000
1.005865	0.000000
1.026393	0.000000
1.046921	0.000000
1.067449	0.000000
1.087977	0.000000
1.108504	0.000000
1.129032	0.000000
1.149560	0.000000
1.170088	0.000000
1.190616	0.000000
1.211144	0.000000
1.231672	0.000000
1.252199	0.000000
1.272727	0.000000
1.293255	0.000000
1.313783	0.000000
1.334311	0.000000
1.354839	0.000000
1.375367	0.000000
1.395894	0.000000
1.416422	0.000000
1.436950	0.000000
1.457478	0.000000
1.478006	0.000000
1.498534	0.000000
1.519062	0.000000
1.539589	0.000000
1.560117	0.000000
1.580645	0.000000
1.601173	0.000000
1.621701	0.000000
1.642229	0.000000
1.662757	0.000000
1.683284	0.000000
1.703812	0.000000
1.724340	0.000000
1.744868	0.000000
1.765396	0.000000
1.785924	0.000000
1.806452	0.000000
1.826979	0.000000
1.847507	0.000000
1.868035	0.000000
1.888563	0.000000
1.909091	0.000000
1.929619	0.000000
1.950147	0.000000
1.970674	0.000000
1.991202	0.000000
2.011730	0.000000
2.032258	0.000000
2.052786	0.000000
2.073314	0.000000
2.093842	0.000000
2.114370	0.000000
2.134897	0.000000
2.155425	0.000000
2.175953	0.000000
2.196481	0.000000
2.217009	0.000000
2.237537	0.000000
2.258065	0.000000
2.278592	0.091263
2.299120	0.182526
2.319648	0.273789
2.340176	0.365053
2.360704	0.456316
2.381232	0.547579
2.401760	0.638842
2.422287	0.730105
2.442815	0.821368
2.463343	0.912631
2.483871	1.464773
2.504399	2.016915
2.524927	2.569057
2.545455	3.121199
2.565982	3.673341
2.586510	4.225483
2.607038	4.777625
2.627566	5.329767
2.648094	5.881909
2.668622	6.434051
2.689150	9.378275
2.709677	12.322500
2.730205	15.266724
2.750733	18.210949
2.771261	21.155173
2.791789	24.099398
2.812317	27.043622
2.832845	29.987847
2.853372	32.932072
2.873900	35.876296
2.894428	37.670046
2.914956	39.463796
2.935484	41.257547
2.956012	43.051297
2.976540	44.845047
2.997067	46.638797
3.017595	48.432547
3.038123	50.226297
3.058651	52.020048
3.079179	53.813798
3.099707	58.432418
3.120235	63.051038
3.140762	67.669658
3.161290	72.288279
3.181818	76.906899
3.202346	81.525519
3.222874	86.144139
3.243402	90.762760
3.263930	95.381380
3.284457	100.000000
3.304985	95.264696
3.325513	90.529392
3.346041	85.794087
3.366569	81.058783
3.387097	76.323479
3.407625	71.588175
3.428152	66.852871
3.448680	62.117566
3.469208	57.382262
3.489736	52.646958
3.510264	49.660891
3.530792	46.674824
3.551320	43.688757
3.571848	40.702690
3.592375	37.716623
3.612903	34.730556
3.633431	31.744489
3.653959	28.758423
3.674487	25.772356
3.695015	22.786289
3.715543	21.636894
3.736070	20.487498
3.756598	19.338103
3.777126	18.188708
3.797654	17.039313
3.818182	15.889918
3.838710	14.740523
3.859238	13.591128
3.879765	12.441733
3.900293	11.292337
3.920821	10.911644
3.941349	10.530951
3.961877	10.150257
3.982405	9.769564
4.002933	9.388871
4.023460	9.008177
4.043988	8.627484
4.064516	8.246791
4.085044	7.866097
4.105572	7.485404
4.126100	7.139343
4.146628	6.793282
4.167155	6.447221
4.187683	6.101161
4.208211	5.755100
4.228739	5.409039
4.249267	5.062978
4.269795	4.716917
4.290323	4.370856
4.310850	4.024795
4.331378	4.809847
4.351906	5.594899
4.372434	6.379951
4.392962	7.165003
4.413490	7.950055
4.434018	8.735107
4.454545	9.520159
4.475073	10.305211
4.495601	11.090263
4.516129	11.875315
4.536657	10.853634
4.557185	9.831952
4.577713	8.810271
4.598240	7.788590
4.618768	6.766909
4.639296	5.745227
4.659824	4.723546
4.680352	3.701865
4.700880	2.680183
4.721408	1.658502
4.741935	1.546576
4.762463	1.434650
4.782991	1.322724
4.803519	1.210798
4.824047	1.098871
4.844575	0.986945
4.865103	0.875019
4.885630	0.763093
4.906158	0.651167
4.926686	0.539241
4.947214	0.488013
4.967742	0.436785
4.988270	0.385557
5.008798	0.334329
5.029326	0.283101
5.049853	0.231874
5.070381	0.180646
5.090909	0.129418
5.111437	0.078190
5.131965	0.026962
5.152493	0.024401
5.173021	0.021839
5.193548	0.019278
5.214076	0.016716
5.234604	0.014155
5.255132	0.011594
5.275660	0.009032
5.296188	0.006471
5.316716	0.003909
5.337243	0.001348
5.357771	0.050654
5.378299	0.099960
5.398827	0.149266
5.419355	0.198573
5.439883	0.247879
5.460411	0.297185
5.480938	0.346491
5.501466	0.395797
5.521994	0.445103
5.542522	0.494409
5.563050	0.519690
5.583578	0.544972
5.604106	0.570253
5.624633	0.595534
5.645161	0.620815
5.665689	0.646096
5.686217	0.671377
5.706745	0.696658
5.727273	0.721939
5.747801	0.747220
5.768328	0.714261
5.788856	0.681301
5.809384	0.648341
5.829912	0.615382
5.850440	0.582422
5.870968	0.549463
5.891496	0.516503
5.912023	0.483543
5.932551	0.450584
5.953079	0.417624
5.973607	0.461608
5.994135	0.505591
6.014663	0.549575
6.035191	0.593558
6.055718	0.637542
6.076246	0.681526
6.096774	0.725509
6.117302	0.769493
6.137830	0.813476
6.158358	0.857460
6.178886	0.844449
6.199413	0.831437
6.219941	0.818426
6.240469	0.805415
6.260997	0.792403
6.281525	0.779392
6.302053	0.766380
6.322581	0.753369
6.343109	0.740358
6.363636	0.727346
6.384164	0.677262
6.404692	0.627177
6.425220	0.577092
6.445748	0.527007
6.466276	0.476923
6.486804	0.426838
6.507331	0.376753
6.527859	0.326668
6.548387	0.276584
6.568915	0.226499
6.589443	0.216389
6.609971	0.206280
6.630499	0.196170
6.651026	0.186061
6.671554	0.175951
6.692082	0.165842
6.712610	0.155732
6.733138	0.145623
6.753666	0.135513
6.774194	0.125404
6.794721	0.121096
6.815249	0.116788
6.835777	0.112480
6.856305	0.108171
6.876833	0.103863
6.897361	0.099555
6.917889	0.095247
6.938416	0.090939
6.958944	0.086631
6.979472	0.082323
