0.000000	0.000000
0.020528	0.000000
0.041056	0.000000
0.061584	0.000000
0.082111	0.000000
0.102639	0.000000
0.123167	0.000000
0.143695	0.000000
0.164223	0.000000
0.184751	0.000000
0.205279	0.000000
0.225806	0.000000
0.246334	0.000000
0.266862	0.000000
0.287390	0.000000
0.307918	0.000000
0.328446	0.000000
0.348974	0.000000
0.369501	0.000000
0.390029	0.000000
0.410557	0.000000
0.431085	0.000000
0.451613	0.000000
0.472141	0.000000
0.492669	0.000000
0.513196	0.000000
0.533724	0.000000
0.554252	0.000000
0.574780	0.000000
0.595308	0.000000
0.615836	0.000000
0.636364	0.000000
0.656891	0.000000
0.677419	0.000000
0.697947	0.000000
0.718475	0.000000
0.739003	0.000000
0.759531	0.000000
0.780059	0.000000
0.800587	0.000000
0.821114	0.000000
0.841642	0.000000
0.862170	0.000000
0.882698	0.000000
0.903226	0.000000
0.923754	0.000000
0.944282	0.000000
0.964809	0.000000
0.985337	0.000000
1.005865	0.000000
1.026393	0.000000
1.046921	0.000000
1.067449	0.000000
1.087977	0.000000
1.108504	0.000000
1.129032	0.000000
1.149560	0.000000
1.170088	0.000000
1.190616	0.000000
1.211144	0.000000
1.231672	0.000000
1.252199	0.000000
1.272727	0.000000
1.293255	0.000000
1.313783	0.000000
1.334311	0.000000
1.354839	0.000000
1.375367	0.000000
1.395894	0.000000
1.416422	0.000000
1.436950	0.000000
1.457478	0.000000
1.478006	0.000000
1.498534	0.000000
1.519062	0.000000
1.539589	0.000000
1.560117	0.000000
1.580645	0.000000
1.601173	0.000000
1.621701	0.000000
1.642229	0.000000
1.662757	0.000000
1.683284	0.000000
1.703812	0.000000
1.724340	0.000000
1.744868	0.000000
1.765396	0.000000
1.785924	0.000000
1.806452	0.000000
1.826979	0.000000
1.847507	0.000000
1.868035	0.000000
1.888563	0.000000
1.909091	0.000000
1.929619	0.000000
1.950147	0.000000
1.970674	0.000000
1.991202	0.000000
2.011730	0.000000
2.032258	0.000000
2.052786	0.000000
2.073314	0.000000
2.093842	0.000000
2.114370	0.000000
2.134897	0.000000
2.155425	0.000000
2.175953	0.000000
2.196481	0.000000
2.217009	0.000000
2.237537	0.000000
2.258065	0.000000
2.278592	0.613624
2.299120	1.227247
2.319648	1.840871
2.340176	2.454494
2.360704	3.068118
2.381232	3.681741
2.401760	4.295365
2.422287	4.908989
2.442815	5.522612
2.463343	6.136236
2.483871	7.723703
2.504399	9.311170
2.524927	10.898637
2.545455	12.486104
2.565982	14.073570
2.586510	15.661037
2.607038	17.248504
2.627566	18.835971
2.648094	20.423438
2.668622	22.010905
2.689150	29.809815
2.709677	37.608724
2.730205	45.407634
2.750733	53.206543
2.771261	61.005453
2.791789	68.804362
2.812317	76.603272
2.832845	84.402181
2.853372	92.201091
2.873900	100.000000
2.894428	93.231004
2.914956	86.462007
2.935484	79.693011
2.956012	72.924015
2.976540	66.155019
2.997067	59.386022
3.017595	52.617026
3.038123	45.848030
3.058651	39.079033
3.079179	32.310037
3.099707	30.971608
3.120235	29.633179
3.140762	28.294750
3.161290	26.956321
3.181818	25.617892
3.202346	24.279463
3.222874	22.941034
3.243402	21.602605
3.263930	20.264176
3.284457	18.925747
3.304985	18.673224
3.325513	18.420700
3.346041	18.168176
3.366569	17.915653
3.387097	17.663129
3.407625	17.410605
3.428152	17.158082
3.448680	16.905558
3.469208	16.653034
3.489736	16.400511
3.510264	15.376542
3.530792	14.352573
3.551320	13.328605
3.571848	12.304636
3.592375	11.280667
3.612903	10.256698
3.633431	9.232730
3.653959	8.208761
3.674487	7.184792
3.695015	6.160823
3.715543	5.711906
3.736070	5.262989
3.756598	4.814071
3.777126	4.365154
3.797654	3.916236
3.818182	3.467319
3.838710	3.018401
3.859238	2.569484
3.879765	2.120567
3.900293	1.671649
3.920821	1.664354
3.941349	1.657060
3.961877	1.649765
3.982405	1.642470
4.002933	1.635176
4.023460	1.627881
4.043988	1.620586
4.064516	1.613292
4.085044	1.605997
4.105572	1.598702
4.126100	1.469552
4.146628	1.340403
4.167155	1.211253
4.187683	1.082103
4.208211	0.952953
4.228739	0.823803
4.249267	0.694653
4.269795	0.565503
4.290323	0.436353
4.310850	0.307203
4.331378	0.278019
4.351906	0.248835
4.372434	0.219650
4.392962	0.190466
4.413490	0.161282
4.434018	0.132097
4.454545	0.102913
4.475073	0.073729
4.495601	0.044544
4.516129	0.015360
4.536657	0.013901
4.557185	0.012442
4.577713	0.010983
4.598240	0.009523
4.618768	0.008064
4.639296	0.006605
4.659824	0.005146
4.680352	0.003686
4.700880	0.002227
4.721408	0.000768
4.741935	0.038573
4.762463	0.076378
4.782991	0.114183
4.803519	0.151988
4.824047	0.189793
4.844575	0.227598
4.865103	0.265403
4.885630	0.303208
4.906158	0.341013
4.926686	0.378818
4.947214	0.437526
4.967742	0.496233
4.988270	0.554940
5.008798	0.613647
5.029326	0.672355
5.049853	0.731062
5.070381	0.789769
5.090909	0.848476
5.111437	0.907184
5.131965	0.965891
5.152493	0.968826
5.173021	0.971762
5.193548	0.974697
5.214076	0.977632
5.234604	0.980568
5.255132	0.983503
5.275660	0.986438
5.296188	0.989374
5.316716	0.992309
5.337243	0.995245
5.357771	0.934786
5.378299	0.874328
5.398827	0.813870
5.419355	0.753412
5.439883	0.692954
5.460411	0.632496
5.480938	0.572038
5.501466	0.511580
5.521994	0.451122
5.542522	0.390664
5.563050	0.467185
5.583578	0.543706
5.604106	0.620227
5.624633	0.696748
5.645161	0.773269
5.665689	0.849790
5.686217	0.926310
5.706745	1.002831
5.727273	1.079352
5.747801	1.155873
5.768328	1.087731
5.788856	1.019589
5.809384	0.951447
5.829912	0.883305
5.850440	0.815162
5.870968	0.747020
5.891496	0.678878
5.912023	0.610736
5.932551	0.542594
5.953079	0.474452
5.973607	0.440742
5.994135	0.407033
6.014663	0.373323
6.035191	0.339614
6.055718	0.305904
6.076246	0.272195
6.096774	0.238485
6.117302	0.204776
6.137830	0.171066
6.158358	0.137357
6.178886	0.128096
6.199413	0.118834
6.219941	0.109573
6.240469	0.100312
6.260997	0.091051
6.281525	0.081790
6.302053	0.072529
6.322581	0.063268
6.343109	0.054007
6.363636	0.044746
6.384164	0.044283
6.404692	0.043820
6.425220	0.043357
6.445748	0.042894
6.466276	0.042431
6.486804	0.041968
6.507331	0.041504
6.527859	0.041041
6.548387	0.040578
6.568915	0.040115
6.589443	0.036304
6.609971	0.032493
6.630499	0.028682
6.651026	0.024871
6.671554	0.021061
6.692082	0.017250
6.712610	0.013439
6.733138	0.009628
6.753666	0.005817
6.774194	0.002006
6.794721	0.005603
6.815249	0.009200
6.835777	0.012798
6.856305	0.016395
6.876833	0.019992
6.897361	0.023589
6.917889	0.027187
6.938416	0.030784
6.958944	0.034381
6.979472	0.037978
