0.000000	0.000000
0.020528	0.000000
0.041056	0.000000
0.061584	0.000000
0.082111	0.000000
0.102639	0.000000
0.123167	0.000000
0.143695	0.000000
0.164223	0.000000
0.184751	0.000000
0.205279	0.000000
0.225806	0.000000
0.246334	0.000000
0.266862	0.000000
0.287390	0.000000
0.307918	0.000000
0.328446	0.000000
0.348974	0.000000
0.369501	0.000000
0.390029	0.000000
0.410557	0.000000
0.431085	0.000000
0.451613	0.000000
0.472141	0.000000
0.492669	0.000000
0.513196	0.000000
0.533724	0.000000
0.554252	0.000000
0.574780	0.000000
0.595308	0.000000
0.615836	0.000000
0.636364	0.000000
0.656891	0.000000
0.677419	0.000000
0.697947	0.000000
0.718475	0.000000
0.739003	0.000000
0.759531	0.000000
0.780059	0.000000
0.800587	0.000000
0.821114	0.000000
0.841642	0.000000
0.862170	0.000000
0.882698	0.000000
0.903226	0.000000
0.923754	0.000000
0.944282	0.000000
0.964809	0.000000
0.985337	0.000000
1.005865	0.000000
1.026393	0.000000
1.046921	0.000000
1.067449	0.000000
1.087977	0.000000
1.108504	0.000000
1.129032	0.000000
1.149560	0.000000
1.170088	0.000000
1.190616	0.000000
1.211144	0.000000
1.231672	0.000000
1.252199	0.000000
1.272727	0.000000
1.293255	0.000000
1.313783	0.000000
1.334311	0.000000
1.354839	0.000000
1.375367	0.000000
1.395894	0.000000
1.416422	0.000000
1.436950	0.000000
1.457478	0.000000
1.478006	0.000000
1.498534	0.000000
1.519062	0.000000
1.539589	0.000000
1.560117	0.000000
1.580645	0.000000
1.601173	0.000000
1.621701	0.000000
1.642229	0.000000
1.662757	0.000000
1.683284	0.000000
1.703812	0.000000
1.724340	0.000000
1.744868	0.000000
1.765396	0.000000
1.785924	0.000000
1.806452	0.000000
1.826979	0.000000
1.847507	0.000000
1.868035	0.000000
1.888563	0.000000
1.909091	0.000000
1.929619	0.000000
1.950147	0.000000
1.970674	0.000000
1.991202	0.000000
2.011730	0.000000
2.032258	0.000000
2.052786	0.000000
2.073314	0.000000
2.093842	0.000000
2.114370	0.000000
2.134897	0.000000
2.155425	0.000000
2.175953	0.000000
2.196481	0.000000
2.217009	0.000000
2.237537	0.000000
2.258065	0.000000
2.278592	0.382373
2.299120	0.764745
2.319648	1.147118
2.340176	1.529490
2.360704	1.911863
2.381232	2.294236
2.401760	2.676608
2.422287	3.058981
2.442815	3.441354
2.463343	3.823726
2.483871	5.507290
2.504399	7.190855
2.524927	8.874419
2.545455	10.557983
2.565982	12.241547
2.586510	13.925111
2.607038	15.608675
2.627566	17.292240
2.648094	18.975804
2.668622	20.659368
2.689150	28.593431
2.709677	36.527494
2.730205	44.461557
2.750733	52.395621
2.771261	60.329684
2.791789	68.263747
2.812317	76.197810
2.832845	84.131874
2.853372	92.065937
2.873900	100.000000
2.894428	96.786656
2.914956	93.573312
2.935484	90.359967
2.956012	87.146623
2.976540	83.933279
2.997067	80.719935
3.017595	77.506590
3.038123	74.293246
3.058651	71.079902
3.079179	67.866558
3.099707	64.663779
3.120235	61.461000
3.140762	58.258221
3.161290	55.055442
3.181818	51.852664
3.202346	48.649885
3.222874	45.447106
3.243402	42.244327
3.263930	39.041548
3.284457	35.838769
3.304985	34.188502
3.325513	32.538234
3.346041	30.887967
3.366569	29.237699
3.387097	27.587432
3.407625	25.937164
3.428152	24.286897
3.448680	22.636629
3.469208	20.986362
3.489736	19.336094
3.510264	19.068018
3.530792	18.799941
3.551320	18.531864
3.571848	18.263788
3.592375	17.995711
3.612903	17.727635
3.633431	17.459558
3.653959	17.191482
3.674487	16.923405
3.695015	16.655328
3.715543	15.275505
3.736070	13.895681
3.756598	12.515858
3.777126	11.136034
3.797654	9.756210
3.818182	8.376387
3.838710	6.996563
3.859238	5.616739
3.879765	4.236916
3.900293	2.857092
3.920821	2.771232
3.941349	2.685371
3.961877	2.599510
3.982405	2.513650
4.002933	2.427789
4.023460	2.341929
4.043988	2.256068
4.064516	2.170208
4.085044	2.084347
4.105572	1.998486
4.126100	1.909847
4.146628	1.821207
4.167155	1.732567
4.187683	1.643927
4.208211	1.555287
4.228739	1.466647
4.249267	1.378007
4.269795	1.289367
4.290323	1.200727
4.310850	1.112087
4.331378	1.006439
4.351906	0.900791
4.372434	0.795142
4.392962	0.689494
4.413490	0.583846
4.434018	0.478197
4.454545	0.372549
4.475073	0.266901
4.495601	0.161253
4.516129	0.055604
4.536657	0.050322
4.557185	0.045040
4.577713	0.039757
4.598240	0.034475
4.618768	0.029192
4.639296	0.023910
4.659824	0.018627
4.680352	0.013345
4.700880	0.008063
4.721408	0.002780
4.741935	0.013762
4.762463	0.024744
4.782991	0.035727
4.803519	0.046709
4.824047	0.057691
4.844575	0.068673
4.865103	0.079655
4.885630	0.090637
4.906158	0.101619
4.926686	0.112602
4.947214	0.248106
4.967742	0.383610
4.988270	0.519114
5.008798	0.654618
5.029326	0.790122
5.049853	0.925626
5.070381	1.061131
5.090909	1.196635
5.111437	1.332139
5.131965	1.467643
5.152493	1.474418
5.173021	1.481193
5.193548	1.487969
5.214076	1.494744
5.234604	1.501519
5.255132	1.508294
5.275660	1.515069
5.296188	1.521845
5.316716	1.528620
5.337243	1.535395
5.357771	1.479503
5.378299	1.423610
5.398827	1.367718
5.419355	1.311825
5.439883	1.255933
5.460411	1.200040
5.480938	1.144148
5.501466	1.088255
5.521994	1.032363
5.542522	0.976470
5.563050	0.990545
5.583578	1.004620
5.604106	1.018694
5.624633	1.032769
5.645161	1.046844
5.665689	1.060919
5.686217	1.074993
5.706745	1.089068
5.727273	1.103143
5.747801	1.117218
5.768328	1.084183
5.788856	1.051148
5.809384	1.018113
5.829912	0.985078
5.850440	0.952042
5.870968	0.919007
5.891496	0.885972
5.912023	0.852937
5.932551	0.819902
5.953079	0.786867
5.973607	0.773969
5.994135	0.761071
6.014663	0.748173
6.035191	0.735275
6.055718	0.722377
6.076246	0.709479
6.096774	0.696581
6.117302	0.683683
6.137830	0.670785
6.158358	0.657887
6.178886	0.668489
6.199413	0.679090
6.219941	0.689691
6.240469	0.700293
6.260997	0.710894
6.281525	0.721495
6.302053	0.732097
6.322581	0.742698
6.343109	0.753299
6.363636	0.763901
6.384164	0.708200
6.404692	0.652498
6.425220	0.596797
6.445748	0.541096
6.466276	0.485395
6.486804	0.429694
6.507331	0.373992
6.527859	0.318291
6.548387	0.262590
6.568915	0.206889
6.589443	0.192858
6.609971	0.178826
6.630499	0.164795
6.651026	0.150764
6.671554	0.136732
6.692082	0.122701
6.712610	0.108670
6.733138	0.094638
6.753666	0.080607
6.774194	0.066576
6.794721	0.060251
6.815249	0.053926
6.835777	0.047602
6.856305	0.041277
6.876833	0.034952
6.897361	0.028628
6.917889	0.022303
6.938416	0.015978
6.958944	0.009653
6.979472	0.003329
