0.000000	0.000000
0.020528	0.000000
0.041056	0.000000
0.061584	0.000000
0.082111	0.000000
0.102639	0.000000
0.123167	0.000000
0.143695	0.000000
0.164223	0.000000
0.184751	0.000000
0.205279	0.000000
0.225806	0.000000
0.246334	0.000000
0.266862	0.000000
0.287390	0.000000
0.307918	0.000000
0.328446	0.000000
0.348974	0.000000
0.369501	0.000000
0.390029	0.000000
0.410557	0.000000
0.431085	0.000000
0.451613	0.000000
0.472141	0.000000
0.492669	0.000000
0.513196	0.000000
0.533724	0.000000
0.554252	0.000000
0.574780	0.000000
0.595308	0.000000
0.615836	0.000000
0.636364	0.000000
0.656891	0.000000
0.677419	0.000000
0.697947	0.000000
0.718475	0.000000
0.739003	0.000000
0.759531	0.000000
0.780059	0.000000
0.800587	0.000000
0.821114	0.000000
0.841642	0.000000
0.862170	0.000000
0.882698	0.000000
0.903226	0.000000
0.923754	0.000000
0.944282	0.000000
0.964809	0.000000
0.985337	0.000000
1.005865	0.000000
1.026393	0.000000
1.046921	0.000000
1.067449	0.000000
1.087977	0.000000
1.108504	0.000000
1.129032	0.000000
1.149560	0.000000
1.170088	0.000000
1.190616	0.000000
1.211144	0.000000
1.231672	0.000000
1.252199	0.000000
1.272727	0.000000
1.293255	0.000000
1.313783	0.000000
1.334311	0.000000
1.354839	0.000000
1.375367	0.000000
1.395894	0.000000
1.416422	0.000000
1.436950	0.000000
1.457478	0.000000
1.478006	0.000000
1.498534	0.000000
1.519062	0.000000
1.539589	0.000000
1.560117	0.000000
1.580645	0.000000
1.601173	0.000000
1.621701	0.000000
1.642229	0.000000
1.662757	0.000000
1.683284	0.000000
1.703812	0.000000
1.724340	0.000000
1.744868	0.000000
1.765396	0.000000
1.785924	0.000000
1.806452	0.000000
1.826979	0.000000
1.847507	0.000000
1.868035	0.000000
1.888563	0.000000
1.909091	0.000000
1.929619	0.000000
1.950147	0.000000
1.970674	0.000000
1.991202	0.000000
2.011730	0.000000
2.032258	0.000000
2.052786	0.000000
2.073314	0.000000
2.093842	0.000000
2.114370	0.000000
2.134897	0.000000
2.155425	0.000000
2.175953	0.000000
2.196481	0.000000
2.217009	0.000000
2.237537	0.000000
2.258065	0.000000
2.278592	0.000000
2.299120	0.000000
2.319648	0.000000
2.340176	0.000000
2.360704	0.000000
2.381232	0.000000
2.401760	0.000000
2.422287	0.000000
2.442815	0.000000
2.463343	0.000000
2.483871	0.087530
2.504399	0.175060
2.524927	0.262590
2.545455	0.350120
2.565982	0.437650
2.586510	0.525180
2.607038	0.612710
2.627566	0.700240
2.648094	0.787770
2.668622	0.875300
2.689150	2.653619
2.709677	4.431937
2.730205	6.210256
2.750733	7.988575
2.771261	9.766893
2.791789	11.545212
2.812317	13.323530
2.832845	15.101849
2.853372	16.880167
2.873900	18.658486
2.894428	19.821104
2.914956	20.983721
2.935484	22.146339
2.956012	23.308957
2.976540	24.471574
2.997067	25.634192
3.017595	26.796810
3.038123	27.959427
3.058651	29.122045
3.079179	30.284663
3.099707	31.655744
3.120235	33.026826
3.140762	34.397907
3.161290	35.768988
3.181818	37.140070
3.202346	38.511151
3.222874	39.882233
3.243402	41.253314
3.263930	42.624396
3.284457	43.995477
3.304985	49.595929
3.325513	55.196382
3.346041	60.796834
3.366569	66.397286
3.387097	71.997738
3.407625	77.598191
3.428152	83.198643
3.448680	88.799095
3.469208	94.399548
3.489736	100.000000
3.510264	93.916589
3.530792	87.833178
3.551320	81.749767
3.571848	75.666356
3.592375	69.582945
3.612903	63.499534
3.633431	57.416123
3.653959	51.332712
3.674487	45.249301
3.695015	39.165890
3.715543	36.796011
3.736070	34.426132
3.756598	32.056252
3.777126	29.686373
3.797654	27.316494
3.818182	24.946614
3.838710	22.576735
3.859238	20.206855
3.879765	17.836976
3.900293	15.467097
3.920821	14.645445
3.941349	13.823793
3.961877	13.002141
3.982405	12.180489
4.002933	11.358837
4.023460	10.537185
4.043988	9.715533
4.064516	8.893881
4.085044	8.072229
4.105572	7.250577
4.126100	6.792268
4.146628	6.333959
4.167155	5.875650
4.187683	5.417341
4.208211	4.959032
4.228739	4.500723
4.249267	4.042414
4.269795	3.584105
4.290323	3.125796
4.310850	2.667486
4.331378	2.577465
4.351906	2.487443
4.372434	2.397421
4.392962	2.307399
4.413490	2.217377
4.434018	2.127356
4.454545	2.037334
4.475073	1.947312
4.495601	1.857290
4.516129	1.767268
4.536657	1.794862
4.557185	1.822455
4.577713	1.850048
4.598240	1.877641
4.618768	1.905235
4.639296	1.932828
4.659824	1.960421
4.680352	1.988014
4.700880	2.015608
4.721408	2.043201
4.741935	1.904532
4.762463	1.765864
4.782991	1.627196
4.803519	1.488527
4.824047	1.349859
4.844575	1.211191
4.865103	1.072522
4.885630	0.933854
4.906158	0.795185
4.926686	0.656517
4.947214	0.594148
4.967742	0.531779
4.988270	0.469410
5.008798	0.407040
5.029326	0.344671
5.049853	0.282302
5.070381	0.219933
5.090909	0.157564
5.111437	0.095195
5.131965	0.032826
5.152493	0.047213
5.173021	0.061601
5.193548	0.075989
5.214076	0.090376
5.234604	0.104764
5.255132	0.119151
5.275660	0.133539
5.296188	0.147926
5.316716	0.162314
5.337243	0.176701
5.357771	0.171585
5.378299	0.166469
5.398827	0.161353
5.419355	0.156238
5.439883	0.151122
5.460411	0.146006
5.480938	0.140890
5.501466	0.135774
5.521994	0.130658
5.542522	0.125542
5.563050	0.131121
5.583578	0.136701
5.604106	0.142280
5.624633	0.147860
5.645161	0.153439
5.665689	0.159019
5.686217	0.164599
5.706745	0.170178
5.727273	0.175758
5.747801	0.181337
5.768328	0.204957
5.788856	0.228578
5.809384	0.252198
5.829912	0.275818
5.850440	0.299439
5.870968	0.323059
5.891496	0.346679
5.912023	0.370300
5.932551	0.393920
5.953079	0.417540
5.973607	0.474157
5.994135	0.530774
6.014663	0.587390
6.035191	0.644007
6.055718	0.700624
6.076246	0.757241
6.096774	0.813857
6.117302	0.870474
6.137830	0.927091
6.158358	0.983707
6.178886	0.966115
6.199413	0.948522
6.219941	0.930929
6.240469	0.913336
6.260997	0.895743
6.281525	0.878150
6.302053	0.860558
6.322581	0.842965
6.343109	0.825372
6.363636	0.807779
6.384164	0.792311
6.404692	0.776843
6.425220	0.761375
6.445748	0.745907
6.466276	0.730439
6.486804	0.714971
6.507331	0.699503
6.527859	0.684035
6.548387	0.668567
6.568915	0.653099
6.589443	0.617314
6.609971	0.581528
6.630499	0.545743
6.651026	0.509958
6.671554	0.474172
6.692082	0.438387
6.712610	0.402601
6.733138	0.366816
6.753666	0.331030
6.774194	0.295245
6.794721	0.270114
6.815249	0.244984
6.835777	0.219853
6.856305	0.194723
6.876833	0.169592
6.897361	0.144461
6.917889	0.119331
6.938416	0.094200
6.958944	0.069070
6.979472	0.043939
