0.000000	0.000000
0.020528	0.000000
0.041056	0.000000
0.061584	0.000000
0.082111	0.000000
0.102639	0.000000
0.123167	0.000000
0.143695	0.000000
0.164223	0.000000
0.184751	0.000000
0.205279	0.000000
0.225806	0.000000
0.246334	0.000000
0.266862	0.000000
0.287390	0.000000
0.307918	0.000000
0.328446	0.000000
0.348974	0.000000
0.369501	0.000000
0.390029	0.000000
0.410557	0.000000
0.431085	0.000000
0.451613	0.000000
0.472141	0.000000
0.492669	0.000000
0.513196	0.000000
0.533724	0.000000
0.554252	0.000000
0.574780	0.000000
0.595308	0.000000
0.615836	0.000000
0.636364	0.000000
0.656891	0.000000
0.677419	0.000000
0.697947	0.000000
0.718475	0.000000
0.739003	0.000000
0.759531	0.000000
0.780059	0.000000
0.800587	0.000000
0.821114	0.000000
0.841642	0.000000
0.862170	0.000000
0.882698	0.000000
0.903226	0.000000
0.923754	0.000000
0.944282	0.000000
0.964809	0.000000
0.985337	0.000000
1.005865	0.000000
1.026393	0.000000
1.046921	0.000000
1.067449	0.000000
1.087977	0.000000
1.108504	0.000000
1.129032	0.000000
1.149560	0.000000
1.170088	0.000000
1.190616	0.000000
1.211144	0.000000
1.231672	0.000000
1.252199	0.081991
1.272727	0.163983
1.293255	0.245974
1.313783	0.327966
1.334311	0.409957
1.354839	0.491949
1.375367	0.573940
1.395894	0.655932
1.416422	0.737923
1.436950	0.819915
1.457478	0.742023
1.478006	0.664131
1.498534	0.586239
1.519062	0.508347
1.539589	0.430455
1.560117	0.352563
1.580645	0.274671
1.601173	0.196780
1.621701	0.118888
1.642229	0.040996
1.662757	0.037101
1.683284	0.033207
1.703812	0.029312
1.724340	0.025417
1.744868	0.021523
1.765396	0.017628
1.785924	0.013734
1.806452	0.009839
1.826979	0.005944
1.847507	0.002050
1.868035	0.001855
1.888563	0.001660
1.909091	0.001466
1.929619	0.001271
1.950147	0.001076
1.970674	0.000881
1.991202	0.000687
2.011730	0.000492
2.032258	0.000297
2.052786	0.000102
2.073314	0.000093
2.093842	0.000083
2.114370	0.000073
2.134897	0.000064
2.155425	0.000054
2.175953	0.000044
2.196481	0.000034
2.217009	0.000025
2.237537	0.000015
2.258065	0.000005
2.278592	0.091106
2.299120	0.182207
2.319648	0.273309
2.340176	0.364410
2.360704	0.455511
2.381232	0.546612
2.401760	0.637713
2.422287	0.728814
2.442815	0.819916
2.463343	0.911017
2.483871	3.903706
2.504399	6.896395
2.524927	9.889084
2.545455	12.881773
2.565982	15.874462
2.586510	18.867151
2.607038	21.859840
2.627566	24.852529
2.648094	27.845218
2.668622	30.837907
2.689150	37.754117
2.709677	44.670326
2.730205	51.586535
2.750733	58.502744
2.771261	65.418954
2.791789	72.335163
2.812317	79.251372
2.832845	86.167581
2.853372	93.083791
2.873900	100.000000
2.894428	98.134318
2.914956	96.268636
2.935484	94.402954
2.956012	92.537272
2.976540	90.671590
2.997067	88.805908
3.017595	86.940226
3.038123	85.074544
3.058651	83.208862
3.079179	81.343180
3.099707	76.685703
3.120235	72.028227
3.140762	67.370750
3.161290	62.713274
3.181818	58.055797
3.202346	53.398320
3.222874	48.740844
3.243402	44.083367
3.263930	39.425891
3.284457	34.768414
3.304985	32.219281
3.325513	29.670148
3.346041	27.121014
3.366569	24.571881
3.387097	22.022748
3.407625	19.473615
3.428152	16.924482
3.448680	14.375348
3.469208	11.826215
3.489736	9.277082
3.510264	9.183788
3.530792	9.090495
3.551320	8.997201
3.571848	8.903908
3.592375	8.810614
3.612903	8.717321
3.633431	8.624027
3.653959	8.530734
3.674487	8.437440
3.695015	8.344147
3.715543	7.628889
3.736070	6.913631
3.756598	6.198374
3.777126	5.483116
3.797654	4.767859
3.818182	4.052601
3.838710	3.337344
3.859238	2.622086
3.879765	1.906829
3.900293	1.191571
3.920821	1.246910
3.941349	1.302249
3.961877	1.357588
3.982405	1.412926
4.002933	1.468265
4.023460	1.523604
4.043988	1.578943
4.064516	1.634281
4.085044	1.689620
4.105572	1.744959
4.126100	1.620184
4.146628	1.495408
4.167155	1.370633
4.187683	1.245858
4.208211	1.121082
4.228739	0.996307
4.249267	0.871531
4.269795	0.746756
4.290323	0.621981
4.310850	0.497205
4.331378	0.623064
4.351906	0.748923
4.372434	0.874781
4.392962	1.000640
4.413490	1.126498
4.434018	1.252357
4.454545	1.378216
4.475073	1.504074
4.495601	1.629933
4.516129	1.755792
4.536657	1.780305
4.557185	1.804818
4.577713	1.829331
4.598240	1.853845
4.618768	1.878358
4.639296	1.902871
4.659824	1.927384
4.680352	1.951898
4.700880	1.976411
4.721408	2.000924
4.741935	1.947489
4.762463	1.894054
4.782991	1.840618
4.803519	1.787183
4.824047	1.733748
4.844575	1.680312
4.865103	1.626877
4.885630	1.573442
4.906158	1.520006
4.926686	1.466571
4.947214	1.379630
4.967742	1.292689
4.988270	1.205749
5.008798	1.118808
5.029326	1.031867
5.049853	0.944926
5.070381	0.857985
5.090909	0.771045
5.111437	0.684104
5.131965	0.597163
5.152493	0.595094
5.173021	0.593024
5.193548	0.590955
5.214076	0.588885
5.234604	0.586816
5.255132	0.584746
5.275660	0.582677
5.296188	0.580607
5.316716	0.578538
5.337243	0.576468
5.357771	0.580920
5.378299	0.585371
5.398827	0.589823
5.419355	0.594274
5.439883	0.598726
5.460411	0.603178
5.480938	0.607629
5.501466	0.612081
5.521994	0.616532
5.542522	0.620984
5.563050	0.646260
5.583578	0.671535
5.604106	0.696811
5.624633	0.722086
5.645161	0.747362
5.665689	0.772637
5.686217	0.797913
5.706745	0.823188
5.727273	0.848464
5.747801	0.873739
5.768328	0.956995
5.788856	1.040250
5.809384	1.123505
5.829912	1.206760
5.850440	1.290016
5.870968	1.373271
5.891496	1.456526
5.912023	1.539782
5.932551	1.623037
5.953079	1.706292
5.973607	1.742340
5.994135	1.778389
6.014663	1.814437
6.035191	1.850485
6.055718	1.886534
6.076246	1.922582
6.096774	1.958630
6.117302	1.994679
6.137830	2.030727
6.158358	2.066775
6.178886	2.009362
6.199413	1.951948
6.219941	1.894534
6.240469	1.837121
6.260997	1.779707
6.281525	1.722293
6.302053	1.664880
6.322581	1.607466
6.343109	1.550053
6.363636	1.492639
6.384164	1.407777
6.404692	1.322915
6.425220	1.238052
6.445748	1.153190
6.466276	1.068328
6.486804	0.983466
6.507331	0.898604
6.527859	0.813742
6.548387	0.728879
6.568915	0.644017
6.589443	0.865251
6.609971	1.086484
6.630499	1.307718
6.651026	1.528951
6.671554	1.750185
6.692082	1.971418
6.712610	2.192652
6.733138	2.413885
6.753666	2.635118
6.774194	2.856352
6.794721	2.641937
6.815249	2.427522
6.835777	2.213107
6.856305	1.998692
6.876833	1.784277
6.897361	1.569862
6.917889	1.355448
6.938416	1.141033
6.958944	0.926618
6.979472	0.712203
