0.000000	0.000000
0.020528	0.000000
0.041056	0.000000
0.061584	0.000000
0.082111	0.000000
0.102639	0.000000
0.123167	0.000000
0.143695	0.000000
0.164223	0.000000
0.184751	0.000000
0.205279	0.000000
0.225806	0.000000
0.246334	0.000000
0.266862	0.000000
0.287390	0.000000
0.307918	0.000000
0.328446	0.000000
0.348974	0.000000
0.369501	0.000000
0.390029	0.000000
0.410557	0.000000
0.431085	0.000000
0.451613	0.000000
0.472141	0.000000
0.492669	0.000000
0.513196	0.000000
0.533724	0.000000
0.554252	0.000000
0.574780	0.000000
0.595308	0.000000
0.615836	0.000000
0.636364	0.000000
0.656891	0.000000
0.677419	0.000000
0.697947	0.000000
0.718475	0.000000
0.739003	0.000000
0.759531	0.000000
0.780059	0.000000
0.800587	0.000000
0.821114	0.000000
0.841642	0.000000
0.862170	0.000000
0.882698	0.000000
0.903226	0.000000
0.923754	0.000000
0.944282	0.000000
0.964809	0.000000
0.985337	0.000000
1.005865	0.000000
1.026393	0.000000
1.046921	0.000000
1.067449	0.000000
1.087977	0.000000
1.108504	0.000000
1.129032	0.000000
1.149560	0.000000
1.170088	0.000000
1.190616	0.000000
1.211144	0.000000
1.231672	0.000000
1.252199	0.000000
1.272727	0.000000
1.293255	0.000000
1.313783	0.000000
1.334311	0.000000
1.354839	0.000000
1.375367	0.000000
1.395894	0.000000
1.416422	0.000000
1.436950	0.000000
1.457478	0.193451
1.478006	0.386902
1.498534	0.580352
1.519062	0.773803
1.539589	0.967254
1.560117	1.160705
1.580645	1.354155
1.601173	1.547606
1.621701	1.741057
1.642229	1.934508
1.662757	1.944180
1.683284	1.953853
1.703812	1.963525
1.724340	1.973198
1.744868	1.982870
1.765396	1.992543
1.785924	2.002215
1.806452	2.011888
1.826979	2.021561
1.847507	2.031233
1.868035	1.838266
1.888563	1.645299
1.909091	1.452332
1.929619	1.259365
1.950147	1.066397
1.970674	0.873430
1.991202	0.680463
2.011730	0.487496
2.032258	0.294529
2.052786	0.101562
2.073314	0.962442
2.093842	1.823322
2.114370	2.684202
2.134897	3.545082
2.155425	4.405962
2.175953	5.266842
2.196481	6.127722
2.217009	6.988603
2.237537	7.849483
2.258065	8.710363
2.278592	11.952509
2.299120	15.194656
2.319648	18.436802
2.340176	21.678949
2.360704	24.921096
2.381232	28.163242
2.401760	31.405389
2.422287	34.647535
2.442815	37.889682
2.463343	41.131828
2.483871	47.018646
2.504399	52.905463
2.524927	58.792280
2.545455	64.679097
2.565982	70.565914
2.586510	76.452731
2.607038	82.339549
2.627566	88.226366
2.648094	94.113183
2.668622	100.000000
2.689150	97.661261
2.709677	95.322522
2.730205	92.983783
2.750733	90.645044
2.771261	88.306305
2.791789	85.967566
2.812317	83.628826
2.832845	81.290087
2.853372	78.951348
2.873900	76.612609
2.894428	72.404547
2.914956	68.196484
2.935484	63.988422
2.956012	59.780359
2.976540	55.572297
2.997067	51.364234
3.017595	47.156172
3.038123	42.948109
3.058651	38.740047
3.079179	34.531984
3.099707	32.859953
3.120235	31.187922
3.140762	29.515891
3.161290	27.843860
3.181818	26.171828
3.202346	24.499797
3.222874	22.827766
3.243402	21.155735
3.263930	19.483704
3.284457	17.811673
3.304985	18.125720
3.325513	18.439767
3.346041	18.753814
3.366569	19.067862
3.387097	19.381909
3.407625	19.695956
3.428152	20.010003
3.448680	20.324051
3.469208	20.638098
3.489736	20.952145
3.510264	19.198131
3.530792	17.444117
3.551320	15.690103
3.571848	13.936089
3.592375	12.182075
3.612903	10.428061
3.633431	8.674047
3.653959	6.920033
3.674487	5.166020
3.695015	3.412006
3.715543	3.259821
3.736070	3.107637
3.756598	2.955453
3.777126	2.803268
3.797654	2.651084
3.818182	2.498900
3.838710	2.346716
3.859238	2.194531
3.879765	2.042347
3.900293	1.890163
3.920821	1.792993
3.941349	1.695823
3.961877	1.598653
3.982405	1.501484
4.002933	1.404314
4.023460	1.307144
4.043988	1.209974
4.064516	1.112805
4.085044	1.015635
4.105572	0.918465
4.126100	0.831211
4.146628	0.743957
4.167155	0.656703
4.187683	0.569448
4.208211	0.482194
4.228739	0.394940
4.249267	0.307686
4.269795	0.220432
4.290323	0.133177
4.310850	0.045923
4.331378	0.045143
4.351906	0.044363
4.372434	0.043582
4.392962	0.042802
4.413490	0.042022
4.434018	0.041242
4.454545	0.040461
4.475073	0.039681
4.495601	0.038901
4.516129	0.038120
4.536657	0.055993
4.557185	0.073867
4.577713	0.091740
4.598240	0.109613
4.618768	0.127486
4.639296	0.145359
4.659824	0.163232
4.680352	0.181105
4.700880	0.198978
4.721408	0.216851
4.741935	0.292976
4.762463	0.369100
4.782991	0.445225
4.803519	0.521349
4.824047	0.597474
4.844575	0.673598
4.865103	0.749723
4.885630	0.825847
4.906158	0.901972
4.926686	0.978096
4.947214	0.999815
4.967742	1.021533
4.988270	1.043251
5.008798	1.064970
5.029326	1.086688
5.049853	1.108406
5.070381	1.130125
5.090909	1.151843
5.111437	1.173561
5.131965	1.195280
5.152493	1.128300
5.173021	1.061320
5.193548	0.994339
5.214076	0.927359
5.234604	0.860379
5.255132	0.793399
5.275660	0.726419
5.296188	0.659439
5.316716	0.592459
5.337243	0.525479
5.357771	0.565119
5.378299	0.604759
5.398827	0.644399
5.419355	0.684039
5.439883	0.723679
5.460411	0.763319
5.480938	0.802959
5.501466	0.842599
5.521994	0.882239
5.542522	0.921879
5.563050	0.862960
5.583578	0.804041
5.604106	0.745122
5.624633	0.686203
5.645161	0.627284
5.665689	0.568364
5.686217	0.509445
5.706745	0.450526
5.727273	0.391607
5.747801	0.332688
5.768328	0.315412
5.788856	0.298136
5.809384	0.280861
5.829912	0.263585
5.850440	0.246309
5.870968	0.229034
5.891496	0.211758
5.912023	0.194483
5.932551	0.177207
5.953079	0.159931
5.973607	0.144738
5.994135	0.129544
6.014663	0.114351
6.035191	0.099157
6.055718	0.083964
6.076246	0.068770
6.096774	0.053577
6.117302	0.038384
6.137830	0.023190
6.158358	0.007997
6.178886	0.025149
6.199413	0.042301
6.219941	0.059454
6.240469	0.076606
6.260997	0.093759
6.281525	0.110911
6.302053	0.128064
6.322581	0.145216
6.343109	0.162368
6.363636	0.179521
6.384164	0.162466
6.404692	0.145412
6.425220	0.128357
6.445748	0.111303
6.466276	0.094248
6.486804	0.077194
6.507331	0.060140
6.527859	0.043085
6.548387	0.026031
6.568915	0.008976
6.589443	0.011706
6.609971	0.014435
6.630499	0.017165
6.651026	0.019895
6.671554	0.022625
6.692082	0.025354
6.712610	0.028084
6.733138	0.030814
6.753666	0.033543
6.774194	0.036273
6.794721	0.032827
6.815249	0.029381
6.835777	0.025935
6.856305	0.022489
6.876833	0.019043
6.897361	0.015597
6.917889	0.012151
6.938416	0.008706
6.958944	0.005260
6.979472	0.001814
