0.000000	0.000000
0.020528	0.000000
0.041056	0.000000
0.061584	0.000000
0.082111	0.000000
0.102639	0.000000
0.123167	0.000000
0.143695	0.000000
0.164223	0.000000
0.184751	0.000000
0.205279	0.000000
0.225806	0.000000
0.246334	0.000000
0.266862	0.000000
0.287390	0.000000
0.307918	0.000000
0.328446	0.000000
0.348974	0.000000
0.369501	0.000000
0.390029	0.000000
0.410557	0.000000
0.431085	0.000000
0.451613	0.000000
0.472141	0.000000
0.492669	0.000000
0.513196	0.000000
0.533724	0.000000
0.554252	0.000000
0.574780	0.000000
0.595308	0.000000
0.615836	0.000000
0.636364	0.000000
0.656891	0.000000
0.677419	0.000000
0.697947	0.000000
0.718475	0.000000
0.739003	0.000000
0.759531	0.000000
0.780059	0.000000
0.800587	0.000000
0.821114	0.000000
0.841642	0.000000
0.862170	0.000000
0.882698	0.000000
0.903226	0.000000
0.923754	0.000000
0.944282	0.000000
0.964809	0.000000
0.985337	0.000000
1.005865	0.000000
1.026393	0.000000
1.046921	0.000000
1.067449	0.000000
1.087977	0.000000
1.108504	0.000000
1.129032	0.000000
1.149560	0.000000
1.170088	0.000000
1.190616	0.000000
1.211144	0.000000
1.231672	0.000000
1.252199	0.000000
1.272727	0.000000
1.293255	0.000000
1.313783	0.000000
1.334311	0.000000
1.354839	0.000000
1.375367	0.000000
1.395894	0.000000
1.416422	0.000000
1.436950	0.000000
1.457478	0.000000
1.478006	0.000000
1.498534	0.000000
1.519062	0.000000
1.539589	0.000000
1.560117	0.000000
1.580645	0.000000
1.601173	0.000000
1.621701	0.000000
1.642229	0.000000
1.662757	0.000000
1.683284	0.000000
1.703812	0.000000
1.724340	0.000000
1.744868	0.000000
1.765396	0.000000
1.785924	0.000000
1.806452	0.000000
1.826979	0.000000
1.847507	0.000000
1.868035	0.000000
1.888563	0.000000
1.909091	0.000000
1.929619	0.000000
1.950147	0.000000
1.970674	0.000000
1.991202	0.000000
2.011730	0.000000
2.032258	0.000000
2.052786	0.000000
2.073314	0.000000
2.093842	0.000000
2.114370	0.000000
2.134897	0.000000
2.155425	0.000000
2.175953	0.000000
2.196481	0.000000
2.217009	0.000000
2.237537	0.000000
2.258065	0.000000
2.278592	0.377654
2.299120	0.755309
2.319648	1.132963
2.340176	1.510617
2.360704	1.888272
2.381232	2.265926
2.401760	2.643580
2.422287	3.021235
2.442815	3.398889
2.463343	3.776543
2.483871	11.277703
2.504399	18.778863
2.524927	26.280022
2.545455	33.781182
2.565982	41.282341
2.586510	48.783501
2.607038	56.284660
2.627566	63.785820
2.648094	71.286979
2.668622	78.788139
2.689150	80.508590
2.709677	82.229042
2.730205	83.949493
2.750733	85.669945
2.771261	87.390397
2.791789	89.110848
2.812317	90.831300
2.832845	92.551751
2.853372	94.272203
2.873900	95.992655
2.894428	96.393389
2.914956	96.794124
2.935484	97.194858
2.956012	97.595593
2.976540	97.996327
2.997067	98.397062
3.017595	98.797796
3.038123	99.198531
3.058651	99.599265
3.079179	100.000000
3.099707	95.913046
3.120235	91.826091
3.140762	87.739137
3.161290	83.652183
3.181818	79.565228
3.202346	75.478274
3.222874	71.391320
3.243402	67.304365
3.263930	63.217411
3.284457	59.130457
3.304985	56.471356
3.325513	53.812255
3.346041	51.153154
3.366569	48.494053
3.387097	45.834952
3.407625	43.175851
3.428152	40.516750
3.448680	37.857649
3.469208	35.198548
3.489736	32.539447
3.510264	32.178326
3.530792	31.817204
3.551320	31.456083
3.571848	31.094962
3.592375	30.733841
3.612903	30.372720
3.633431	30.011598
3.653959	29.650477
3.674487	29.289356
3.695015	28.928235
3.715543	27.352354
3.736070	25.776474
3.756598	24.200594
3.777126	22.624714
3.797654	21.048833
3.818182	19.472953
3.838710	17.897073
3.859238	16.321193
3.879765	14.745312
3.900293	13.169432
3.920821	12.736587
3.941349	12.303742
3.961877	11.870897
3.982405	11.438052
4.002933	11.005207
4.023460	10.572362
4.043988	10.139517
4.064516	9.706672
4.085044	9.273827
4.105572	8.840983
4.126100	9.000300
4.146628	9.159617
4.167155	9.318934
4.187683	9.478251
4.208211	9.637568
4.228739	9.796885
4.249267	9.956202
4.269795	10.115520
4.290323	10.274837
4.310850	10.434154
4.331378	9.600265
4.351906	8.766377
4.372434	7.932488
4.392962	7.098599
4.413490	6.264711
4.434018	5.430822
4.454545	4.596933
4.475073	3.763045
4.495601	2.929156
4.516129	2.095267
4.536657	1.935556
4.557185	1.775845
4.577713	1.616133
4.598240	1.456422
4.618768	1.296710
4.639296	1.136999
4.659824	0.977288
4.680352	0.817576
4.700880	0.657865
4.721408	0.498153
4.741935	0.592449
4.762463	0.686745
4.782991	0.781041
4.803519	0.875337
4.824047	0.969632
4.844575	1.063928
4.865103	1.158224
4.885630	1.252520
4.906158	1.346816
4.926686	1.441111
4.947214	1.375016
4.967742	1.308921
4.988270	1.242825
5.008798	1.176730
5.029326	1.110634
5.049853	1.044539
5.070381	0.978444
5.090909	0.912348
5.111437	0.846253
5.131965	0.780157
5.152493	0.949944
5.173021	1.119731
5.193548	1.289518
5.214076	1.459305
5.234604	1.629092
5.255132	1.798878
5.275660	1.968665
5.296188	2.138452
5.316716	2.308239
5.337243	2.478026
5.357771	2.313423
5.378299	2.148821
5.398827	1.984219
5.419355	1.819617
5.439883	1.655014
5.460411	1.490412
5.480938	1.325810
5.501466	1.161208
5.521994	0.996605
5.542522	0.832003
5.563050	0.981129
5.583578	1.130255
5.604106	1.279381
5.624633	1.428507
5.645161	1.577633
5.665689	1.726758
5.686217	1.875884
5.706745	2.025010
5.727273	2.174136
5.747801	2.323262
5.768328	2.204833
5.788856	2.086405
5.809384	1.967976
5.829912	1.849548
5.850440	1.731119
5.870968	1.612691
5.891496	1.494262
5.912023	1.375834
5.932551	1.257405
5.953079	1.138977
5.973607	1.085849
5.994135	1.032721
6.014663	0.979592
6.035191	0.926464
6.055718	0.873336
6.076246	0.820208
6.096774	0.767079
6.117302	0.713951
6.137830	0.660823
6.158358	0.607695
6.178886	0.589303
6.199413	0.570911
6.219941	0.552519
6.240469	0.534127
6.260997	0.515735
6.281525	0.497343
6.302053	0.478951
6.322581	0.460559
6.343109	0.442167
6.363636	0.423775
6.384164	0.383516
6.404692	0.343257
6.425220	0.302999
6.445748	0.262740
6.466276	0.222482
6.486804	0.182223
6.507331	0.141965
6.527859	0.101706
6.548387	0.061447
6.568915	0.021189
6.589443	0.042779
6.609971	0.064370
6.630499	0.085960
6.651026	0.107551
6.671554	0.129141
6.692082	0.150732
6.712610	0.172322
6.733138	0.193912
6.753666	0.215503
6.774194	0.237093
6.794721	0.222437
6.815249	0.207781
6.835777	0.193125
6.856305	0.178469
6.876833	0.163813
6.897361	0.149157
6.917889	0.134501
6.938416	0.119845
6.958944	0.105189
6.979472	0.090533
