0.000000	0.000000
0.020528	0.000000
0.041056	0.000000
0.061584	0.000000
0.082111	0.000000
0.102639	0.000000
0.123167	0.000000
0.143695	0.000000
0.164223	0.000000
0.184751	0.000000
0.205279	0.000000
0.225806	0.000000
0.246334	0.000000
0.266862	0.000000
0.287390	0.000000
0.307918	0.000000
0.328446	0.000000
0.348974	0.000000
0.369501	0.000000
0.390029	0.000000
0.410557	0.000000
0.431085	0.000000
0.451613	0.000000
0.472141	0.000000
0.492669	0.000000
0.513196	0.000000
0.533724	0.000000
0.554252	0.000000
0.574780	0.000000
0.595308	0.000000
0.615836	0.000000
0.636364	0.000000
0.656891	0.000000
0.677419	0.000000
0.697947	0.000000
0.718475	0.000000
0.739003	0.000000
0.759531	0.000000
0.780059	0.000000
0.800587	0.000000
0.821114	0.000000
0.841642	0.000000
0.862170	0.000000
0.882698	0.000000
0.903226	0.000000
0.923754	0.000000
0.944282	0.000000
0.964809	0.000000
0.985337	0.000000
1.005865	0.000000
1.026393	0.000000
1.046921	0.000000
1.067449	0.000000
1.087977	0.000000
1.108504	0.000000
1.129032	0.000000
1.149560	0.000000
1.170088	0.000000
1.190616	0.000000
1.211144	0.000000
1.231672	0.000000
1.252199	0.000000
1.272727	0.000000
1.293255	0.000000
1.313783	0.000000
1.334311	0.000000
1.354839	0.000000
1.375367	0.000000
1.395894	0.000000
1.416422	0.000000
1.436950	0.000000
1.457478	0.000000
1.478006	0.000000
1.498534	0.000000
1.519062	0.000000
1.539589	0.000000
1.560117	0.000000
1.580645	0.000000
1.601173	0.000000
1.621701	0.000000
1.642229	0.000000
1.662757	0.000000
1.683284	0.000000
1.703812	0.000000
1.724340	0.000000
1.744868	0.000000
1.765396	0.000000
1.785924	0.000000
1.806452	0.000000
1.826979	0.000000
1.847507	0.000000
1.868035	0.000000
1.888563	0.000000
1.909091	0.000000
1.929619	0.000000
1.950147	0.000000
1.970674	0.000000
1.991202	0.000000
2.011730	0.000000
2.032258	0.000000
2.052786	0.000000
2.073314	0.029508
2.093842	0.059016
2.114370	0.088524
2.134897	0.118032
2.155425	0.147540
2.175953	0.177049
2.196481	0.206557
2.217009	0.236065
2.237537	0.265573
2.258065	0.295081
2.278592	4.258019
2.299120	8.220957
2.319648	12.183894
2.340176	16.146832
2.360704	20.109770
2.381232	24.072708
2.401760	28.035646
2.422287	31.998584
2.442815	35.961521
2.463343	39.924459
2.483871	45.932013
2.504399	51.939567
2.524927	57.947121
2.545455	63.954676
2.565982	69.962230
2.586510	75.969784
2.607038	81.977338
2.627566	87.984892
2.648094	93.992446
2.668622	100.000000
2.689150	96.139736
2.709677	92.279471
2.730205	88.419207
2.750733	84.558942
2.771261	80.698678
2.791789	76.838414
2.812317	72.978149
2.832845	69.117885
2.853372	65.257620
2.873900	61.397356
2.894428	58.120746
2.914956	54.844137
2.935484	51.567527
2.956012	48.290917
2.976540	45.014308
2.997067	41.737698
3.017595	38.461088
3.038123	35.184479
3.058651	31.907869
3.079179	28.631259
3.099707	27.106368
3.120235	25.581476
3.140762	24.056585
3.161290	22.531693
3.181818	21.006801
3.202346	19.481910
3.222874	17.957018
3.243402	16.432127
3.263930	14.907235
3.284457	13.382343
3.304985	13.084788
3.325513	12.787233
3.346041	12.489677
3.366569	12.192122
3.387097	11.894567
3.407625	11.597011
3.428152	11.299456
3.448680	11.001901
3.469208	10.704345
3.489736	10.406790
3.510264	9.661587
3.530792	8.916384
3.551320	8.171180
3.571848	7.425977
3.592375	6.680774
3.612903	5.935571
3.633431	5.190367
3.653959	4.445164
3.674487	3.699961
3.695015	2.954758
3.715543	2.788400
3.736070	2.622042
3.756598	2.455683
3.777126	2.289325
3.797654	2.122967
3.818182	1.956609
3.838710	1.790251
3.859238	1.623893
3.879765	1.457535
3.900293	1.291177
3.920821	1.253351
3.941349	1.215525
3.961877	1.177699
3.982405	1.139873
4.002933	1.102047
4.023460	1.064221
4.043988	1.026395
4.064516	0.988569
4.085044	0.950743
4.105572	0.912917
4.126100	0.826190
4.146628	0.739463
4.167155	0.652735
4.187683	0.566008
4.208211	0.479281
4.228739	0.392554
4.249267	0.305827
4.269795	0.219100
4.290323	0.132373
4.310850	0.045646
4.331378	0.092949
4.351906	0.140251
4.372434	0.187554
4.392962	0.234857
4.413490	0.282160
4.434018	0.329463
4.454545	0.376766
4.475073	0.424068
4.495601	0.471371
4.516129	0.518674
4.536657	0.498908
4.557185	0.479142
4.577713	0.459376
4.598240	0.439610
4.618768	0.419844
4.639296	0.400078
4.659824	0.380313
4.680352	0.360547
4.700880	0.340781
4.721408	0.321015
4.741935	0.371666
4.762463	0.422316
4.782991	0.472967
4.803519	0.523618
4.824047	0.574269
4.844575	0.624920
4.865103	0.675571
4.885630	0.726222
4.906158	0.776873
4.926686	0.827523
4.947214	0.855876
4.967742	0.884228
4.988270	0.912580
5.008798	0.940932
5.029326	0.969284
5.049853	0.997636
5.070381	1.025988
5.090909	1.054341
5.111437	1.082693
5.131965	1.111045
5.152493	1.060823
5.173021	1.010602
5.193548	0.960380
5.214076	0.910159
5.234604	0.859937
5.255132	0.809715
5.275660	0.759494
5.296188	0.709272
5.316716	0.659051
5.337243	0.608829
5.357771	0.639515
5.378299	0.670200
5.398827	0.700886
5.419355	0.731571
5.439883	0.762257
5.460411	0.792942
5.480938	0.823628
5.501466	0.854313
5.521994	0.884999
5.542522	0.915684
5.563050	0.847137
5.583578	0.778590
5.604106	0.710042
5.624633	0.641495
5.645161	0.572947
5.665689	0.504400
5.686217	0.435852
5.706745	0.367305
5.727273	0.298757
5.747801	0.230210
5.768328	0.215717
5.788856	0.201224
5.809384	0.186731
5.829912	0.172238
5.850440	0.157745
5.870968	0.143252
5.891496	0.128759
5.912023	0.114267
5.932551	0.099774
5.953079	0.085281
5.973607	0.077179
5.994135	0.069077
6.014663	0.060976
6.035191	0.052874
6.055718	0.044772
6.076246	0.036671
6.096774	0.028569
6.117302	0.020467
6.137830	0.012366
6.158358	0.004264
6.178886	0.014924
6.199413	0.025585
6.219941	0.036245
6.240469	0.046906
6.260997	0.057566
6.281525	0.068227
6.302053	0.078887
6.322581	0.089548
6.343109	0.100208
6.363636	0.110869
6.384164	0.100336
6.404692	0.089804
6.425220	0.079271
6.445748	0.068739
6.466276	0.058206
6.486804	0.047673
6.507331	0.037141
6.527859	0.026608
6.548387	0.016076
6.568915	0.005543
6.589443	0.008705
6.609971	0.011867
6.630499	0.015029
6.651026	0.018191
6.671554	0.021353
6.692082	0.024515
6.712610	0.027677
6.733138	0.030839
6.753666	0.034000
6.774194	0.037162
6.794721	0.033632
6.815249	0.030101
6.835777	0.026571
6.856305	0.023041
6.876833	0.019510
6.897361	0.015980
6.917889	0.012449
6.938416	0.008919
6.958944	0.005389
6.979472	0.001858
