0.000000	0.000000
0.020528	0.000000
0.041056	0.000000
0.061584	0.000000
0.082111	0.000000
0.102639	0.000000
0.123167	0.000000
0.143695	0.000000
0.164223	0.000000
0.184751	0.000000
0.205279	0.000000
0.225806	0.000000
0.246334	0.000000
0.266862	0.000000
0.287390	0.000000
0.307918	0.000000
0.328446	0.000000
0.348974	0.000000
0.369501	0.000000
0.390029	0.000000
0.410557	0.000000
0.431085	0.000000
0.451613	0.000000
0.472141	0.000000
0.492669	0.000000
0.513196	0.000000
0.533724	0.000000
0.554252	0.000000
0.574780	0.000000
0.595308	0.000000
0.615836	0.000000
0.636364	0.000000
0.656891	0.000000
0.677419	0.000000
0.697947	0.000000
0.718475	0.000000
0.739003	0.000000
0.759531	0.000000
0.780059	0.000000
0.800587	0.000000
0.821114	0.000000
0.841642	0.000000
0.862170	0.000000
0.882698	0.000000
0.903226	0.000000
0.923754	0.000000
0.944282	0.000000
0.964809	0.000000
0.985337	0.000000
1.005865	0.000000
1.026393	0.000000
1.046921	0.000000
1.067449	0.000000
1.087977	0.000000
1.108504	0.000000
1.129032	0.000000
1.149560	0.000000
1.170088	0.000000
1.190616	0.000000
1.211144	0.000000
1.231672	0.000000
1.252199	0.000000
1.272727	0.000000
1.293255	0.000000
1.313783	0.000000
1.334311	0.000000
1.354839	0.000000
1.375367	0.000000
1.395894	0.000000
1.416422	0.000000
1.436950	0.000000
1.457478	0.000000
1.478006	0.000000
1.498534	0.000000
1.519062	0.000000
1.539589	0.000000
1.560117	0.000000
1.580645	0.000000
1.601173	0.000000
1.621701	0.000000
1.642229	0.000000
1.662757	0.000000
1.683284	0.000000
1.703812	0.000000
1.724340	0.000000
1.744868	0.000000
1.765396	0.000000
1.785924	0.000000
1.806452	0.000000
1.826979	0.000000
1.847507	0.000000
1.868035	0.000000
1.888563	0.000000
1.909091	0.000000
1.929619	0.000000
1.950147	0.000000
1.970674	0.000000
1.991202	0.000000
2.011730	0.000000
2.032258	0.000000
2.052786	0.000000
2.073314	0.327668
2.093842	0.655336
2.114370	0.983003
2.134897	1.310671
2.155425	1.638339
2.175953	1.966007
2.196481	2.293674
2.217009	2.621342
2.237537	2.949010
2.258065	3.276678
2.278592	6.968254
2.299120	10.659830
2.319648	14.351406
2.340176	18.042982
2.360704	21.734558
2.381232	25.426134
2.401760	29.117710
2.422287	32.809286
2.442815	36.500862
2.463343	40.192438
2.483871	46.173195
2.504399	52.153951
2.524927	58.134707
2.545455	64.115463
2.565982	70.096219
2.586510	76.076975
2.607038	82.057732
2.627566	88.038488
2.648094	94.019244
2.668622	100.000000
2.689150	94.861524
2.709677	89.723048
2.730205	84.584571
2.750733	79.446095
2.771261	74.307619
2.791789	69.169143
2.812317	64.030667
2.832845	58.892191
2.853372	53.753714
2.873900	48.615238
2.894428	46.175339
2.914956	43.735439
2.935484	41.295539
2.956012	38.855640
2.976540	36.415740
2.997067	33.975840
3.017595	31.535940
3.038123	29.096041
3.058651	26.656141
3.079179	24.216241
3.099707	23.226370
3.120235	22.236498
3.140762	21.246626
3.161290	20.256754
3.181818	19.266882
3.202346	18.277011
3.222874	17.287139
3.243402	16.297267
3.263930	15.307395
3.284457	14.317523
3.304985	14.077628
3.325513	13.837733
3.346041	13.597838
3.366569	13.357943
3.387097	13.118048
3.407625	12.878152
3.428152	12.638257
3.448680	12.398362
3.469208	12.158467
3.489736	11.918572
3.510264	10.941286
3.530792	9.963999
3.551320	8.986713
3.571848	8.009427
3.592375	7.032140
3.612903	6.054854
3.633431	5.077568
3.653959	4.100281
3.674487	3.122995
3.695015	2.145709
3.715543	2.092416
3.736070	2.039124
3.756598	1.985832
3.777126	1.932540
3.797654	1.879247
3.818182	1.825955
3.838710	1.772663
3.859238	1.719371
3.879765	1.666078
3.900293	1.612786
3.920821	1.658829
3.941349	1.704872
3.961877	1.750914
3.982405	1.796957
4.002933	1.843000
4.023460	1.889043
4.043988	1.935085
4.064516	1.981128
4.085044	2.027171
4.105572	2.073214
4.126100	1.880686
4.146628	1.688159
4.167155	1.495632
4.187683	1.303104
4.208211	1.110577
4.228739	0.918050
4.249267	0.725522
4.269795	0.532995
4.290323	0.340467
4.310850	0.147940
4.331378	0.142742
4.351906	0.137543
4.372434	0.132345
4.392962	0.127146
4.413490	0.121948
4.434018	0.116750
4.454545	0.111551
4.475073	0.106353
4.495601	0.101154
4.516129	0.095956
4.536657	0.144403
4.557185	0.192851
4.577713	0.241298
4.598240	0.289746
4.618768	0.338193
4.639296	0.386641
4.659824	0.435088
4.680352	0.483535
4.700880	0.531983
4.721408	0.580430
4.741935	0.627132
4.762463	0.673834
4.782991	0.720536
4.803519	0.767238
4.824047	0.813939
4.844575	0.860641
4.865103	0.907343
4.885630	0.954045
4.906158	1.000747
4.926686	1.047448
4.947214	1.067495
4.967742	1.087542
4.988270	1.107589
5.008798	1.127636
5.029326	1.147683
5.049853	1.167730
5.070381	1.187776
5.090909	1.207823
5.111437	1.227870
5.131965	1.247917
5.152493	1.235636
5.173021	1.223354
5.193548	1.211073
5.214076	1.198791
5.234604	1.186510
5.255132	1.174228
5.275660	1.161947
5.296188	1.149665
5.316716	1.137384
5.337243	1.125102
5.357771	1.075781
5.378299	1.026459
5.398827	0.977138
5.419355	0.927816
5.439883	0.878495
5.460411	0.829173
5.480938	0.779852
5.501466	0.730531
5.521994	0.681209
5.542522	0.631888
5.563050	0.598426
5.583578	0.564964
5.604106	0.531503
5.624633	0.498041
5.645161	0.464579
5.665689	0.431118
5.686217	0.397656
5.706745	0.364194
5.727273	0.330733
5.747801	0.297271
5.768328	0.273458
5.788856	0.249645
5.809384	0.225833
5.829912	0.202020
5.850440	0.178207
5.870968	0.154394
5.891496	0.130581
5.912023	0.106769
5.932551	0.082956
5.953079	0.059143
5.973607	0.053524
5.994135	0.047906
6.014663	0.042287
6.035191	0.036669
6.055718	0.031050
6.076246	0.025431
6.096774	0.019813
6.117302	0.014194
6.137830	0.008576
6.158358	0.002957
6.178886	0.007104
6.199413	0.011251
6.219941	0.015398
6.240469	0.019545
6.260997	0.023692
6.281525	0.027839
6.302053	0.031986
6.322581	0.036133
6.343109	0.040280
6.363636	0.044427
6.384164	0.040207
6.404692	0.035986
6.425220	0.031766
6.445748	0.027545
6.466276	0.023324
6.486804	0.019104
6.507331	0.014883
6.527859	0.010663
6.548387	0.006442
6.568915	0.002221
6.589443	0.010866
6.609971	0.019511
6.630499	0.028156
6.651026	0.036801
6.671554	0.045446
6.692082	0.054091
6.712610	0.062735
6.733138	0.071380
6.753666	0.080025
6.774194	0.088670
6.794721	0.080246
6.815249	0.071823
6.835777	0.063399
6.856305	0.054975
6.876833	0.046552
6.897361	0.038128
6.917889	0.029704
6.938416	0.021281
6.958944	0.012857
6.979472	0.004433
