0.000000	0.000000
0.020528	0.000810
0.041056	0.001621
0.061584	0.002431
0.082111	0.003241
0.102639	0.004052
0.123167	0.004862
0.143695	0.005672
0.164223	0.006483
0.184751	0.007293
0.205279	0.008103
0.225806	0.007982
0.246334	0.007860
0.266862	0.007739
0.287390	0.007617
0.307918	0.007496
0.328446	0.007374
0.348974	0.007252
0.369501	0.007131
0.390029	0.007009
0.410557	0.006888
0.431085	0.006882
0.451613	0.006876
0.472141	0.006870
0.492669	0.006864
0.513196	0.006857
0.533724	0.006851
0.554252	0.006845
0.574780	0.006839
0.595308	0.006833
0.615836	0.006827
0.636364	0.009744
0.656891	0.012661
0.677419	0.015578
0.697947	0.018495
0.718475	0.021411
0.739003	0.024328
0.759531	0.027245
0.780059	0.030162
0.800587	0.033079
0.821114	0.035996
0.841642	0.033387
0.862170	0.030777
0.882698	0.028168
0.903226	0.025559
0.923754	0.022950
0.944282	0.020340
0.964809	0.017731
0.985337	0.015122
1.005865	0.012512
1.026393	0.009903
1.046921	0.015607
1.067449	0.021311
1.087977	0.027015
1.108504	0.032719
1.129032	0.038423
1.149560	0.044127
1.170088	0.049831
1.190616	0.055534
1.211144	0.061238
1.231672	0.066942
1.252199	0.068605
1.272727	0.070268
1.293255	0.071931
1.313783	0.073593
1.334311	0.075256
1.354839	0.076919
1.375367	0.078582
1.395894	0.080244
1.416422	0.081907
1.436950	0.083570
1.457478	0.315975
1.478006	0.548380
1.498534	0.780785
1.519062	1.013190
1.539589	1.245595
1.560117	1.478000
1.580645	1.710405
1.601173	1.942810
1.621701	2.175215
1.642229	2.407620
1.662757	9.194660
1.683284	15.981700
1.703812	22.768740
1.724340	29.555780
1.744868	36.342820
1.765396	43.129859
1.785924	49.916899
1.806452	56.703939
1.826979	63.490979
1.847507	70.278019
1.868035	73.250217
1.888563	76.222415
1.909091	79.194613
1.929619	82.166811
1.950147	85.139010
1.970674	88.111208
1.991202	91.083406
2.011730	94.055604
2.032258	97.027802
2.052786	100.000000
2.073314	91.897416
2.093842	83.794831
2.114370	75.692247
2.134897	67.589662
2.155425	59.487078
2.175953	51.384494
2.196481	43.281909
2.217009	35.179325
2.237537	27.076741
2.258065	18.974156
2.278592	17.379542
2.299120	15.784928
2.319648	14.190314
2.340176	12.595700
2.360704	11.001087
2.381232	9.406473
2.401760	7.811859
2.422287	6.217245
2.442815	4.622631
2.463343	3.028017
2.483871	2.912632
2.504399	2.797246
2.524927	2.681861
2.545455	2.566476
2.565982	2.451091
2.586510	2.335705
2.607038	2.220320
2.627566	2.104935
2.648094	1.989550
2.668622	1.874164
2.689150	1.908912
2.709677	1.943659
2.730205	1.978406
2.750733	2.013153
2.771261	2.047901
2.791789	2.082648
2.812317	2.117395
2.832845	2.152143
2.853372	2.186890
2.873900	2.221637
2.894428	2.481546
2.914956	2.741455
2.935484	3.001363
2.956012	3.261272
2.976540	3.521181
2.997067	3.781090
3.017595	4.040999
3.038123	4.300907
3.058651	4.560816
3.079179	4.820725
3.099707	5.727840
3.120235	6.634954
3.140762	7.542069
3.161290	8.449183
3.181818	9.356298
3.202346	10.263412
3.222874	11.170527
3.243402	12.077641
3.263930	12.984756
3.284457	13.891870
3.304985	15.749612
3.325513	17.607354
3.346041	19.465096
3.366569	21.322838
3.387097	23.180579
3.407625	25.038321
3.428152	26.896063
3.448680	28.753805
3.469208	30.611547
3.489736	32.469288
3.510264	31.570817
3.530792	30.672345
3.551320	29.773873
3.571848	28.875401
3.592375	27.976930
3.612903	27.078458
3.633431	26.179986
3.653959	25.281515
3.674487	24.383043
3.695015	23.484571
3.715543	22.001391
3.736070	20.518211
3.756598	19.035032
3.777126	17.551852
3.797654	16.068672
3.818182	14.585492
3.838710	13.102312
3.859238	11.619132
3.879765	10.135952
3.900293	8.652772
3.920821	8.142250
3.941349	7.631728
3.961877	7.121206
3.982405	6.610684
4.002933	6.100161
4.023460	5.589639
4.043988	5.079117
4.064516	4.568595
4.085044	4.058073
4.105572	3.547551
4.126100	3.336135
4.146628	3.124719
4.167155	2.913303
4.187683	2.701886
4.208211	2.490470
4.228739	2.279054
4.249267	2.067638
4.269795	1.856222
4.290323	1.644806
4.310850	1.433390
4.331378	1.378900
4.351906	1.324409
4.372434	1.269918
4.392962	1.215427
4.413490	1.160937
4.434018	1.106446
4.454545	1.051955
4.475073	0.997465
4.495601	0.942974
4.516129	0.888483
4.536657	0.848159
4.557185	0.807835
4.577713	0.767511
4.598240	0.727187
4.618768	0.686864
4.639296	0.646540
4.659824	0.606216
4.680352	0.565892
4.700880	0.525568
4.721408	0.485244
4.741935	0.459485
4.762463	0.433726
4.782991	0.407967
4.803519	0.382209
4.824047	0.356450
4.844575	0.330691
4.865103	0.304932
4.885630	0.279173
4.906158	0.253414
4.926686	0.227655
4.947214	0.221019
4.967742	0.214383
4.988270	0.207747
5.008798	0.201111
5.029326	0.194475
5.049853	0.187838
5.070381	0.181202
5.090909	0.174566
5.111437	0.167930
5.131965	0.161294
5.152493	0.152130
5.173021	0.142965
5.193548	0.133801
5.214076	0.124636
5.234604	0.115472
5.255132	0.106307
5.275660	0.097143
5.296188	0.087979
5.316716	0.078814
5.337243	0.069650
5.357771	0.067328
5.378299	0.065006
5.398827	0.062684
5.419355	0.060362
5.439883	0.058040
5.460411	0.055718
5.480938	0.053396
5.501466	0.051074
5.521994	0.048752
5.542522	0.046430
5.563050	0.044045
5.583578	0.041660
5.604106	0.039275
5.624633	0.036890
5.645161	0.034505
5.665689	0.032120
5.686217	0.029735
5.706745	0.027350
5.727273	0.024965
5.747801	0.022580
5.768328	0.021974
5.788856	0.021369
5.809384	0.020763
5.829912	0.020158
5.850440	0.019553
5.870968	0.018947
5.891496	0.018342
5.912023	0.017736
5.932551	0.017131
5.953079	0.016525
5.973607	0.016252
5.994135	0.015979
6.014663	0.015705
6.035191	0.015432
6.055718	0.015158
6.076246	0.014885
6.096774	0.014612
6.117302	0.014338
6.137830	0.014065
6.158358	0.013792
6.178886	0.013535
6.199413	0.013278
6.219941	0.013021
6.240469	0.012764
6.260997	0.012508
6.281525	0.012251
6.302053	0.011994
6.322581	0.011737
6.343109	0.011481
6.363636	0.011224
6.384164	0.010158
6.404692	0.009091
6.425220	0.008025
6.445748	0.006959
6.466276	0.005893
6.486804	0.004826
6.507331	0.003760
6.527859	0.002694
6.548387	0.001627
6.568915	0.000561
6.589443	0.002453
6.609971	0.004344
6.630499	0.006236
6.651026	0.008127
6.671554	0.010019
6.692082	0.011910
6.712610	0.013802
6.733138	0.015693
6.753666	0.017585
6.774194	0.019476
6.794721	0.017626
6.815249	0.015776
6.835777	0.013925
6.856305	0.012075
6.876833	0.010225
6.897361	0.008375
6.917889	0.006524
6.938416	0.004674
6.958944	0.002824
6.979472	0.000974
