0.000000	0.000395
0.020528	0.000575
0.041056	0.000754
0.061584	0.000934
0.082111	0.001114
0.102639	0.001293
0.123167	0.001473
0.143695	0.001653
0.164223	0.001832
0.184751	0.002012
0.205279	0.002192
0.225806	0.002142
0.246334	0.002091
0.266862	0.002041
0.287390	0.001991
0.307918	0.001941
0.328446	0.001890
0.348974	0.001840
0.369501	0.001790
0.390029	0.001739
0.410557	0.001689
0.431085	0.001549
0.451613	0.001408
0.472141	0.001267
0.492669	0.001126
0.513196	0.000986
0.533724	0.000845
0.554252	0.000704
0.574780	0.000563
0.595308	0.000423
0.615836	0.000282
0.636364	0.001065
0.656891	0.001847
0.677419	0.002630
0.697947	0.003413
0.718475	0.004196
0.739003	0.004979
0.759531	0.005761
0.780059	0.006544
0.800587	0.007327
0.821114	0.008110
0.841642	0.008939
0.862170	0.009768
0.882698	0.010597
0.903226	0.011426
0.923754	0.012255
0.944282	0.013084
0.964809	0.013913
0.985337	0.014742
1.005865	0.015571
1.026393	0.016399
1.046921	0.030539
1.067449	0.044679
1.087977	0.058819
1.108504	0.072959
1.129032	0.087099
1.149560	0.101239
1.170088	0.115379
1.190616	0.129518
1.211144	0.143658
1.231672	0.157798
1.252199	10.142018
1.272727	20.126238
1.293255	30.110459
1.313783	40.094679
1.334311	50.078899
1.354839	60.063119
1.375367	70.047339
1.395894	80.031560
1.416422	90.015780
1.436950	100.000000
1.457478	92.085301
1.478006	84.170603
1.498534	76.255904
1.519062	68.341206
1.539589	60.426507
1.560117	52.511809
1.580645	44.597110
1.601173	36.682412
1.621701	28.767713
1.642229	20.853015
1.662757	18.885603
1.683284	16.918191
1.703812	14.950779
1.724340	12.983367
1.744868	11.015955
1.765396	9.048543
1.785924	7.081131
1.806452	5.113720
1.826979	3.146308
1.847507	1.178896
1.868035	1.074266
1.888563	0.969636
1.909091	0.865006
1.929619	0.760376
1.950147	0.655746
1.970674	0.551116
1.991202	0.446486
2.011730	0.341856
2.032258	0.237226
2.052786	0.132596
2.073314	0.128747
2.093842	0.124898
2.114370	0.121048
2.134897	0.117199
2.155425	0.113350
2.175953	0.109500
2.196481	0.105651
2.217009	0.101802
2.237537	0.097952
2.258065	0.094103
2.278592	0.102342
2.299120	0.110581
2.319648	0.118820
2.340176	0.127059
2.360704	0.135298
2.381232	0.143537
2.401760	0.151776
2.422287	0.160015
2.442815	0.168254
2.463343	0.176493
2.483871	0.303514
2.504399	0.430535
2.524927	0.557556
2.545455	0.684577
2.565982	0.811599
2.586510	0.938620
2.607038	1.065641
2.627566	1.192662
2.648094	1.319684
2.668622	1.446705
2.689150	1.614279
2.709677	1.781854
2.730205	1.949428
2.750733	2.117003
2.771261	2.284577
2.791789	2.452152
2.812317	2.619726
2.832845	2.787301
2.853372	2.954876
2.873900	3.122450
2.894428	3.870739
2.914956	4.619028
2.935484	5.367316
2.956012	6.115605
2.976540	6.863894
2.997067	7.612183
3.017595	8.360471
3.038123	9.108760
3.058651	9.857049
3.079179	10.605337
3.099707	12.057214
3.120235	13.509090
3.140762	14.960966
3.161290	16.412843
3.181818	17.864719
3.202346	19.316595
3.222874	20.768472
3.243402	22.220348
3.263930	23.672224
3.284457	25.124100
3.304985	25.274650
3.325513	25.425200
3.346041	25.575750
3.366569	25.726299
3.387097	25.876849
3.407625	26.027399
3.428152	26.177949
3.448680	26.328498
3.469208	26.479048
3.489736	26.629598
3.510264	25.973058
3.530792	25.316519
3.551320	24.659980
3.571848	24.003440
3.592375	23.346901
3.612903	22.690362
3.633431	22.033822
3.653959	21.377283
3.674487	20.720743
3.695015	20.064204
3.715543	19.135338
3.736070	18.206472
3.756598	17.277606
3.777126	16.348740
3.797654	15.419874
3.818182	14.491008
3.838710	13.562142
3.859238	12.633276
3.879765	11.704409
3.900293	10.775543
3.920821	10.142634
3.941349	9.509724
3.961877	8.876814
3.982405	8.243905
4.002933	7.610995
4.023460	6.978085
4.043988	6.345176
4.064516	5.712266
4.085044	5.079356
4.105572	4.446447
4.126100	4.203542
4.146628	3.960638
4.167155	3.717733
4.187683	3.474829
4.208211	3.231924
4.228739	2.989020
4.249267	2.746115
4.269795	2.503211
4.290323	2.260306
4.310850	2.017402
4.331378	1.887829
4.351906	1.758256
4.372434	1.628684
4.392962	1.499111
4.413490	1.369538
4.434018	1.239965
4.454545	1.110392
4.475073	0.980820
4.495601	0.851247
4.516129	0.721674
4.536657	0.672545
4.557185	0.623416
4.577713	0.574286
4.598240	0.525157
4.618768	0.476028
4.639296	0.426898
4.659824	0.377769
4.680352	0.328640
4.700880	0.279510
4.721408	0.230381
4.741935	0.213372
4.762463	0.196363
4.782991	0.179354
4.803519	0.162345
4.824047	0.145336
4.844575	0.128327
4.865103	0.111318
4.885630	0.094309
4.906158	0.077300
4.926686	0.060291
4.947214	0.056419
4.967742	0.052548
4.988270	0.048676
5.008798	0.044805
5.029326	0.040933
5.049853	0.037062
5.070381	0.033190
5.090909	0.029319
5.111437	0.025447
5.131965	0.021575
5.152493	0.020790
5.173021	0.020004
5.193548	0.019218
5.214076	0.018432
5.234604	0.017646
5.255132	0.016860
5.275660	0.016074
5.296188	0.015288
5.316716	0.014502
5.337243	0.013716
5.357771	0.013874
5.378299	0.014032
5.398827	0.014190
5.419355	0.014349
5.439883	0.014507
5.460411	0.014665
5.480938	0.014823
5.501466	0.014981
5.521994	0.015139
5.542522	0.015298
5.563050	0.014101
5.583578	0.012904
5.604106	0.011708
5.624633	0.010511
5.645161	0.009315
5.665689	0.008118
5.686217	0.006922
5.706745	0.005725
5.727273	0.004528
5.747801	0.003332
5.768328	0.003292
5.788856	0.003252
5.809384	0.003212
5.829912	0.003171
5.850440	0.003131
5.870968	0.003091
5.891496	0.003051
5.912023	0.003011
5.932551	0.002971
5.953079	0.002931
5.973607	0.003087
5.994135	0.003243
6.014663	0.003399
6.035191	0.003555
6.055718	0.003711
6.076246	0.003867
6.096774	0.004023
6.117302	0.004179
6.137830	0.004335
6.158358	0.004491
6.178886	0.004518
6.199413	0.004546
6.219941	0.004573
6.240469	0.004601
6.260997	0.004628
6.281525	0.004656
6.302053	0.004683
6.322581	0.004711
6.343109	0.004738
6.363636	0.004766
6.384164	0.004550
6.404692	0.004334
6.425220	0.004119
6.445748	0.003903
6.466276	0.003687
6.486804	0.003471
6.507331	0.003255
6.527859	0.003039
6.548387	0.002824
6.568915	0.002608
6.589443	0.002834
6.609971	0.003060
6.630499	0.003286
6.651026	0.003512
6.671554	0.003739
6.692082	0.003965
6.712610	0.004191
6.733138	0.004417
6.753666	0.004643
6.774194	0.004869
6.794721	0.004584
6.815249	0.004300
6.835777	0.004015
6.856305	0.003730
6.876833	0.003445
6.897361	0.003160
6.917889	0.002875
6.938416	0.002590
6.958944	0.002305
6.979472	0.002021
