0.000000	0.000000
0.020528	0.000971
0.041056	0.001941
0.061584	0.002912
0.082111	0.003882
0.102639	0.004853
0.123167	0.005823
0.143695	0.006794
0.164223	0.007765
0.184751	0.008735
0.205279	0.009706
0.225806	0.009948
0.246334	0.010191
0.266862	0.010434
0.287390	0.010676
0.307918	0.010919
0.328446	0.011162
0.348974	0.011404
0.369501	0.011647
0.390029	0.011889
0.410557	0.012132
0.431085	0.010980
0.451613	0.009827
0.472141	0.008674
0.492669	0.007522
0.513196	0.006369
0.533724	0.005217
0.554252	0.004064
0.574780	0.002912
0.595308	0.001759
0.615836	0.000607
0.636364	0.002102
0.656891	0.003597
0.677419	0.005092
0.697947	0.006588
0.718475	0.008083
0.739003	0.009578
0.759531	0.011074
0.780059	0.012569
0.800587	0.014064
0.821114	0.015559
0.841642	0.015246
0.862170	0.014933
0.882698	0.014619
0.903226	0.014306
0.923754	0.013992
0.944282	0.013679
0.964809	0.013365
0.985337	0.013052
1.005865	0.012738
1.026393	0.012425
1.046921	0.012021
1.067449	0.011617
1.087977	0.011213
1.108504	0.010809
1.129032	0.010405
1.149560	0.010001
1.170088	0.009597
1.190616	0.009194
1.211144	0.008790
1.231672	0.008386
1.252199	0.014771
1.272727	0.021157
1.293255	0.027542
1.313783	0.033928
1.334311	0.040314
1.354839	0.046699
1.375367	0.053085
1.395894	0.059470
1.416422	0.065856
1.436950	0.072241
1.457478	0.690619
1.478006	1.308997
1.498534	1.927375
1.519062	2.545753
1.539589	3.164131
1.560117	3.782509
1.580645	4.400887
1.601173	5.019265
1.621701	5.637643
1.642229	6.256021
1.662757	15.630419
1.683284	25.004817
1.703812	34.379215
1.724340	43.753613
1.744868	53.128011
1.765396	62.502408
1.785924	71.876806
1.806452	81.251204
1.826979	90.625602
1.847507	100.000000
1.868035	96.853639
1.888563	93.707279
1.909091	90.560918
1.929619	87.414558
1.950147	84.268197
1.970674	81.121837
1.991202	77.975476
2.011730	74.829116
2.032258	71.682755
2.052786	68.536395
2.073314	62.583127
2.093842	56.629858
2.114370	50.676590
2.134897	44.723322
2.155425	38.770054
2.175953	32.816785
2.196481	26.863517
2.217009	20.910249
2.237537	14.956981
2.258065	9.003712
2.278592	8.365088
2.299120	7.726463
2.319648	7.087839
2.340176	6.449214
2.360704	5.810590
2.381232	5.171965
2.401760	4.533341
2.422287	3.894716
2.442815	3.256092
2.463343	2.617467
2.483871	2.508764
2.504399	2.400061
2.524927	2.291358
2.545455	2.182654
2.565982	2.073951
2.586510	1.965248
2.607038	1.856544
2.627566	1.747841
2.648094	1.639138
2.668622	1.530435
2.689150	1.544508
2.709677	1.558581
2.730205	1.572655
2.750733	1.586728
2.771261	1.600801
2.791789	1.614874
2.812317	1.628948
2.832845	1.643021
2.853372	1.657094
2.873900	1.671168
2.894428	1.687303
2.914956	1.703439
2.935484	1.719575
2.956012	1.735710
2.976540	1.751846
2.997067	1.767982
3.017595	1.784118
3.038123	1.800253
3.058651	1.816389
3.079179	1.832525
3.099707	2.101500
3.120235	2.370475
3.140762	2.639450
3.161290	2.908425
3.181818	3.177400
3.202346	3.446376
3.222874	3.715351
3.243402	3.984326
3.263930	4.253301
3.284457	4.522276
3.304985	5.115058
3.325513	5.707840
3.346041	6.300621
3.366569	6.893403
3.387097	7.486185
3.407625	8.078967
3.428152	8.671748
3.448680	9.264530
3.469208	9.857312
3.489736	10.450093
3.510264	9.970669
3.530792	9.491244
3.551320	9.011820
3.571848	8.532395
3.592375	8.052970
3.612903	7.573546
3.633431	7.094121
3.653959	6.614696
3.674487	6.135272
3.695015	5.655847
3.715543	5.321876
3.736070	4.987905
3.756598	4.653934
3.777126	4.319962
3.797654	3.985991
3.818182	3.652020
3.838710	3.318049
3.859238	2.984078
3.879765	2.650107
3.900293	2.316136
3.920821	2.191316
3.941349	2.066496
3.961877	1.941676
3.982405	1.816856
4.002933	1.692036
4.023460	1.567216
4.043988	1.442396
4.064516	1.317576
4.085044	1.192756
4.105572	1.067936
4.126100	1.045971
4.146628	1.024007
4.167155	1.002043
4.187683	0.980079
4.208211	0.958114
4.228739	0.936150
4.249267	0.914186
4.269795	0.892222
4.290323	0.870257
4.310850	0.848293
4.331378	0.810022
4.351906	0.771751
4.372434	0.733480
4.392962	0.695209
4.413490	0.656938
4.434018	0.618667
4.454545	0.580396
4.475073	0.542125
4.495601	0.503854
4.516129	0.465583
4.536657	0.447849
4.557185	0.430115
4.577713	0.412381
4.598240	0.394648
4.618768	0.376914
4.639296	0.359180
4.659824	0.341446
4.680352	0.323712
4.700880	0.305978
4.721408	0.288245
4.741935	0.280176
4.762463	0.272107
4.782991	0.264038
4.803519	0.255969
4.824047	0.247900
4.844575	0.239831
4.865103	0.231762
4.885630	0.223693
4.906158	0.215624
4.926686	0.207556
4.947214	0.196961
4.967742	0.186367
4.988270	0.175772
5.008798	0.165178
5.029326	0.154583
5.049853	0.143989
5.070381	0.133395
5.090909	0.122800
5.111437	0.112206
5.131965	0.101611
5.152493	0.099140
5.173021	0.096670
5.193548	0.094199
5.214076	0.091728
5.234604	0.089257
5.255132	0.086786
5.275660	0.084315
5.296188	0.081844
5.316716	0.079374
5.337243	0.076903
5.357771	0.072897
5.378299	0.068891
5.398827	0.064885
5.419355	0.060879
5.439883	0.056874
5.460411	0.052868
5.480938	0.048862
5.501466	0.044856
5.521994	0.040850
5.542522	0.036845
5.563050	0.037227
5.583578	0.037609
5.604106	0.037991
5.624633	0.038373
5.645161	0.038755
5.665689	0.039137
5.686217	0.039519
5.706745	0.039901
5.727273	0.040283
5.747801	0.040665
5.768328	0.039228
5.788856	0.037792
5.809384	0.036355
5.829912	0.034918
5.850440	0.033481
5.870968	0.032044
5.891496	0.030608
5.912023	0.029171
5.932551	0.027734
5.953079	0.026297
5.973607	0.024770
5.994135	0.023242
6.014663	0.021714
6.035191	0.020187
6.055718	0.018659
6.076246	0.017131
6.096774	0.015604
6.117302	0.014076
6.137830	0.012548
6.158358	0.011021
6.178886	0.011818
6.199413	0.012615
6.219941	0.013412
6.240469	0.014209
6.260997	0.015006
6.281525	0.015803
6.302053	0.016600
6.322581	0.017398
6.343109	0.018195
6.363636	0.018992
6.384164	0.017964
6.404692	0.016936
6.425220	0.015909
6.445748	0.014881
6.466276	0.013853
6.486804	0.012825
6.507331	0.011797
6.527859	0.010770
6.548387	0.009742
6.568915	0.008714
6.589443	0.008275
6.609971	0.007835
6.630499	0.007395
6.651026	0.006956
6.671554	0.006516
6.692082	0.006076
6.712610	0.005637
6.733138	0.005197
6.753666	0.004758
6.774194	0.004318
6.794721	0.004296
6.815249	0.004274
6.835777	0.004252
6.856305	0.004230
6.876833	0.004208
6.897361	0.004186
6.917889	0.004164
6.938416	0.004142
6.958944	0.004120
6.979472	0.004098
