0.000000	0.002332
0.020528	0.002577
0.041056	0.002822
0.061584	0.003067
0.082111	0.003312
0.102639	0.003557
0.123167	0.003802
0.143695	0.004047
0.164223	0.004292
0.184751	0.004537
0.205279	0.004781
0.225806	0.004560
0.246334	0.004339
0.266862	0.004118
0.287390	0.003897
0.307918	0.003676
0.328446	0.003455
0.348974	0.003234
0.369501	0.003013
0.390029	0.002792
0.410557	0.002571
0.431085	0.002327
0.451613	0.002083
0.472141	0.001839
0.492669	0.001594
0.513196	0.001350
0.533724	0.001106
0.554252	0.000861
0.574780	0.000617
0.595308	0.000373
0.615836	0.000129
0.636364	0.000583
0.656891	0.001037
0.677419	0.001491
0.697947	0.001946
0.718475	0.002400
0.739003	0.002854
0.759531	0.003308
0.780059	0.003763
0.800587	0.004217
0.821114	0.004671
0.841642	0.007260
0.862170	0.009848
0.882698	0.012436
0.903226	0.015025
0.923754	0.017613
0.944282	0.020201
0.964809	0.022790
0.985337	0.025378
1.005865	0.027967
1.026393	0.030555
1.046921	0.031384
1.067449	0.032213
1.087977	0.033042
1.108504	0.033871
1.129032	0.034701
1.149560	0.035530
1.170088	0.036359
1.190616	0.037188
1.211144	0.038017
1.231672	0.038846
1.252199	0.053699
1.272727	0.068551
1.293255	0.083403
1.313783	0.098255
1.334311	0.113108
1.354839	0.127960
1.375367	0.142812
1.395894	0.157664
1.416422	0.172517
1.436950	0.187369
1.457478	0.292837
1.478006	0.398304
1.498534	0.503772
1.519062	0.609240
1.539589	0.714708
1.560117	0.820176
1.580645	0.925643
1.601173	1.031111
1.621701	1.136579
1.642229	1.242047
1.662757	11.117842
1.683284	20.993637
1.703812	30.869433
1.724340	40.745228
1.744868	50.621023
1.765396	60.496819
1.785924	70.372614
1.806452	80.248409
1.826979	90.124205
1.847507	100.000000
1.868035	99.285835
1.888563	98.571670
1.909091	97.857505
1.929619	97.143340
1.950147	96.429176
1.970674	95.715011
1.991202	95.000846
2.011730	94.286681
2.032258	93.572516
2.052786	92.858351
2.073314	85.156247
2.093842	77.454144
2.114370	69.752040
2.134897	62.049937
2.155425	54.347833
2.175953	46.645729
2.196481	38.943626
2.217009	31.241522
2.237537	23.539419
2.258065	15.837315
2.278592	14.907009
2.299120	13.976703
2.319648	13.046397
2.340176	12.116092
2.360704	11.185786
2.381232	10.255480
2.401760	9.325174
2.422287	8.394868
2.442815	7.464563
2.463343	6.534257
2.483871	6.712469
2.504399	6.890682
2.524927	7.068894
2.545455	7.247106
2.565982	7.425318
2.586510	7.603531
2.607038	7.781743
2.627566	7.959955
2.648094	8.138168
2.668622	8.316380
2.689150	8.738127
2.709677	9.159874
2.730205	9.581621
2.750733	10.003368
2.771261	10.425115
2.791789	10.846862
2.812317	11.268609
2.832845	11.690356
2.853372	12.112103
2.873900	12.533850
2.894428	12.985734
2.914956	13.437617
2.935484	13.889500
2.956012	14.341384
2.976540	14.793267
2.997067	15.245150
3.017595	15.697033
3.038123	16.148917
3.058651	16.600800
3.079179	17.052683
3.099707	18.768723
3.120235	20.484763
3.140762	22.200803
3.161290	23.916842
3.181818	25.632882
3.202346	27.348922
3.222874	29.064962
3.243402	30.781002
3.263930	32.497041
3.284457	34.213081
3.304985	33.398690
3.325513	32.584299
3.346041	31.769907
3.366569	30.955516
3.387097	30.141125
3.407625	29.326733
3.428152	28.512342
3.448680	27.697951
3.469208	26.883559
3.489736	26.069168
3.510264	25.582259
3.530792	25.095349
3.551320	24.608440
3.571848	24.121531
3.592375	23.634621
3.612903	23.147712
3.633431	22.660802
3.653959	22.173893
3.674487	21.686983
3.695015	21.200074
3.715543	20.013023
3.736070	18.825971
3.756598	17.638920
3.777126	16.451868
3.797654	15.264817
3.818182	14.077766
3.838710	12.890714
3.859238	11.703663
3.879765	10.516611
3.900293	9.329560
3.920821	8.853289
3.941349	8.377019
3.961877	7.900748
3.982405	7.424477
4.002933	6.948207
4.023460	6.471936
4.043988	5.995665
4.064516	5.519395
4.085044	5.043124
4.105572	4.566853
4.126100	4.362045
4.146628	4.157236
4.167155	3.952428
4.187683	3.747619
4.208211	3.542811
4.228739	3.338002
4.249267	3.133194
4.269795	2.928385
4.290323	2.723577
4.310850	2.518768
4.331378	3.115654
4.351906	3.712540
4.372434	4.309425
4.392962	4.906311
4.413490	5.503197
4.434018	6.100082
4.454545	6.696968
4.475073	7.293854
4.495601	7.890739
4.516129	8.487625
4.536657	7.754771
4.557185	7.021918
4.577713	6.289064
4.598240	5.556211
4.618768	4.823358
4.639296	4.090504
4.659824	3.357651
4.680352	2.624797
4.700880	1.891944
4.721408	1.159090
4.741935	1.074633
4.762463	0.990176
4.782991	0.905719
4.803519	0.821262
4.824047	0.736805
4.844575	0.652348
4.865103	0.567891
4.885630	0.483434
4.906158	0.398977
4.926686	0.314520
4.947214	0.295719
4.967742	0.276919
4.988270	0.258118
5.008798	0.239318
5.029326	0.220517
5.049853	0.201717
5.070381	0.182917
5.090909	0.164116
5.111437	0.145316
5.131965	0.126515
5.152493	0.123243
5.173021	0.119971
5.193548	0.116698
5.214076	0.113426
5.234604	0.110153
5.255132	0.106881
5.275660	0.103608
5.296188	0.100336
5.316716	0.097064
5.337243	0.093791
5.357771	0.088030
5.378299	0.082268
5.398827	0.076507
5.419355	0.070745
5.439883	0.064984
5.460411	0.059223
5.480938	0.053461
5.501466	0.047700
5.521994	0.041938
5.542522	0.036177
5.563050	0.035073
5.583578	0.033968
5.604106	0.032864
5.624633	0.031759
5.645161	0.030655
5.665689	0.029551
5.686217	0.028446
5.706745	0.027342
5.727273	0.026237
5.747801	0.025133
5.768328	0.024495
5.788856	0.023856
5.809384	0.023218
5.829912	0.022580
5.850440	0.021941
5.870968	0.021303
5.891496	0.020665
5.912023	0.020026
5.932551	0.019388
5.953079	0.018750
5.973607	0.018601
5.994135	0.018453
6.014663	0.018304
6.035191	0.018156
6.055718	0.018007
6.076246	0.017858
6.096774	0.017710
6.117302	0.017561
6.137830	0.017413
6.158358	0.017264
6.178886	0.015624
6.199413	0.013984
6.219941	0.012344
6.240469	0.010704
6.260997	0.009064
6.281525	0.007424
6.302053	0.005784
6.322581	0.004143
6.343109	0.002503
6.363636	0.000863
6.384164	0.002764
6.404692	0.004664
6.425220	0.006565
6.445748	0.008465
6.466276	0.010366
6.486804	0.012266
6.507331	0.014167
6.527859	0.016068
6.548387	0.017968
6.568915	0.019869
6.589443	0.018681
6.609971	0.017493
6.630499	0.016305
6.651026	0.015117
6.671554	0.013930
6.692082	0.012742
6.712610	0.011554
6.733138	0.010366
6.753666	0.009178
6.774194	0.007991
6.794721	0.008398
6.815249	0.008805
6.835777	0.009212
6.856305	0.009619
6.876833	0.010026
6.897361	0.010433
6.917889	0.010840
6.938416	0.011247
6.958944	0.011654
6.979472	0.012062
