0.000000	0.000000
0.020528	0.000000
0.041056	0.000000
0.061584	0.000000
0.082111	0.000000
0.102639	0.000000
0.123167	0.000000
0.143695	0.000000
0.164223	0.000000
0.184751	0.000000
0.205279	0.000000
0.225806	0.000000
0.246334	0.000000
0.266862	0.000000
0.287390	0.000000
0.307918	0.000000
0.328446	0.000000
0.348974	0.000000
0.369501	0.000000
0.390029	0.000000
0.410557	0.000000
0.431085	0.000000
0.451613	0.000000
0.472141	0.000000
0.492669	0.000000
0.513196	0.000000
0.533724	0.000000
0.554252	0.000000
0.574780	0.000000
0.595308	0.000000
0.615836	0.000000
0.636364	0.000000
0.656891	0.000000
0.677419	0.000000
0.697947	0.000000
0.718475	0.000000
0.739003	0.000000
0.759531	0.000000
0.780059	0.000000
0.800587	0.000000
0.821114	0.000000
0.841642	0.000000
0.862170	0.000000
0.882698	0.000000
0.903226	0.000000
0.923754	0.000000
0.944282	0.000000
0.964809	0.000000
0.985337	0.000000
1.005865	0.000000
1.026393	0.000000
1.046921	0.000000
1.067449	0.000000
1.087977	0.000000
1.108504	0.000000
1.129032	0.000000
1.149560	0.000000
1.170088	0.000000
1.190616	0.000000
1.211144	0.000000
1.231672	0.000000
1.252199	0.000000
1.272727	0.000000
1.293255	0.000000
1.313783	0.000000
1.334311	0.000000
1.354839	0.000000
1.375367	0.000000
1.395894	0.000000
1.416422	0.000000
1.436950	0.000000
1.457478	0.111469
1.478006	0.222939
1.498534	0.334408
1.519062	0.445878
1.539589	0.557347
1.560117	0.668816
1.580645	0.780286
1.601173	0.891755
1.621701	1.003225
1.642229	1.114694
1.662757	1.008798
1.683284	0.902902
1.703812	0.797006
1.724340	0.691110
1.744868	0.585214
1.765396	0.479318
1.785924	0.373423
1.806452	0.267527
1.826979	0.161631
1.847507	0.055735
1.868035	0.050440
1.888563	0.045145
1.909091	0.039850
1.929619	0.034556
1.950147	0.029261
1.970674	0.023966
1.991202	0.018671
2.011730	0.013376
2.032258	0.008082
2.052786	0.002787
2.073314	0.002522
2.093842	0.002257
2.114370	0.001993
2.134897	0.001728
2.155425	0.001463
2.175953	0.001198
2.196481	0.000934
2.217009	0.000669
2.237537	0.000404
2.258065	0.000139
2.278592	0.371691
2.299120	0.743242
2.319648	1.114794
2.340176	1.486345
2.360704	1.857897
2.381232	2.229448
2.401760	2.600999
2.422287	2.972551
2.442815	3.344102
2.463343	3.715654
2.483871	7.264096
2.504399	10.812538
2.524927	14.360980
2.545455	17.909422
2.565982	21.457864
2.586510	25.006306
2.607038	28.554748
2.627566	32.103190
2.648094	35.651633
2.668622	39.200075
2.689150	45.280067
2.709677	51.360060
2.730205	57.440052
2.750733	63.520045
2.771261	69.600037
2.791789	75.680030
2.812317	81.760022
2.832845	87.840015
2.853372	93.920007
2.873900	100.000000
2.894428	97.161624
2.914956	94.323248
2.935484	91.484872
2.956012	88.646496
2.976540	85.808120
2.997067	82.969744
3.017595	80.131368
3.038123	77.292992
3.058651	74.454616
3.079179	71.616240
3.099707	67.095166
3.120235	62.574092
3.140762	58.053018
3.161290	53.531944
3.181818	49.010870
3.202346	44.489796
3.222874	39.968722
3.243402	35.447648
3.263930	30.926574
3.284457	26.405500
3.304985	25.542478
3.325513	24.679456
3.346041	23.816435
3.366569	22.953413
3.387097	22.090391
3.407625	21.227369
3.428152	20.364348
3.448680	19.501326
3.469208	18.638304
3.489736	17.775282
3.510264	16.712983
3.530792	15.650683
3.551320	14.588383
3.571848	13.526083
3.592375	12.463783
3.612903	11.401483
3.633431	10.339183
3.653959	9.276883
3.674487	8.214583
3.695015	7.152283
3.715543	6.823149
3.736070	6.494014
3.756598	6.164880
3.777126	5.835745
3.797654	5.506611
3.818182	5.177476
3.838710	4.848342
3.859238	4.519207
3.879765	4.190073
3.900293	3.860938
3.920821	3.515381
3.941349	3.169825
3.961877	2.824268
3.982405	2.478711
4.002933	2.133154
4.023460	1.787597
4.043988	1.442040
4.064516	1.096483
4.085044	0.750926
4.105572	0.405370
4.126100	0.404016
4.146628	0.402662
4.167155	0.401309
4.187683	0.399955
4.208211	0.398601
4.228739	0.397248
4.249267	0.395894
4.269795	0.394540
4.290323	0.393187
4.310850	0.391833
4.331378	0.354609
4.351906	0.317385
4.372434	0.280161
4.392962	0.242937
4.413490	0.205712
4.434018	0.168488
4.454545	0.131264
4.475073	0.094040
4.495601	0.056816
4.516129	0.019592
4.536657	0.028347
4.557185	0.037102
4.577713	0.045856
4.598240	0.054611
4.618768	0.063366
4.639296	0.072121
4.659824	0.080876
4.680352	0.089631
4.700880	0.098386
4.721408	0.107141
4.741935	0.155351
4.762463	0.203562
4.782991	0.251772
4.803519	0.299982
4.824047	0.348193
4.844575	0.396403
4.865103	0.444613
4.885630	0.492824
4.906158	0.541034
4.926686	0.589244
4.947214	0.612887
4.967742	0.636530
4.988270	0.660173
5.008798	0.683816
5.029326	0.707458
5.049853	0.731101
5.070381	0.754744
5.090909	0.778387
5.111437	0.802029
5.131965	0.825672
5.152493	0.826854
5.173021	0.828037
5.193548	0.829219
5.214076	0.830401
5.234604	0.831583
5.255132	0.832765
5.275660	0.833947
5.296188	0.835129
5.316716	0.836312
5.337243	0.837494
5.357771	0.954330
5.378299	1.071167
5.398827	1.188003
5.419355	1.304840
5.439883	1.421677
5.460411	1.538513
5.480938	1.655350
5.501466	1.772186
5.521994	1.889023
5.542522	2.005859
5.563050	1.921464
5.583578	1.837069
5.604106	1.752674
5.624633	1.668278
5.645161	1.583883
5.665689	1.499488
5.686217	1.415092
5.706745	1.330697
5.727273	1.246302
5.747801	1.161906
5.768328	1.067449
5.788856	0.972993
5.809384	0.878536
5.829912	0.784079
5.850440	0.689622
5.870968	0.595165
5.891496	0.500708
5.912023	0.406251
5.932551	0.311794
5.953079	0.217337
5.973607	0.201998
5.994135	0.186659
6.014663	0.171320
6.035191	0.155981
6.055718	0.140642
6.076246	0.125303
6.096774	0.109964
6.117302	0.094625
6.137830	0.079287
6.158358	0.063948
6.178886	0.063181
6.199413	0.062414
6.219941	0.061647
6.240469	0.060880
6.260997	0.060113
6.281525	0.059346
6.302053	0.058579
6.322581	0.057812
6.343109	0.057045
6.363636	0.056278
6.384164	0.056240
6.404692	0.056201
6.425220	0.056163
6.445748	0.056125
6.466276	0.056086
6.486804	0.056048
6.507331	0.056010
6.527859	0.055971
6.548387	0.055933
6.568915	0.055895
6.589443	0.050585
6.609971	0.045275
6.630499	0.039965
6.651026	0.034655
6.671554	0.029345
6.692082	0.024035
6.712610	0.018725
6.733138	0.013415
6.753666	0.008105
6.774194	0.002795
6.794721	0.007837
6.815249	0.012880
6.835777	0.017922
6.856305	0.022965
6.876833	0.028008
6.897361	0.033050
6.917889	0.038093
6.938416	0.043135
6.958944	0.048178
6.979472	0.053220
