0.000000	0.000000
0.020528	0.000000
0.041056	0.000000
0.061584	0.000000
0.082111	0.000000
0.102639	0.000000
0.123167	0.000000
0.143695	0.000000
0.164223	0.000000
0.184751	0.000000
0.205279	0.000000
0.225806	0.000000
0.246334	0.000000
0.266862	0.000000
0.287390	0.000000
0.307918	0.000000
0.328446	0.000000
0.348974	0.000000
0.369501	0.000000
0.390029	0.000000
0.410557	0.000000
0.431085	0.000000
0.451613	0.000000
0.472141	0.000000
0.492669	0.000000
0.513196	0.000000
0.533724	0.000000
0.554252	0.000000
0.574780	0.000000
0.595308	0.000000
0.615836	0.000000
0.636364	0.000000
0.656891	0.000000
0.677419	0.000000
0.697947	0.000000
0.718475	0.000000
0.739003	0.000000
0.759531	0.000000
0.780059	0.000000
0.800587	0.000000
0.821114	0.000000
0.841642	0.000000
0.862170	0.000000
0.882698	0.000000
0.903226	0.000000
0.923754	0.000000
0.944282	0.000000
0.964809	0.000000
0.985337	0.000000
1.005865	0.000000
1.026393	0.000000
1.046921	0.000000
1.067449	0.000000
1.087977	0.000000
1.108504	0.000000
1.129032	0.000000
1.149560	0.000000
1.170088	0.000000
1.190616	0.000000
1.211144	0.000000
1.231672	0.000000
1.252199	0.000000
1.272727	0.000000
1.293255	0.000000
1.313783	0.000000
1.334311	0.000000
1.354839	0.000000
1.375367	0.000000
1.395894	0.000000
1.416422	0.000000
1.436950	0.000000
1.457478	0.000000
1.478006	0.000000
1.498534	0.000000
1.519062	0.000000
1.539589	0.000000
1.560117	0.000000
1.580645	0.000000
1.601173	0.000000
1.621701	0.000000
1.642229	0.000000
1.662757	0.000000
1.683284	0.000000
1.703812	0.000000
1.724340	0.000000
1.744868	0.000000
1.765396	0.000000
1.785924	0.000000
1.806452	0.000000
1.826979	0.000000
1.847507	0.000000
1.868035	0.000000
1.888563	0.000000
1.909091	0.000000
1.929619	0.000000
1.950147	0.000000
1.970674	0.000000
1.991202	0.000000
2.011730	0.000000
2.032258	0.000000
2.052786	0.000000
2.073314	4.195804
2.093842	8.391608
2.114370	12.587413
2.134897	16.783217
2.155425	20.979021
2.175953	25.174825
2.196481	29.370629
2.217009	33.566434
2.237537	37.762238
2.258065	41.958042
2.278592	47.762238
2.299120	53.566434
2.319648	59.370629
2.340176	65.174825
2.360704	70.979021
2.381232	76.783217
2.401760	82.587413
2.422287	88.391608
2.442815	94.195804
2.463343	100.000000
2.483871	92.328940
2.504399	84.657881
2.524927	76.986821
2.545455	69.315761
2.565982	61.644701
2.586510	53.973642
2.607038	46.302582
2.627566	38.631522
2.648094	30.960463
2.668622	23.289403
2.689150	21.292079
2.709677	19.294755
2.730205	17.297431
2.750733	15.300108
2.771261	13.302784
2.791789	11.305460
2.812317	9.308136
2.832845	7.310812
2.853372	5.313488
2.873900	3.316165
2.894428	4.184561
2.914956	5.052957
2.935484	5.921354
2.956012	6.789750
2.976540	7.658146
2.997067	8.526542
3.017595	9.394939
3.038123	10.263335
3.058651	11.131731
3.079179	12.000128
3.099707	11.075285
3.120235	10.150442
3.140762	9.225600
3.161290	8.300757
3.181818	7.375914
3.202346	6.451072
3.222874	5.526229
3.243402	4.601386
3.263930	3.676544
3.284457	2.751701
3.304985	3.781306
3.325513	4.810911
3.346041	5.840516
3.366569	6.870121
3.387097	7.899726
3.407625	8.929331
3.428152	9.958937
3.448680	10.988542
3.469208	12.018147
3.489736	13.047752
3.510264	13.421986
3.530792	13.796221
3.551320	14.170455
3.571848	14.544689
3.592375	14.918924
3.612903	15.293158
3.633431	15.667393
3.653959	16.041627
3.674487	16.415862
3.695015	16.790096
3.715543	16.432261
3.736070	16.074426
3.756598	15.716592
3.777126	15.358757
3.797654	15.000922
3.818182	14.643087
3.838710	14.285252
3.859238	13.927418
3.879765	13.569583
3.900293	13.211748
3.920821	12.171801
3.941349	11.131855
3.961877	10.091908
3.982405	9.051962
4.002933	8.012015
4.023460	6.972068
4.043988	5.932122
4.064516	4.892175
4.085044	3.852228
4.105572	2.812282
4.126100	2.545115
4.146628	2.277948
4.167155	2.010782
4.187683	1.743615
4.208211	1.476448
4.228739	1.209281
4.249267	0.942114
4.269795	0.674948
4.290323	0.407781
4.310850	0.140614
4.331378	0.127256
4.351906	0.113897
4.372434	0.100539
4.392962	0.087181
4.413490	0.073822
4.434018	0.060464
4.454545	0.047106
4.475073	0.033747
4.495601	0.020389
4.516129	0.007031
4.536657	0.006363
4.557185	0.005695
4.577713	0.005027
4.598240	0.004359
4.618768	0.003691
4.639296	0.003023
4.659824	0.002355
4.680352	0.001687
4.700880	0.001019
4.721408	0.000352
4.741935	0.054111
4.762463	0.107869
4.782991	0.161628
4.803519	0.215387
4.824047	0.269146
4.844575	0.322905
4.865103	0.376664
4.885630	0.430423
4.906158	0.484182
4.926686	0.537941
4.947214	0.540629
4.967742	0.543317
4.988270	0.546005
5.008798	0.548693
5.029326	0.551381
5.049853	0.554069
5.070381	0.556757
5.090909	0.559445
5.111437	0.562133
5.131965	0.564821
5.152493	0.511163
5.173021	0.457505
5.193548	0.403847
5.214076	0.350189
5.234604	0.296531
5.255132	0.242873
5.275660	0.189215
5.296188	0.135557
5.316716	0.081899
5.337243	0.028241
5.357771	0.052454
5.378299	0.076668
5.398827	0.100881
5.419355	0.125094
5.439883	0.149307
5.460411	0.173521
5.480938	0.197734
5.501466	0.221947
5.521994	0.246161
5.542522	0.270374
5.563050	0.271585
5.583578	0.272795
5.604106	0.274006
5.624633	0.275217
5.645161	0.276427
5.665689	0.277638
5.686217	0.278849
5.706745	0.280059
5.727273	0.281270
5.747801	0.282481
5.768328	0.309437
5.788856	0.336394
5.809384	0.363351
5.829912	0.390307
5.850440	0.417264
5.870968	0.444221
5.891496	0.471177
5.912023	0.498134
5.932551	0.525091
5.953079	0.552048
5.973607	0.553395
5.994135	0.554743
6.014663	0.556091
6.035191	0.557439
6.055718	0.558787
6.076246	0.560135
6.096774	0.561482
6.117302	0.562830
6.137830	0.564178
6.158358	0.565526
6.178886	0.565593
6.199413	0.565661
6.219941	0.565728
6.240469	0.565796
6.260997	0.565863
6.281525	0.565930
6.302053	0.565998
6.322581	0.566065
6.343109	0.566133
6.363636	0.566200
6.384164	0.566203
6.404692	0.566207
6.425220	0.566210
6.445748	0.566213
6.466276	0.566217
6.486804	0.566220
6.507331	0.566224
6.527859	0.566227
6.548387	0.566230
6.568915	0.566234
6.589443	0.566234
6.609971	0.566234
6.630499	0.566234
6.651026	0.566234
6.671554	0.566234
6.692082	0.566235
6.712610	0.566235
6.733138	0.566235
6.753666	0.566235
6.774194	0.566235
6.794721	0.566235
6.815249	0.566235
6.835777	0.566235
6.856305	0.566235
6.876833	0.566235
6.897361	0.566235
6.917889	0.566235
6.938416	0.566235
6.958944	0.566235
6.979472	0.566235
