0.000000	0.000000
0.020528	0.000000
0.041056	0.000000
0.061584	0.000000
0.082111	0.000000
0.102639	0.000000
0.123167	0.000000
0.143695	0.000000
0.164223	0.000000
0.184751	0.000000
0.205279	0.000000
0.225806	0.000000
0.246334	0.000000
0.266862	0.000000
0.287390	0.000000
0.307918	0.000000
0.328446	0.000000
0.348974	0.000000
0.369501	0.000000
0.390029	0.000000
0.410557	0.000000
0.431085	0.000000
0.451613	0.000000
0.472141	0.000000
0.492669	0.000000
0.513196	0.000000
0.533724	0.000000
0.554252	0.000000
0.574780	0.000000
0.595308	0.000000
0.615836	0.000000
0.636364	0.000000
0.656891	0.000000
0.677419	0.000000
0.697947	0.000000
0.718475	0.000000
0.739003	0.000000
0.759531	0.000000
0.780059	0.000000
0.800587	0.000000
0.821114	0.000000
0.841642	0.000000
0.862170	0.000000
0.882698	0.000000
0.903226	0.000000
0.923754	0.000000
0.944282	0.000000
0.964809	0.000000
0.985337	0.000000
1.005865	0.000000
1.026393	0.000000
1.046921	0.000000
1.067449	0.000000
1.087977	0.000000
1.108504	0.000000
1.129032	0.000000
1.149560	0.000000
1.170088	0.000000
1.190616	0.000000
1.211144	0.000000
1.231672	0.000000
1.252199	0.000000
1.272727	0.000000
1.293255	0.000000
1.313783	0.000000
1.334311	0.000000
1.354839	0.000000
1.375367	0.000000
1.395894	0.000000
1.416422	0.000000
1.436950	0.000000
1.457478	0.000000
1.478006	0.000000
1.498534	0.000000
1.519062	0.000000
1.539589	0.000000
1.560117	0.000000
1.580645	0.000000
1.601173	0.000000
1.621701	0.000000
1.642229	0.000000
1.662757	0.000000
1.683284	0.000000
1.703812	0.000000
1.724340	0.000000
1.744868	0.000000
1.765396	0.000000
1.785924	0.000000
1.806452	0.000000
1.826979	0.000000
1.847507	0.000000
1.868035	0.000000
1.888563	0.000000
1.909091	0.000000
1.929619	0.000000
1.950147	0.000000
1.970674	0.000000
1.991202	0.000000
2.011730	0.000000
2.032258	0.000000
2.052786	0.000000
2.073314	0.000000
2.093842	0.000000
2.114370	0.000000
2.134897	0.000000
2.155425	0.000000
2.175953	0.000000
2.196481	0.000000
2.217009	0.000000
2.237537	0.000000
2.258065	0.000000
2.278592	0.000000
2.299120	0.000000
2.319648	0.000000
2.340176	0.000000
2.360704	0.000000
2.381232	0.000000
2.401760	0.000000
2.422287	0.000000
2.442815	0.000000
2.463343	0.000000
2.483871	0.505584
2.504399	1.011168
2.524927	1.516752
2.545455	2.022336
2.565982	2.527921
2.586510	3.033505
2.607038	3.539089
2.627566	4.044673
2.648094	4.550257
2.668622	5.055841
2.689150	5.035158
2.709677	5.014475
2.730205	4.993792
2.750733	4.973109
2.771261	4.952426
2.791789	4.931743
2.812317	4.911060
2.832845	4.890377
2.853372	4.869694
2.873900	4.849011
2.894428	10.403657
2.914956	15.958303
2.935484	21.512949
2.956012	27.067595
2.976540	32.622241
2.997067	38.176887
3.017595	43.731533
3.038123	49.286178
3.058651	54.840824
3.079179	60.395470
3.099707	64.355923
3.120235	68.316376
3.140762	72.276829
3.161290	76.237282
3.181818	80.197735
3.202346	84.158188
3.222874	88.118641
3.243402	92.079094
3.263930	96.039547
3.284457	100.000000
3.304985	94.165485
3.325513	88.330970
3.346041	82.496455
3.366569	76.661939
3.387097	70.827424
3.407625	64.992909
3.428152	59.158394
3.448680	53.323879
3.469208	47.489364
3.489736	41.654849
3.510264	39.748701
3.530792	37.842553
3.551320	35.936405
3.571848	34.030258
3.592375	32.124110
3.612903	30.217962
3.633431	28.311814
3.653959	26.405666
3.674487	24.499519
3.695015	22.593371
3.715543	22.176328
3.736070	21.759285
3.756598	21.342243
3.777126	20.925200
3.797654	20.508157
3.818182	20.091114
3.838710	19.674072
3.859238	19.257029
3.879765	18.839986
3.900293	18.422944
3.920821	16.833632
3.941349	15.244320
3.961877	13.655008
3.982405	12.065696
4.002933	10.476384
4.023460	8.887072
4.043988	7.297760
4.064516	5.708448
4.085044	4.119136
4.105572	2.529824
4.126100	2.680169
4.146628	2.830515
4.167155	2.980860
4.187683	3.131205
4.208211	3.281551
4.228739	3.431896
4.249267	3.582241
4.269795	3.732587
4.290323	3.882932
4.310850	4.033278
4.331378	3.650116
4.351906	3.266955
4.372434	2.883793
4.392962	2.500632
4.413490	2.117471
4.434018	1.734309
4.454545	1.351148
4.475073	0.967987
4.495601	0.584825
4.516129	0.201664
4.536657	0.343373
4.557185	0.485083
4.577713	0.626793
4.598240	0.768502
4.618768	0.910212
4.639296	1.051922
4.659824	1.193631
4.680352	1.335341
4.700880	1.477050
4.721408	1.618760
4.741935	1.556902
4.762463	1.495044
4.782991	1.433187
4.803519	1.371329
4.824047	1.309471
4.844575	1.247613
4.865103	1.185755
4.885630	1.123897
4.906158	1.062040
4.926686	1.000182
4.947214	0.974108
4.967742	0.948034
4.988270	0.921960
5.008798	0.895886
5.029326	0.869812
5.049853	0.843738
5.070381	0.817664
5.090909	0.791590
5.111437	0.765516
5.131965	0.739442
5.152493	0.680686
5.173021	0.621929
5.193548	0.563173
5.214076	0.504416
5.234604	0.445660
5.255132	0.386903
5.275660	0.328147
5.296188	0.269390
5.316716	0.210634
5.337243	0.151878
5.357771	0.200647
5.378299	0.249417
5.398827	0.298187
5.419355	0.346956
5.439883	0.395726
5.460411	0.444495
5.480938	0.493265
5.501466	0.542035
5.521994	0.590804
5.542522	0.639574
5.563050	0.710956
5.583578	0.782338
5.604106	0.853719
5.624633	0.925101
5.645161	0.996483
5.665689	1.067865
5.686217	1.139246
5.706745	1.210628
5.727273	1.282010
5.747801	1.353392
5.768328	1.282272
5.788856	1.211153
5.809384	1.140033
5.829912	1.068914
5.850440	0.997794
5.870968	0.926675
5.891496	0.855555
5.912023	0.784436
5.932551	0.713316
5.953079	0.642197
5.973607	0.770782
5.994135	0.899368
6.014663	1.027953
6.035191	1.156538
6.055718	1.285124
6.076246	1.413709
6.096774	1.542294
6.117302	1.670880
6.137830	1.799465
6.158358	1.928050
6.178886	1.808084
6.199413	1.688117
6.219941	1.568150
6.240469	1.448183
6.260997	1.328216
6.281525	1.208250
6.302053	1.088283
6.322581	0.968316
6.343109	0.848349
6.363636	0.728383
6.384164	0.699403
6.404692	0.670424
6.425220	0.641444
6.445748	0.612465
6.466276	0.583485
6.486804	0.554506
6.507331	0.525527
6.527859	0.496547
6.548387	0.467568
6.568915	0.438588
6.589443	0.414158
6.609971	0.389728
6.630499	0.365298
6.651026	0.340868
6.671554	0.316438
6.692082	0.292008
6.712610	0.267578
6.733138	0.243148
6.753666	0.218718
6.774194	0.194288
6.794721	0.187321
6.815249	0.180354
6.835777	0.173387
6.856305	0.166421
6.876833	0.159454
6.897361	0.152487
6.917889	0.145520
6.938416	0.138553
6.958944	0.131587
6.979472	0.124620
