0.000000	0.000000
0.020528	0.000000
0.041056	0.000000
0.061584	0.000000
0.082111	0.000000
0.102639	0.000000
0.123167	0.000000
0.143695	0.000000
0.164223	0.000000
0.184751	0.000000
0.205279	0.000000
0.225806	0.000000
0.246334	0.000000
0.266862	0.000000
0.287390	0.000000
0.307918	0.000000
0.328446	0.000000
0.348974	0.000000
0.369501	0.000000
0.390029	0.000000
0.410557	0.000000
0.431085	0.000000
0.451613	0.000000
0.472141	0.000000
0.492669	0.000000
0.513196	0.000000
0.533724	0.000000
0.554252	0.000000
0.574780	0.000000
0.595308	0.000000
0.615836	0.000000
0.636364	0.000000
0.656891	0.000000
0.677419	0.000000
0.697947	0.000000
0.718475	0.000000
0.739003	0.000000
0.759531	0.000000
0.780059	0.000000
0.800587	0.000000
0.821114	0.000000
0.841642	0.000000
0.862170	0.000000
0.882698	0.000000
0.903226	0.000000
0.923754	0.000000
0.944282	0.000000
0.964809	0.000000
0.985337	0.000000
1.005865	0.000000
1.026393	0.000000
1.046921	0.000000
1.067449	0.000000
1.087977	0.000000
1.108504	0.000000
1.129032	0.000000
1.149560	0.000000
1.170088	0.000000
1.190616	0.000000
1.211144	0.000000
1.231672	0.000000
1.252199	0.000000
1.272727	0.000000
1.293255	0.000000
1.313783	0.000000
1.334311	0.000000
1.354839	0.000000
1.375367	0.000000
1.395894	0.000000
1.416422	0.000000
1.436950	0.000000
1.457478	0.000000
1.478006	0.000000
1.498534	0.000000
1.519062	0.000000
1.539589	0.000000
1.560117	0.000000
1.580645	0.000000
1.601173	0.000000
1.621701	0.000000
1.642229	0.000000
1.662757	0.000000
1.683284	0.000000
1.703812	0.000000
1.724340	0.000000
1.744868	0.000000
1.765396	0.000000
1.785924	0.000000
1.806452	0.000000
1.826979	0.000000
1.847507	0.000000
1.868035	0.000000
1.888563	0.000000
1.909091	0.000000
1.929619	0.000000
1.950147	0.000000
1.970674	0.000000
1.991202	0.000000
2.011730	0.000000
2.032258	0.000000
2.052786	0.000000
2.073314	0.000000
2.093842	0.000000
2.114370	0.000000
2.134897	0.000000
2.155425	0.000000
2.175953	0.000000
2.196481	0.000000
2.217009	0.000000
2.237537	0.000000
2.258065	0.000000
2.278592	1.371150
2.299120	2.742299
2.319648	4.113449
2.340176	5.484598
2.360704	6.855748
2.381232	8.226897
2.401760	9.598047
2.422287	10.969196
2.442815	12.340346
2.463343	13.711495
2.483871	22.340346
2.504399	30.969196
2.524927	39.598047
2.545455	48.226897
2.565982	56.855748
2.586510	65.484598
2.607038	74.113449
2.627566	82.742299
2.648094	91.371150
2.668622	100.000000
2.689150	95.763899
2.709677	91.527799
2.730205	87.291698
2.750733	83.055597
2.771261	78.819497
2.791789	74.583396
2.812317	70.347295
2.832845	66.111195
2.853372	61.875094
2.873900	57.638993
2.894428	54.553409
2.914956	51.467825
2.935484	48.382241
2.956012	45.296657
2.976540	42.211073
2.997067	39.125488
3.017595	36.039904
3.038123	32.954320
3.058651	29.868736
3.079179	26.783152
3.099707	26.154605
3.120235	25.526058
3.140762	24.897512
3.161290	24.268965
3.181818	23.640418
3.202346	23.011872
3.222874	22.383325
3.243402	21.754778
3.263930	21.126232
3.284457	20.497685
3.304985	19.912163
3.325513	19.326641
3.346041	18.741119
3.366569	18.155597
3.387097	17.570075
3.407625	16.984553
3.428152	16.399031
3.448680	15.813509
3.469208	15.227987
3.489736	14.642465
3.510264	13.458042
3.530792	12.273620
3.551320	11.089197
3.571848	9.904775
3.592375	8.720352
3.612903	7.535929
3.633431	6.351507
3.653959	5.167084
3.674487	3.982662
3.695015	2.798239
3.715543	2.743714
3.736070	2.689188
3.756598	2.634663
3.777126	2.580137
3.797654	2.525612
3.818182	2.471086
3.838710	2.416561
3.859238	2.362036
3.879765	2.307510
3.900293	2.252985
3.920821	2.123474
3.941349	1.993964
3.961877	1.864453
3.982405	1.734942
4.002933	1.605432
4.023460	1.475921
4.043988	1.346410
4.064516	1.216900
4.085044	1.087389
4.105572	0.957878
4.126100	0.866880
4.146628	0.775881
4.167155	0.684883
4.187683	0.593885
4.208211	0.502886
4.228739	0.411888
4.249267	0.320889
4.269795	0.229891
4.290323	0.138892
4.310850	0.047894
4.331378	0.052735
4.351906	0.057577
4.372434	0.062418
4.392962	0.067260
4.413490	0.072101
4.434018	0.076943
4.454545	0.081785
4.475073	0.086626
4.495601	0.091468
4.516129	0.096309
4.536657	0.115334
4.557185	0.134359
4.577713	0.153384
4.598240	0.172409
4.618768	0.191434
4.639296	0.210459
4.659824	0.229484
4.680352	0.248509
4.700880	0.267534
4.721408	0.286559
4.741935	0.362641
4.762463	0.438724
4.782991	0.514807
4.803519	0.590889
4.824047	0.666972
4.844575	0.743055
4.865103	0.819138
4.885630	0.895220
4.906158	0.971303
4.926686	1.047386
4.947214	1.018320
4.967742	0.989254
4.988270	0.960188
5.008798	0.931122
5.029326	0.902056
5.049853	0.872990
5.070381	0.843925
5.090909	0.814859
5.111437	0.785793
5.131965	0.756727
5.152493	0.731795
5.173021	0.706863
5.193548	0.681931
5.214076	0.656999
5.234604	0.632068
5.255132	0.607136
5.275660	0.582204
5.296188	0.557272
5.316716	0.532340
5.337243	0.507408
5.357771	0.571902
5.378299	0.636395
5.398827	0.700888
5.419355	0.765382
5.439883	0.829875
5.460411	0.894369
5.480938	0.958862
5.501466	1.023356
5.521994	1.087849
5.542522	1.152343
5.563050	1.141480
5.583578	1.130618
5.604106	1.119755
5.624633	1.108893
5.645161	1.098030
5.665689	1.087168
5.686217	1.076305
5.706745	1.065443
5.727273	1.054580
5.747801	1.043718
5.768328	0.944565
5.788856	0.845411
5.809384	0.746258
5.829912	0.647105
5.850440	0.547952
5.870968	0.448799
5.891496	0.349645
5.912023	0.250492
5.932551	0.151339
5.953079	0.052186
5.973607	0.051924
5.994135	0.051662
6.014663	0.051400
6.035191	0.051138
6.055718	0.050876
6.076246	0.050614
6.096774	0.050352
6.117302	0.050090
6.137830	0.049828
6.158358	0.049566
6.178886	0.058945
6.199413	0.068323
6.219941	0.077701
6.240469	0.087080
6.260997	0.096458
6.281525	0.105836
6.302053	0.115215
6.322581	0.124593
6.343109	0.133972
6.363636	0.143350
6.384164	0.129732
6.404692	0.116113
6.425220	0.102495
6.445748	0.088877
6.466276	0.075259
6.486804	0.061640
6.507331	0.048022
6.527859	0.034404
6.548387	0.020786
6.568915	0.007167
6.589443	0.015878
6.609971	0.024589
6.630499	0.033299
6.651026	0.042010
6.671554	0.050720
6.692082	0.059431
6.712610	0.068141
6.733138	0.076852
6.753666	0.085562
6.774194	0.094273
6.794721	0.085317
6.815249	0.076361
6.835777	0.067405
6.856305	0.058449
6.876833	0.049493
6.897361	0.040537
6.917889	0.031581
6.938416	0.022625
6.958944	0.013670
6.979472	0.004714
