0.000000	0.000000
0.020528	0.000000
0.041056	0.000000
0.061584	0.000000
0.082111	0.000000
0.102639	0.000000
0.123167	0.000000
0.143695	0.000000
0.164223	0.000000
0.184751	0.000000
0.205279	0.000000
0.225806	0.000000
0.246334	0.000000
0.266862	0.000000
0.287390	0.000000
0.307918	0.000000
0.328446	0.000000
0.348974	0.000000
0.369501	0.000000
0.390029	0.000000
0.410557	0.000000
0.431085	0.000000
0.451613	0.000000
0.472141	0.000000
0.492669	0.000000
0.513196	0.000000
0.533724	0.000000
0.554252	0.000000
0.574780	0.000000
0.595308	0.000000
0.615836	0.000000
0.636364	0.000000
0.656891	0.000000
0.677419	0.000000
0.697947	0.000000
0.718475	0.000000
0.739003	0.000000
0.759531	0.000000
0.780059	0.000000
0.800587	0.000000
0.821114	0.000000
0.841642	0.000000
0.862170	0.000000
0.882698	0.000000
0.903226	0.000000
0.923754	0.000000
0.944282	0.000000
0.964809	0.000000
0.985337	0.000000
1.005865	0.000000
1.026393	0.000000
1.046921	0.000000
1.067449	0.000000
1.087977	0.000000
1.108504	0.000000
1.129032	0.000000
1.149560	0.000000
1.170088	0.000000
1.190616	0.000000
1.211144	0.000000
1.231672	0.000000
1.252199	0.000000
1.272727	0.000000
1.293255	0.000000
1.313783	0.000000
1.334311	0.000000
1.354839	0.000000
1.375367	0.000000
1.395894	0.000000
1.416422	0.000000
1.436950	0.000000
1.457478	0.000000
1.478006	0.000000
1.498534	0.000000
1.519062	0.000000
1.539589	0.000000
1.560117	0.000000
1.580645	0.000000
1.601173	0.000000
1.621701	0.000000
1.642229	0.000000
1.662757	0.000000
1.683284	0.000000
1.703812	0.000000
1.724340	0.000000
1.744868	0.000000
1.765396	0.000000
1.785924	0.000000
1.806452	0.000000
1.826979	0.000000
1.847507	0.000000
1.868035	0.000000
1.888563	0.000000
1.909091	0.000000
1.929619	0.000000
1.950147	0.000000
1.970674	0.000000
1.991202	0.000000
2.011730	0.000000
2.032258	0.000000
2.052786	0.000000
2.073314	0.000000
2.093842	0.000000
2.114370	0.000000
2.134897	0.000000
2.155425	0.000000
2.175953	0.000000
2.196481	0.000000
2.217009	0.000000
2.237537	0.000000
2.258065	0.000000
2.278592	0.000000
2.299120	0.000000
2.319648	0.000000
2.340176	0.000000
2.360704	0.000000
2.381232	0.000000
2.401760	0.000000
2.422287	0.000000
2.442815	0.000000
2.463343	0.000000
2.483871	0.629896
2.504399	1.259792
2.524927	1.889688
2.545455	2.519584
2.565982	3.149480
2.586510	3.779377
2.607038	4.409273
2.627566	5.039169
2.648094	5.669065
2.668622	6.298961
2.689150	13.315721
2.709677	20.332482
2.730205	27.349242
2.750733	34.366003
2.771261	41.382763
2.791789	48.399523
2.812317	55.416284
2.832845	62.433044
2.853372	69.449805
2.873900	76.466565
2.894428	78.819908
2.914956	81.173252
2.935484	83.526595
2.956012	85.879939
2.976540	88.233282
2.997067	90.586626
3.017595	92.939969
3.038123	95.293313
3.058651	97.646656
3.079179	100.000000
3.099707	95.863518
3.120235	91.727036
3.140762	87.590555
3.161290	83.454073
3.181818	79.317591
3.202346	75.181109
3.222874	71.044627
3.243402	66.908146
3.263930	62.771664
3.284457	58.635182
3.304985	55.053243
3.325513	51.471304
3.346041	47.889365
3.366569	44.307426
3.387097	40.725487
3.407625	37.143548
3.428152	33.561609
3.448680	29.979670
3.469208	26.397731
3.489736	22.815792
3.510264	22.020902
3.530792	21.226011
3.551320	20.431120
3.571848	19.636229
3.592375	18.841338
3.612903	18.046447
3.633431	17.251556
3.653959	16.456665
3.674487	15.661774
3.695015	14.866884
3.715543	13.849390
3.736070	12.831896
3.756598	11.814402
3.777126	10.796909
3.797654	9.779415
3.818182	8.761921
3.838710	7.744428
3.859238	6.726934
3.879765	5.709440
3.900293	4.691947
3.920821	4.448342
3.941349	4.204738
3.961877	3.961134
3.982405	3.717530
4.002933	3.473926
4.023460	3.230322
4.043988	2.986718
4.064516	2.743114
4.085044	2.499510
4.105572	2.255906
4.126100	2.126208
4.146628	1.996509
4.167155	1.866811
4.187683	1.737113
4.208211	1.607415
4.228739	1.477717
4.249267	1.348019
4.269795	1.218321
4.290323	1.088622
4.310850	0.958924
4.331378	0.924235
4.351906	0.889546
4.372434	0.854857
4.392962	0.820168
4.413490	0.785478
4.434018	0.750789
4.454545	0.716100
4.475073	0.681411
4.495601	0.646721
4.516129	0.612032
4.536657	0.666706
4.557185	0.721381
4.577713	0.776055
4.598240	0.830729
4.618768	0.885403
4.639296	0.940077
4.659824	0.994751
4.680352	1.049425
4.700880	1.104100
4.721408	1.158774
4.741935	1.048690
4.762463	0.938607
4.782991	0.828523
4.803519	0.718440
4.824047	0.608356
4.844575	0.498273
4.865103	0.388189
4.885630	0.278106
4.906158	0.168022
4.926686	0.057939
4.947214	0.184055
4.967742	0.310170
4.988270	0.436286
5.008798	0.562402
5.029326	0.688518
5.049853	0.814634
5.070381	0.940750
5.090909	1.066866
5.111437	1.192982
5.131965	1.319098
5.152493	1.240791
5.173021	1.162483
5.193548	1.084176
5.214076	1.005869
5.234604	0.927562
5.255132	0.849255
5.275660	0.770948
5.296188	0.692641
5.316716	0.614334
5.337243	0.536027
5.357771	0.621425
5.378299	0.706823
5.398827	0.792221
5.419355	0.877620
5.439883	0.963018
5.460411	1.048416
5.480938	1.133814
5.501466	1.219213
5.521994	1.304611
5.542522	1.390009
5.563050	1.342571
5.583578	1.295133
5.604106	1.247695
5.624633	1.200257
5.645161	1.152819
5.665689	1.105381
5.686217	1.057943
5.706745	1.010505
5.727273	0.963068
5.747801	0.915630
5.768328	0.960265
5.788856	1.004900
5.809384	1.049535
5.829912	1.094171
5.850440	1.138806
5.870968	1.183441
5.891496	1.228076
5.912023	1.272712
5.932551	1.317347
5.953079	1.361982
5.973607	1.270200
5.994135	1.178417
6.014663	1.086635
6.035191	0.994852
6.055718	0.903069
6.076246	0.811287
6.096774	0.719504
6.117302	0.627722
6.137830	0.535939
6.158358	0.444156
6.178886	0.411363
6.199413	0.378570
6.219941	0.345776
6.240469	0.312983
6.260997	0.280189
6.281525	0.247396
6.302053	0.214602
6.322581	0.181809
6.343109	0.149016
6.363636	0.116222
6.384164	0.114582
6.404692	0.112943
6.425220	0.111303
6.445748	0.109663
6.466276	0.108024
6.486804	0.106384
6.507331	0.104744
6.527859	0.103105
6.548387	0.101465
6.568915	0.099825
6.589443	0.095043
6.609971	0.090260
6.630499	0.085477
6.651026	0.080695
6.671554	0.075912
6.692082	0.071129
6.712610	0.066347
6.733138	0.061564
6.753666	0.056781
6.774194	0.051998
6.794721	0.047059
6.815249	0.042119
6.835777	0.037179
6.856305	0.032239
6.876833	0.027299
6.897361	0.022359
6.917889	0.017419
6.938416	0.012480
6.958944	0.007540
6.979472	0.002600
