0.000000	0.000000
0.020528	0.000000
0.041056	0.000000
0.061584	0.000000
0.082111	0.000000
0.102639	0.000000
0.123167	0.000000
0.143695	0.000000
0.164223	0.000000
0.184751	0.000000
0.205279	0.000000
0.225806	0.000000
0.246334	0.000000
0.266862	0.000000
0.287390	0.000000
0.307918	0.000000
0.328446	0.000000
0.348974	0.000000
0.369501	0.000000
0.390029	0.000000
0.410557	0.000000
0.431085	0.000000
0.451613	0.000000
0.472141	0.000000
0.492669	0.000000
0.513196	0.000000
0.533724	0.000000
0.554252	0.000000
0.574780	0.000000
0.595308	0.000000
0.615836	0.000000
0.636364	0.000000
0.656891	0.000000
0.677419	0.000000
0.697947	0.000000
0.718475	0.000000
0.739003	0.000000
0.759531	0.000000
0.780059	0.000000
0.800587	0.000000
0.821114	0.000000
0.841642	0.000000
0.862170	0.000000
0.882698	0.000000
0.903226	0.000000
0.923754	0.000000
0.944282	0.000000
0.964809	0.000000
0.985337	0.000000
1.005865	0.000000
1.026393	0.000000
1.046921	0.000000
1.067449	0.000000
1.087977	0.000000
1.108504	0.000000
1.129032	0.000000
1.149560	0.000000
1.170088	0.000000
1.190616	0.000000
1.211144	0.000000
1.231672	0.000000
1.252199	0.000000
1.272727	0.000000
1.293255	0.000000
1.313783	0.000000
1.334311	0.000000
1.354839	0.000000
1.375367	0.000000
1.395894	0.000000
1.416422	0.000000
1.436950	0.000000
1.457478	0.000000
1.478006	0.000000
1.498534	0.000000
1.519062	0.000000
1.539589	0.000000
1.560117	0.000000
1.580645	0.000000
1.601173	0.000000
1.621701	0.000000
1.642229	0.000000
1.662757	0.000000
1.683284	0.000000
1.703812	0.000000
1.724340	0.000000
1.744868	0.000000
1.765396	0.000000
1.785924	0.000000
1.806452	0.000000
1.826979	0.000000
1.847507	0.000000
1.868035	0.000000
1.888563	0.000000
1.909091	0.000000
1.929619	0.000000
1.950147	0.000000
1.970674	0.000000
1.991202	0.000000
2.011730	0.000000
2.032258	0.000000
2.052786	0.000000
2.073314	0.000000
2.093842	0.000000
2.114370	0.000000
2.134897	0.000000
2.155425	0.000000
2.175953	0.000000
2.196481	0.000000
2.217009	0.000000
2.237537	0.000000
2.258065	0.000000
2.278592	0.000000
2.299120	0.000000
2.319648	0.000000
2.340176	0.000000
2.360704	0.000000
2.381232	0.000000
2.401760	0.000000
2.422287	0.000000
2.442815	0.000000
2.463343	0.000000
2.483871	0.586177
2.504399	1.172354
2.524927	1.758531
2.545455	2.344707
2.565982	2.930884
2.586510	3.517061
2.607038	4.103238
2.627566	4.689415
2.648094	5.275592
2.668622	5.861768
2.689150	7.263589
2.709677	8.665409
2.730205	10.067230
2.750733	11.469050
2.771261	12.870871
2.791789	14.272691
2.812317	15.674512
2.832845	17.076332
2.853372	18.478153
2.873900	19.879973
2.894428	25.597378
2.914956	31.314782
2.935484	37.032187
2.956012	42.749591
2.976540	48.466996
2.997067	54.184400
3.017595	59.901805
3.038123	65.619209
3.058651	71.336614
3.079179	77.054018
3.099707	79.348616
3.120235	81.643215
3.140762	83.937813
3.161290	86.232411
3.181818	88.527009
3.202346	90.821607
3.222874	93.116205
3.243402	95.410804
3.263930	97.705402
3.284457	100.000000
3.304985	97.970180
3.325513	95.940361
3.346041	93.910541
3.366569	91.880722
3.387097	89.850902
3.407625	87.821083
3.428152	85.791263
3.448680	83.761444
3.469208	81.731624
3.489736	79.701805
3.510264	74.410504
3.530792	69.119204
3.551320	63.827903
3.571848	58.536603
3.592375	53.245302
3.612903	47.954001
3.633431	42.662701
3.653959	37.371400
3.674487	32.080100
3.695015	26.788799
3.715543	26.195403
3.736070	25.602007
3.756598	25.008611
3.777126	24.415215
3.797654	23.821819
3.818182	23.228423
3.838710	22.635028
3.859238	22.041632
3.879765	21.448236
3.900293	20.854840
3.920821	19.917311
3.941349	18.979782
3.961877	18.042253
3.982405	17.104723
4.002933	16.167194
4.023460	15.229665
4.043988	14.292136
4.064516	13.354607
4.085044	12.417078
4.105572	11.479549
4.126100	10.710674
4.146628	9.941800
4.167155	9.172925
4.187683	8.404050
4.208211	7.635175
4.228739	6.866301
4.249267	6.097426
4.269795	5.328551
4.290323	4.559676
4.310850	3.790802
4.331378	3.516457
4.351906	3.242113
4.372434	2.967769
4.392962	2.693425
4.413490	2.419081
4.434018	2.144737
4.454545	1.870392
4.475073	1.596048
4.495601	1.321704
4.516129	1.047360
4.536657	0.947861
4.557185	0.848361
4.577713	0.748862
4.598240	0.649363
4.618768	0.549864
4.639296	0.450365
4.659824	0.350866
4.680352	0.251366
4.700880	0.151867
4.721408	0.052368
4.741935	0.047393
4.762463	0.042418
4.782991	0.037443
4.803519	0.032468
4.824047	0.027493
4.844575	0.022518
4.865103	0.017543
4.885630	0.012568
4.906158	0.007593
4.926686	0.002618
4.947214	0.088152
4.967742	0.173685
4.988270	0.259218
5.008798	0.344751
5.029326	0.430285
5.049853	0.515818
5.070381	0.601351
5.090909	0.686884
5.111437	0.772417
5.131965	0.857951
5.152493	0.790742
5.173021	0.723534
5.193548	0.656326
5.214076	0.589117
5.234604	0.521909
5.255132	0.454701
5.275660	0.387492
5.296188	0.320284
5.316716	0.253076
5.337243	0.185867
5.357771	0.253992
5.378299	0.322117
5.398827	0.390241
5.419355	0.458366
5.439883	0.526490
5.460411	0.594615
5.480938	0.662739
5.501466	0.730864
5.521994	0.798989
5.542522	0.867113
5.563050	0.963450
5.583578	1.059787
5.604106	1.156123
5.624633	1.252460
5.645161	1.348797
5.665689	1.445133
5.686217	1.541470
5.706745	1.637807
5.727273	1.734143
5.747801	1.830480
5.768328	1.720921
5.788856	1.611362
5.809384	1.501803
5.829912	1.392244
5.850440	1.282685
5.870968	1.173125
5.891496	1.063566
5.912023	0.954007
5.932551	0.844448
5.953079	0.734889
5.973607	0.858084
5.994135	0.981279
6.014663	1.104474
6.035191	1.227669
6.055718	1.350864
6.076246	1.474059
6.096774	1.597254
6.117302	1.720449
6.137830	1.843644
6.158358	1.966839
6.178886	1.830029
6.199413	1.693218
6.219941	1.556408
6.240469	1.419598
6.260997	1.282788
6.281525	1.145978
6.302053	1.009167
6.322581	0.872357
6.343109	0.735547
6.363636	0.598737
6.384164	0.627639
6.404692	0.656541
6.425220	0.685443
6.445748	0.714345
6.466276	0.743247
6.486804	0.772149
6.507331	0.801051
6.527859	0.829953
6.548387	0.858855
6.568915	0.887757
6.589443	0.839162
6.609971	0.790568
6.630499	0.741973
6.651026	0.693379
6.671554	0.644785
6.692082	0.596190
6.712610	0.547596
6.733138	0.499002
6.753666	0.450407
6.774194	0.401813
6.794721	0.370789
6.815249	0.339765
6.835777	0.308742
6.856305	0.277718
6.876833	0.246694
6.897361	0.215670
6.917889	0.184647
6.938416	0.153623
6.958944	0.122599
6.979472	0.091576
