0.000000	0.000000
0.020528	0.000000
0.041056	0.000000
0.061584	0.000000
0.082111	0.000000
0.102639	0.000000
0.123167	0.000000
0.143695	0.000000
0.164223	0.000000
0.184751	0.000000
0.205279	0.000000
0.225806	0.000000
0.246334	0.000000
0.266862	0.000000
0.287390	0.000000
0.307918	0.000000
0.328446	0.000000
0.348974	0.000000
0.369501	0.000000
0.390029	0.000000
0.410557	0.000000
0.431085	0.000000
0.451613	0.000000
0.472141	0.000000
0.492669	0.000000
0.513196	0.000000
0.533724	0.000000
0.554252	0.000000
0.574780	0.000000
0.595308	0.000000
0.615836	0.000000
0.636364	0.000000
0.656891	0.000000
0.677419	0.000000
0.697947	0.000000
0.718475	0.000000
0.739003	0.000000
0.759531	0.000000
0.780059	0.000000
0.800587	0.000000
0.821114	0.000000
0.841642	0.000000
0.862170	0.000000
0.882698	0.000000
0.903226	0.000000
0.923754	0.000000
0.944282	0.000000
0.964809	0.000000
0.985337	0.000000
1.005865	0.000000
1.026393	0.000000
1.046921	0.000000
1.067449	0.000000
1.087977	0.000000
1.108504	0.000000
1.129032	0.000000
1.149560	0.000000
1.170088	0.000000
1.190616	0.000000
1.211144	0.000000
1.231672	0.000000
1.252199	0.000000
1.272727	0.000000
1.293255	0.000000
1.313783	0.000000
1.334311	0.000000
1.354839	0.000000
1.375367	0.000000
1.395894	0.000000
1.416422	0.000000
1.436950	0.000000
1.457478	0.000000
1.478006	0.000000
1.498534	0.000000
1.519062	0.000000
1.539589	0.000000
1.560117	0.000000
1.580645	0.000000
1.601173	0.000000
1.621701	0.000000
1.642229	0.000000
1.662757	0.000000
1.683284	0.000000
1.703812	0.000000
1.724340	0.000000
1.744868	0.000000
1.765396	0.000000
1.785924	0.000000
1.806452	0.000000
1.826979	0.000000
1.847507	0.000000
1.868035	0.000000
1.888563	0.000000
1.909091	0.000000
1.929619	0.000000
1.950147	0.000000
1.970674	0.000000
1.991202	0.000000
2.011730	0.000000
2.032258	0.000000
2.052786	0.000000
2.073314	0.000000
2.093842	0.000000
2.114370	0.000000
2.134897	0.000000
2.155425	0.000000
2.175953	0.000000
2.196481	0.000000
2.217009	0.000000
2.237537	0.000000
2.258065	0.000000
2.278592	0.000000
2.299120	0.000000
2.319648	0.000000
2.340176	0.000000
2.360704	0.000000
2.381232	0.000000
2.401760	0.000000
2.422287	0.000000
2.442815	0.000000
2.463343	0.000000
2.483871	0.000000
2.504399	0.000000
2.524927	0.000000
2.545455	0.000000
2.565982	0.000000
2.586510	0.000000
2.607038	0.000000
2.627566	0.000000
2.648094	0.000000
2.668622	0.000000
2.689150	1.101178
2.709677	2.202356
2.730205	3.303534
2.750733	4.404712
2.771261	5.505890
2.791789	6.607068
2.812317	7.708246
2.832845	8.809424
2.853372	9.910602
2.873900	11.011780
2.894428	13.152600
2.914956	15.293419
2.935484	17.434239
2.956012	19.575059
2.976540	21.715878
2.997067	23.856698
3.017595	25.997517
3.038123	28.138337
3.058651	30.279157
3.079179	32.419976
3.099707	37.961655
3.120235	43.503333
3.140762	49.045011
3.161290	54.586690
3.181818	60.128368
3.202346	65.670047
3.222874	71.211725
3.243402	76.753403
3.263930	82.295082
3.284457	87.836760
3.304985	89.053084
3.325513	90.269408
3.346041	91.485732
3.366569	92.702056
3.387097	93.918380
3.407625	95.134704
3.428152	96.351028
3.448680	97.567352
3.469208	98.783676
3.489736	100.000000
3.510264	94.982442
3.530792	89.964885
3.551320	84.947327
3.571848	79.929769
3.592375	74.912211
3.612903	69.894654
3.633431	64.877096
3.653959	59.859538
3.674487	54.841981
3.695015	49.824423
3.715543	47.099133
3.736070	44.373843
3.756598	41.648554
3.777126	38.923264
3.797654	36.197975
3.818182	33.472685
3.838710	30.747395
3.859238	28.022106
3.879765	25.296816
3.900293	22.571526
3.920821	21.858763
3.941349	21.145999
3.961877	20.433235
3.982405	19.720472
4.002933	19.007708
4.023460	18.294945
4.043988	17.582181
4.064516	16.869418
4.085044	16.156654
4.105572	15.443891
4.126100	14.184002
4.146628	12.924112
4.167155	11.664223
4.187683	10.404334
4.208211	9.144445
4.228739	7.884556
4.249267	6.624667
4.269795	5.364778
4.290323	4.104889
4.310850	2.845000
4.331378	2.853258
4.351906	2.861517
4.372434	2.869775
4.392962	2.878033
4.413490	2.886291
4.434018	2.894550
4.454545	2.902808
4.475073	2.911066
4.495601	2.919324
4.516129	2.927583
4.536657	2.727193
4.557185	2.526802
4.577713	2.326412
4.598240	2.126022
4.618768	1.925632
4.639296	1.725242
4.659824	1.524852
4.680352	1.324462
4.700880	1.124071
4.721408	0.923681
4.741935	0.835932
4.762463	0.748182
4.782991	0.660432
4.803519	0.572682
4.824047	0.484933
4.844575	0.397183
4.865103	0.309433
4.885630	0.221684
4.906158	0.133934
4.926686	0.046184
4.947214	0.041797
4.967742	0.037409
4.988270	0.033022
5.008798	0.028634
5.029326	0.024247
5.049853	0.019859
5.070381	0.015472
5.090909	0.011084
5.111437	0.006697
5.131965	0.002309
5.152493	0.002090
5.173021	0.001870
5.193548	0.001651
5.214076	0.001432
5.234604	0.001212
5.255132	0.000993
5.275660	0.000774
5.296188	0.000554
5.316716	0.000335
5.337243	0.000115
5.357771	0.000104
5.378299	0.000094
5.398827	0.000083
5.419355	0.000072
5.439883	0.000061
5.460411	0.000050
5.480938	0.000039
5.501466	0.000028
5.521994	0.000017
5.542522	0.000006
5.563050	0.006483
5.583578	0.012960
5.604106	0.019437
5.624633	0.025914
5.645161	0.032391
5.665689	0.038868
5.686217	0.045345
5.706745	0.051822
5.727273	0.058298
5.747801	0.064775
5.768328	0.168740
5.788856	0.272704
5.809384	0.376668
5.829912	0.480632
5.850440	0.584596
5.870968	0.688560
5.891496	0.792524
5.912023	0.896489
5.932551	1.000453
5.953079	1.104417
5.973607	1.187345
5.994135	1.270274
6.014663	1.353202
6.035191	1.436130
6.055718	1.519059
6.076246	1.601987
6.096774	1.684916
6.117302	1.767844
6.137830	1.850773
6.158358	1.933701
6.178886	1.879550
6.199413	1.825399
6.219941	1.771247
6.240469	1.717096
6.260997	1.662945
6.281525	1.608794
6.302053	1.554642
6.322581	1.500491
6.343109	1.446340
6.363636	1.392189
6.384164	1.350616
6.404692	1.309043
6.425220	1.267471
6.445748	1.225898
6.466276	1.184325
6.486804	1.142753
6.507331	1.101180
6.527859	1.059607
6.548387	1.018035
6.568915	0.976462
6.589443	0.948473
6.609971	0.920485
6.630499	0.892496
6.651026	0.864507
6.671554	0.836518
6.692082	0.808530
6.712610	0.780541
6.733138	0.752552
6.753666	0.724564
6.774194	0.696575
6.794721	0.662788
6.815249	0.629001
6.835777	0.595214
6.856305	0.561427
6.876833	0.527640
6.897361	0.493853
6.917889	0.460066
6.938416	0.426279
6.958944	0.392492
6.979472	0.358705
