0.000000	0.000000
0.020528	0.000000
0.041056	0.000000
0.061584	0.000000
0.082111	0.000000
0.102639	0.000000
0.123167	0.000000
0.143695	0.000000
0.164223	0.000000
0.184751	0.000000
0.205279	0.000000
0.225806	0.000000
0.246334	0.000000
0.266862	0.000000
0.287390	0.000000
0.307918	0.000000
0.328446	0.000000
0.348974	0.000000
0.369501	0.000000
0.390029	0.000000
0.410557	0.000000
0.431085	0.000000
0.451613	0.000000
0.472141	0.000000
0.492669	0.000000
0.513196	0.000000
0.533724	0.000000
0.554252	0.000000
0.574780	0.000000
0.595308	0.000000
0.615836	0.000000
0.636364	0.000000
0.656891	0.000000
0.677419	0.000000
0.697947	0.000000
0.718475	0.000000
0.739003	0.000000
0.759531	0.000000
0.780059	0.000000
0.800587	0.000000
0.821114	0.000000
0.841642	0.000000
0.862170	0.000000
0.882698	0.000000
0.903226	0.000000
0.923754	0.000000
0.944282	0.000000
0.964809	0.000000
0.985337	0.000000
1.005865	0.000000
1.026393	0.000000
1.046921	0.000000
1.067449	0.000000
1.087977	0.000000
1.108504	0.000000
1.129032	0.000000
1.149560	0.000000
1.170088	0.000000
1.190616	0.000000
1.211144	0.000000
1.231672	0.000000
1.252199	0.000000
1.272727	0.000000
1.293255	0.000000
1.313783	0.000000
1.334311	0.000000
1.354839	0.000000
1.375367	0.000000
1.395894	0.000000
1.416422	0.000000
1.436950	0.000000
1.457478	0.000000
1.478006	0.000000
1.498534	0.000000
1.519062	0.000000
1.539589	0.000000
1.560117	0.000000
1.580645	0.000000
1.601173	0.000000
1.621701	0.000000
1.642229	0.000000
1.662757	0.000000
1.683284	0.000000
1.703812	0.000000
1.724340	0.000000
1.744868	0.000000
1.765396	0.000000
1.785924	0.000000
1.806452	0.000000
1.826979	0.000000
1.847507	0.000000
1.868035	0.000000
1.888563	0.000000
1.909091	0.000000
1.929619	0.000000
1.950147	0.000000
1.970674	0.000000
1.991202	0.000000
2.011730	0.000000
2.032258	0.000000
2.052786	0.000000
2.073314	0.000000
2.093842	0.000000
2.114370	0.000000
2.134897	0.000000
2.155425	0.000000
2.175953	0.000000
2.196481	0.000000
2.217009	0.000000
2.237537	0.000000
2.258065	0.000000
2.278592	0.000000
2.299120	0.000000
2.319648	0.000000
2.340176	0.000000
2.360704	0.000000
2.381232	0.000000
2.401760	0.000000
2.422287	0.000000
2.442815	0.000000
2.463343	0.000000
2.483871	0.000000
2.504399	0.000000
2.524927	0.000000
2.545455	0.000000
2.565982	0.000000
2.586510	0.000000
2.607038	0.000000
2.627566	0.000000
2.648094	0.000000
2.668622	0.000000
2.689150	0.901879
2.709677	1.803758
2.730205	2.705638
2.750733	3.607517
2.771261	4.509396
2.791789	5.411275
2.812317	6.313154
2.832845	7.215034
2.853372	8.116913
2.873900	9.018792
2.894428	11.140749
2.914956	13.262705
2.935484	15.384662
2.956012	17.506618
2.976540	19.628575
2.997067	21.750532
3.017595	23.872488
3.038123	25.994445
3.058651	28.116401
3.079179	30.238358
3.099707	35.152361
3.120235	40.066364
3.140762	44.980367
3.161290	49.894371
3.181818	54.808374
3.202346	59.722377
3.222874	64.636380
3.243402	69.550383
3.263930	74.464386
3.284457	79.378389
3.304985	81.440550
3.325513	83.502711
3.346041	85.564873
3.366569	87.627034
3.387097	89.689195
3.407625	91.751356
3.428152	93.813517
3.448680	95.875678
3.469208	97.937839
3.489736	100.000000
3.510264	95.028450
3.530792	90.056900
3.551320	85.085349
3.571848	80.113799
3.592375	75.142249
3.612903	70.170699
3.633431	65.199148
3.653959	60.227598
3.674487	55.256048
3.695015	50.284498
3.715543	47.317580
3.736070	44.350662
3.756598	41.383745
3.777126	38.416827
3.797654	35.449910
3.818182	32.482992
3.838710	29.516074
3.859238	26.549157
3.879765	23.582239
3.900293	20.615321
3.920821	20.028738
3.941349	19.442156
3.961877	18.855573
3.982405	18.268990
4.002933	17.682407
4.023460	17.095824
4.043988	16.509241
4.064516	15.922658
4.085044	15.336075
4.105572	14.749492
4.126100	13.634097
4.146628	12.518702
4.167155	11.403307
4.187683	10.287912
4.208211	9.172517
4.228739	8.057122
4.249267	6.941727
4.269795	5.826332
4.290323	4.710937
4.310850	3.595542
4.331378	3.558827
4.351906	3.522111
4.372434	3.485395
4.392962	3.448679
4.413490	3.411963
4.434018	3.375247
4.454545	3.338531
4.475073	3.301815
4.495601	3.265099
4.516129	3.228383
4.536657	2.997902
4.557185	2.767420
4.577713	2.536939
4.598240	2.306458
4.618768	2.075977
4.639296	1.845495
4.659824	1.615014
4.680352	1.384533
4.700880	1.154052
4.721408	0.923571
4.741935	0.835831
4.762463	0.748092
4.782991	0.660353
4.803519	0.572614
4.824047	0.484875
4.844575	0.397135
4.865103	0.309396
4.885630	0.221657
4.906158	0.133918
4.926686	0.046179
4.947214	0.041792
4.967742	0.037405
4.988270	0.033018
5.008798	0.028631
5.029326	0.024244
5.049853	0.019857
5.070381	0.015470
5.090909	0.011083
5.111437	0.006696
5.131965	0.002309
5.152493	0.002090
5.173021	0.001870
5.193548	0.001651
5.214076	0.001432
5.234604	0.001212
5.255132	0.000993
5.275660	0.000773
5.296188	0.000554
5.316716	0.000335
5.337243	0.000115
5.357771	0.000104
5.378299	0.000094
5.398827	0.000083
5.419355	0.000072
5.439883	0.000061
5.460411	0.000050
5.480938	0.000039
5.501466	0.000028
5.521994	0.000017
5.542522	0.000006
5.563050	0.000005
5.583578	0.000005
5.604106	0.000004
5.624633	0.000004
5.645161	0.000003
5.665689	0.000002
5.686217	0.000002
5.706745	0.000001
5.727273	0.000001
5.747801	0.000000
5.768328	0.057162
5.788856	0.114323
5.809384	0.171484
5.829912	0.228646
5.850440	0.285807
5.870968	0.342968
5.891496	0.400130
5.912023	0.457291
5.932551	0.514452
5.953079	0.571614
5.973607	0.701497
5.994135	0.831380
6.014663	0.961264
6.035191	1.091147
6.055718	1.221030
6.076246	1.350913
6.096774	1.480797
6.117302	1.610680
6.137830	1.740563
6.158358	1.870447
6.178886	1.807077
6.199413	1.743707
6.219941	1.680337
6.240469	1.616968
6.260997	1.553598
6.281525	1.490228
6.302053	1.426859
6.322581	1.363489
6.343109	1.300119
6.363636	1.236749
6.384164	1.239932
6.404692	1.243115
6.425220	1.246298
6.445748	1.249481
6.466276	1.252663
6.486804	1.255846
6.507331	1.259029
6.527859	1.262212
6.548387	1.265394
6.568915	1.268577
6.589443	1.224278
6.609971	1.179978
6.630499	1.135678
6.651026	1.091378
6.671554	1.047079
6.692082	1.002779
6.712610	0.958479
6.733138	0.914180
6.753666	0.869880
6.774194	0.825580
6.794721	0.759853
6.815249	0.694125
6.835777	0.628397
6.856305	0.562670
6.876833	0.496942
6.897361	0.431215
6.917889	0.365487
6.938416	0.299759
6.958944	0.234032
6.979472	0.168304
