0.000000	0.000000
0.020528	0.000000
0.041056	0.000000
0.061584	0.000000
0.082111	0.000000
0.102639	0.000000
0.123167	0.000000
0.143695	0.000000
0.164223	0.000000
0.184751	0.000000
0.205279	0.000000
0.225806	0.000000
0.246334	0.000000
0.266862	0.000000
0.287390	0.000000
0.307918	0.000000
0.328446	0.000000
0.348974	0.000000
0.369501	0.000000
0.390029	0.000000
0.410557	0.000000
0.431085	0.000000
0.451613	0.000000
0.472141	0.000000
0.492669	0.000000
0.513196	0.000000
0.533724	0.000000
0.554252	0.000000
0.574780	0.000000
0.595308	0.000000
0.615836	0.000000
0.636364	0.000000
0.656891	0.000000
0.677419	0.000000
0.697947	0.000000
0.718475	0.000000
0.739003	0.000000
0.759531	0.000000
0.780059	0.000000
0.800587	0.000000
0.821114	0.000000
0.841642	0.000000
0.862170	0.000000
0.882698	0.000000
0.903226	0.000000
0.923754	0.000000
0.944282	0.000000
0.964809	0.000000
0.985337	0.000000
1.005865	0.000000
1.026393	0.000000
1.046921	0.000000
1.067449	0.000000
1.087977	0.000000
1.108504	0.000000
1.129032	0.000000
1.149560	0.000000
1.170088	0.000000
1.190616	0.000000
1.211144	0.000000
1.231672	0.000000
1.252199	0.000000
1.272727	0.000000
1.293255	0.000000
1.313783	0.000000
1.334311	0.000000
1.354839	0.000000
1.375367	0.000000
1.395894	0.000000
1.416422	0.000000
1.436950	0.000000
1.457478	0.000000
1.478006	0.000000
1.498534	0.000000
1.519062	0.000000
1.539589	0.000000
1.560117	0.000000
1.580645	0.000000
1.601173	0.000000
1.621701	0.000000
1.642229	0.000000
1.662757	0.000000
1.683284	0.000000
1.703812	0.000000
1.724340	0.000000
1.744868	0.000000
1.765396	0.000000
1.785924	0.000000
1.806452	0.000000
1.826979	0.000000
1.847507	0.000000
1.868035	0.000000
1.888563	0.000000
1.909091	0.000000
1.929619	0.000000
1.950147	0.000000
1.970674	0.000000
1.991202	0.000000
2.011730	0.000000
2.032258	0.000000
2.052786	0.000000
2.073314	0.000000
2.093842	0.000000
2.114370	0.000000
2.134897	0.000000
2.155425	0.000000
2.175953	0.000000
2.196481	0.000000
2.217009	0.000000
2.237537	0.000000
2.258065	0.000000
2.278592	0.000000
2.299120	0.000000
2.319648	0.000000
2.340176	0.000000
2.360704	0.000000
2.381232	0.000000
2.401760	0.000000
2.422287	0.000000
2.442815	0.000000
2.463343	0.000000
2.483871	0.012584
2.504399	0.025168
2.524927	0.037752
2.545455	0.050337
2.565982	0.062921
2.586510	0.075505
2.607038	0.088089
2.627566	0.100673
2.648094	0.113257
2.668622	0.125842
2.689150	0.701147
2.709677	1.276453
2.730205	1.851758
2.750733	2.427064
2.771261	3.002370
2.791789	3.577675
2.812317	4.152981
2.832845	4.728286
2.853372	5.303592
2.873900	5.878898
2.894428	9.229880
2.914956	12.580862
2.935484	15.931844
2.956012	19.282826
2.976540	22.633808
2.997067	25.984790
3.017595	29.335772
3.038123	32.686754
3.058651	36.037736
3.079179	39.388718
3.099707	45.449847
3.120235	51.510975
3.140762	57.572103
3.161290	63.633231
3.181818	69.694359
3.202346	75.755487
3.222874	81.816616
3.243402	87.877744
3.263930	93.938872
3.284457	100.000000
3.304985	96.288711
3.325513	92.577422
3.346041	88.866133
3.366569	85.154844
3.387097	81.443556
3.407625	77.732267
3.428152	74.020978
3.448680	70.309689
3.469208	66.598400
3.489736	62.887111
3.510264	59.169594
3.530792	55.452077
3.551320	51.734560
3.571848	48.017042
3.592375	44.299525
3.612903	40.582008
3.633431	36.864491
3.653959	33.146974
3.674487	29.429457
3.695015	25.711939
3.715543	24.632589
3.736070	23.553238
3.756598	22.473887
3.777126	21.394536
3.797654	20.315185
3.818182	19.235834
3.838710	18.156484
3.859238	17.077133
3.879765	15.997782
3.900293	14.918431
3.920821	13.870315
3.941349	12.822200
3.961877	11.774084
3.982405	10.725968
4.002933	9.677852
4.023460	8.629737
4.043988	7.581621
4.064516	6.533505
4.085044	5.485389
4.105572	4.437274
4.126100	4.275805
4.146628	4.114337
4.167155	3.952868
4.187683	3.791400
4.208211	3.629931
4.228739	3.468463
4.249267	3.306994
4.269795	3.145526
4.290323	2.984057
4.310850	2.822589
4.331378	2.785153
4.351906	2.747716
4.372434	2.710280
4.392962	2.672843
4.413490	2.635407
4.434018	2.597970
4.454545	2.560534
4.475073	2.523097
4.495601	2.485661
4.516129	2.448224
4.536657	2.215643
4.557185	1.983062
4.577713	1.750480
4.598240	1.517899
4.618768	1.285318
4.639296	1.052737
4.659824	0.820155
4.680352	0.587574
4.700880	0.354993
4.721408	0.122411
4.741935	0.148535
4.762463	0.174658
4.782991	0.200781
4.803519	0.226905
4.824047	0.253028
4.844575	0.279152
4.865103	0.305275
4.885630	0.331398
4.906158	0.357522
4.926686	0.383645
4.947214	0.347199
4.967742	0.310753
4.988270	0.274306
5.008798	0.237860
5.029326	0.201414
5.049853	0.164967
5.070381	0.128521
5.090909	0.092075
5.111437	0.055629
5.131965	0.019182
5.152493	0.017360
5.173021	0.015538
5.193548	0.013715
5.214076	0.011893
5.234604	0.010071
5.255132	0.008248
5.275660	0.006426
5.296188	0.004604
5.316716	0.002781
5.337243	0.000959
5.357771	0.000868
5.378299	0.000777
5.398827	0.000686
5.419355	0.000595
5.439883	0.000504
5.460411	0.000412
5.480938	0.000321
5.501466	0.000230
5.521994	0.000139
5.542522	0.000048
5.563050	0.004238
5.583578	0.008428
5.604106	0.012618
5.624633	0.016809
5.645161	0.020999
5.665689	0.025189
5.686217	0.029379
5.706745	0.033569
5.727273	0.037759
5.747801	0.041950
5.768328	0.147027
5.788856	0.252105
5.809384	0.357182
5.829912	0.462259
5.850440	0.567337
5.870968	0.672414
5.891496	0.777492
5.912023	0.882569
5.932551	0.987647
5.953079	1.092724
5.973607	1.114757
5.994135	1.136790
6.014663	1.158822
6.035191	1.180855
6.055718	1.202888
6.076246	1.224921
6.096774	1.246953
6.117302	1.268986
6.137830	1.291019
6.158358	1.313052
6.178886	1.343516
6.199413	1.373981
6.219941	1.404446
6.240469	1.434910
6.260997	1.465375
6.281525	1.495840
6.302053	1.526304
6.322581	1.556769
6.343109	1.587234
6.363636	1.617698
6.384164	1.526938
6.404692	1.436177
6.425220	1.345417
6.445748	1.254656
6.466276	1.163895
6.486804	1.073135
6.507331	0.982374
6.527859	0.891614
6.548387	0.800853
6.568915	0.710093
6.589443	0.655218
6.609971	0.600343
6.630499	0.545469
6.651026	0.490594
6.671554	0.435719
6.692082	0.380845
6.712610	0.325970
6.733138	0.271095
6.753666	0.216221
6.774194	0.161346
6.794721	0.154408
6.815249	0.147469
6.835777	0.140531
6.856305	0.133592
6.876833	0.126654
6.897361	0.119715
6.917889	0.112777
6.938416	0.105839
6.958944	0.098900
6.979472	0.091962
