0.000000	0.000000
0.020528	0.000000
0.041056	0.000000
0.061584	0.000000
0.082111	0.000000
0.102639	0.000000
0.123167	0.000000
0.143695	0.000000
0.164223	0.000000
0.184751	0.000000
0.205279	0.000000
0.225806	0.000000
0.246334	0.000000
0.266862	0.000000
0.287390	0.000000
0.307918	0.000000
0.328446	0.000000
0.348974	0.000000
0.369501	0.000000
0.390029	0.000000
0.410557	0.000000
0.431085	0.000000
0.451613	0.000000
0.472141	0.000000
0.492669	0.000000
0.513196	0.000000
0.533724	0.000000
0.554252	0.000000
0.574780	0.000000
0.595308	0.000000
0.615836	0.000000
0.636364	0.000000
0.656891	0.000000
0.677419	0.000000
0.697947	0.000000
0.718475	0.000000
0.739003	0.000000
0.759531	0.000000
0.780059	0.000000
0.800587	0.000000
0.821114	0.000000
0.841642	0.000000
0.862170	0.000000
0.882698	0.000000
0.903226	0.000000
0.923754	0.000000
0.944282	0.000000
0.964809	0.000000
0.985337	0.000000
1.005865	0.000000
1.026393	0.000000
1.046921	0.000000
1.067449	0.000000
1.087977	0.000000
1.108504	0.000000
1.129032	0.000000
1.149560	0.000000
1.170088	0.000000
1.190616	0.000000
1.211144	0.000000
1.231672	0.000000
1.252199	0.000000
1.272727	0.000000
1.293255	0.000000
1.313783	0.000000
1.334311	0.000000
1.354839	0.000000
1.375367	0.000000
1.395894	0.000000
1.416422	0.000000
1.436950	0.000000
1.457478	0.000000
1.478006	0.000000
1.498534	0.000000
1.519062	0.000000
1.539589	0.000000
1.560117	0.000000
1.580645	0.000000
1.601173	0.000000
1.621701	0.000000
1.642229	0.000000
1.662757	0.000000
1.683284	0.000000
1.703812	0.000000
1.724340	0.000000
1.744868	0.000000
1.765396	0.000000
1.785924	0.000000
1.806452	0.000000
1.826979	0.000000
1.847507	0.000000
1.868035	0.000000
1.888563	0.000000
1.909091	0.000000
1.929619	0.000000
1.950147	0.000000
1.970674	0.000000
1.991202	0.000000
2.011730	0.000000
2.032258	0.000000
2.052786	0.000000
2.073314	0.000000
2.093842	0.000000
2.114370	0.000000
2.134897	0.000000
2.155425	0.000000
2.175953	0.000000
2.196481	0.000000
2.217009	0.000000
2.237537	0.000000
2.258065	0.000000
2.278592	0.000000
2.299120	0.000000
2.319648	0.000000
2.340176	0.000000
2.360704	0.000000
2.381232	0.000000
2.401760	0.000000
2.422287	0.000000
2.442815	0.000000
2.463343	0.000000
2.483871	0.000000
2.504399	0.000000
2.524927	0.000000
2.545455	0.000000
2.565982	0.000000
2.586510	0.000000
2.607038	0.000000
2.627566	0.000000
2.648094	0.000000
2.668622	0.000000
2.689150	0.000000
2.709677	0.000000
2.730205	0.000000
2.750733	0.000000
2.771261	0.000000
2.791789	0.000000
2.812317	0.000000
2.832845	0.000000
2.853372	0.000000
2.873900	0.000000
2.894428	0.408206
2.914956	0.816413
2.935484	1.224619
2.956012	1.632825
2.976540	2.041032
2.997067	2.449238
3.017595	2.857444
3.038123	3.265650
3.058651	3.673857
3.079179	4.082063
3.099707	7.504193
3.120235	10.926322
3.140762	14.348452
3.161290	17.770581
3.181818	21.192711
3.202346	24.614840
3.222874	28.036970
3.243402	31.459099
3.263930	34.881229
3.284457	38.303359
3.304985	40.575027
3.325513	42.846695
3.346041	45.118363
3.366569	47.390031
3.387097	49.661699
3.407625	51.933367
3.428152	54.205035
3.448680	56.476703
3.469208	58.748371
3.489736	61.020040
3.510264	64.918036
3.530792	68.816032
3.551320	72.714028
3.571848	76.612024
3.592375	80.510020
3.612903	84.408016
3.633431	88.306012
3.653959	92.204008
3.674487	96.102004
3.695015	100.000000
3.715543	99.395496
3.736070	98.790992
3.756598	98.186487
3.777126	97.581983
3.797654	96.977479
3.818182	96.372975
3.838710	95.768470
3.859238	95.163966
3.879765	94.559462
3.900293	93.954958
3.920821	91.101306
3.941349	88.247653
3.961877	85.394001
3.982405	82.540349
4.002933	79.686697
4.023460	76.833045
4.043988	73.979393
4.064516	71.125740
4.085044	68.272088
4.105572	65.418436
4.126100	62.367284
4.146628	59.316131
4.167155	56.264978
4.187683	53.213826
4.208211	50.162673
4.228739	47.111521
4.249267	44.060368
4.269795	41.009216
4.290323	37.958063
4.310850	34.906911
4.331378	33.189562
4.351906	31.472214
4.372434	29.754865
4.392962	28.037517
4.413490	26.320168
4.434018	24.602820
4.454545	22.885471
4.475073	21.168123
4.495601	19.450774
4.516129	17.733426
4.536657	16.422940
4.557185	15.112453
4.577713	13.801967
4.598240	12.491481
4.618768	11.180994
4.639296	9.870508
4.659824	8.560021
4.680352	7.249535
4.700880	5.939049
4.721408	4.628562
4.741935	4.307909
4.762463	3.987256
4.782991	3.666603
4.803519	3.345949
4.824047	3.025296
4.844575	2.704643
4.865103	2.383990
4.885630	2.063336
4.906158	1.742683
4.926686	1.422030
4.947214	1.661126
4.967742	1.900222
4.988270	2.139319
5.008798	2.378415
5.029326	2.617511
5.049853	2.856608
5.070381	3.095704
5.090909	3.334800
5.111437	3.573896
5.131965	3.812993
5.152493	3.552810
5.173021	3.292627
5.193548	3.032444
5.214076	2.772262
5.234604	2.512079
5.255132	2.251896
5.275660	1.991714
5.296188	1.731531
5.316716	1.471348
5.337243	1.211165
5.357771	1.096105
5.378299	0.981044
5.398827	0.865983
5.419355	0.750923
5.439883	0.635862
5.460411	0.520801
5.480938	0.405740
5.501466	0.290680
5.521994	0.175619
5.542522	0.060558
5.563050	0.054805
5.583578	0.049052
5.604106	0.043299
5.624633	0.037546
5.645161	0.031793
5.665689	0.026040
5.686217	0.020287
5.706745	0.014534
5.727273	0.008781
5.747801	0.003028
5.768328	0.002740
5.788856	0.002453
5.809384	0.002165
5.829912	0.001877
5.850440	0.001590
5.870968	0.001302
5.891496	0.001014
5.912023	0.000727
5.932551	0.000439
5.953079	0.000151
5.973607	0.017146
5.994135	0.034140
6.014663	0.051134
6.035191	0.068128
6.055718	0.085122
6.076246	0.102117
6.096774	0.119111
6.117302	0.136105
6.137830	0.153099
6.158358	0.170094
6.178886	0.187952
6.199413	0.205810
6.219941	0.223668
6.240469	0.241527
6.260997	0.259385
6.281525	0.277243
6.302053	0.295102
6.322581	0.312960
6.343109	0.330818
6.363636	0.348677
6.384164	0.349570
6.404692	0.350462
6.425220	0.351355
6.445748	0.352248
6.466276	0.353141
6.486804	0.354034
6.507331	0.354927
6.527859	0.355820
6.548387	0.356713
6.568915	0.357606
6.589443	0.374659
6.609971	0.391712
6.630499	0.408765
6.651026	0.425819
6.671554	0.442872
6.692082	0.459925
6.712610	0.476978
6.733138	0.494032
6.753666	0.511085
6.774194	0.528138
6.794721	0.554504
6.815249	0.580869
6.835777	0.607235
6.856305	0.633600
6.876833	0.659966
6.897361	0.686332
6.917889	0.712697
6.938416	0.739063
6.958944	0.765428
6.979472	0.791794
