0.000000	0.000000
0.020528	0.000000
0.041056	0.000000
0.061584	0.000000
0.082111	0.000000
0.102639	0.000000
0.123167	0.000000
0.143695	0.000000
0.164223	0.000000
0.184751	0.000000
0.205279	0.000000
0.225806	0.000000
0.246334	0.000000
0.266862	0.000000
0.287390	0.000000
0.307918	0.000000
0.328446	0.000000
0.348974	0.000000
0.369501	0.000000
0.390029	0.000000
0.410557	0.000000
0.431085	0.000000
0.451613	0.000000
0.472141	0.000000
0.492669	0.000000
0.513196	0.000000
0.533724	0.000000
0.554252	0.000000
0.574780	0.000000
0.595308	0.000000
0.615836	0.000000
0.636364	0.000000
0.656891	0.000000
0.677419	0.000000
0.697947	0.000000
0.718475	0.000000
0.739003	0.000000
0.759531	0.000000
0.780059	0.000000
0.800587	0.000000
0.821114	0.000000
0.841642	0.000000
0.862170	0.000000
0.882698	0.000000
0.903226	0.000000
0.923754	0.000000
0.944282	0.000000
0.964809	0.000000
0.985337	0.000000
1.005865	0.000000
1.026393	0.000000
1.046921	0.000000
1.067449	0.000000
1.087977	0.000000
1.108504	0.000000
1.129032	0.000000
1.149560	0.000000
1.170088	0.000000
1.190616	0.000000
1.211144	0.000000
1.231672	0.000000
1.252199	0.000000
1.272727	0.000000
1.293255	0.000000
1.313783	0.000000
1.334311	0.000000
1.354839	0.000000
1.375367	0.000000
1.395894	0.000000
1.416422	0.000000
1.436950	0.000000
1.457478	0.000000
1.478006	0.000000
1.498534	0.000000
1.519062	0.000000
1.539589	0.000000
1.560117	0.000000
1.580645	0.000000
1.601173	0.000000
1.621701	0.000000
1.642229	0.000000
1.662757	0.000000
1.683284	0.000000
1.703812	0.000000
1.724340	0.000000
1.744868	0.000000
1.765396	0.000000
1.785924	0.000000
1.806452	0.000000
1.826979	0.000000
1.847507	0.000000
1.868035	0.000000
1.888563	0.000000
1.909091	0.000000
1.929619	0.000000
1.950147	0.000000
1.970674	0.000000
1.991202	0.000000
2.011730	0.000000
2.032258	0.000000
2.052786	0.000000
2.073314	0.000000
2.093842	0.000000
2.114370	0.000000
2.134897	0.000000
2.155425	0.000000
2.175953	0.000000
2.196481	0.000000
2.217009	0.000000
2.237537	0.000000
2.258065	0.000000
2.278592	0.000000
2.299120	0.000000
2.319648	0.000000
2.340176	0.000000
2.360704	0.000000
2.381232	0.000000
2.401760	0.000000
2.422287	0.000000
2.442815	0.000000
2.463343	0.000000
2.483871	0.633970
2.504399	1.267941
2.524927	1.901911
2.545455	2.535881
2.565982	3.169852
2.586510	3.803822
2.607038	4.437792
2.627566	5.071763
2.648094	5.705733
2.668622	6.339703
2.689150	10.428812
2.709677	14.517920
2.730205	18.607029
2.750733	22.696137
2.771261	26.785246
2.791789	30.874355
2.812317	34.963463
2.832845	39.052572
2.853372	43.141680
2.873900	47.230789
2.894428	45.596730
2.914956	43.962672
2.935484	42.328613
2.956012	40.694555
2.976540	39.060496
2.997067	37.426438
3.017595	35.792379
3.038123	34.158321
3.058651	32.524262
3.079179	30.890204
3.099707	31.410773
3.120235	31.931342
3.140762	32.451911
3.161290	32.972479
3.181818	33.493048
3.202346	34.013617
3.222874	34.534186
3.243402	35.054755
3.263930	35.575324
3.284457	36.095893
3.304985	38.808370
3.325513	41.520848
3.346041	44.233326
3.366569	46.945803
3.387097	49.658281
3.407625	52.370759
3.428152	55.083236
3.448680	57.795714
3.469208	60.508192
3.489736	63.220669
3.510264	66.898603
3.530792	70.576536
3.551320	74.254469
3.571848	77.932402
3.592375	81.610335
3.612903	85.288268
3.633431	88.966201
3.653959	92.644134
3.674487	96.322067
3.695015	100.000000
3.715543	96.166110
3.736070	92.332219
3.756598	88.498329
3.777126	84.664439
3.797654	80.830549
3.818182	76.996658
3.838710	73.162768
3.859238	69.328878
3.879765	65.494988
3.900293	61.661097
3.920821	58.386722
3.941349	55.112347
3.961877	51.837972
3.982405	48.563597
4.002933	45.289221
4.023460	42.014846
4.043988	38.740471
4.064516	35.466096
4.085044	32.191721
4.105572	28.917345
4.126100	27.755123
4.146628	26.592901
4.167155	25.430679
4.187683	24.268457
4.208211	23.106235
4.228739	21.944013
4.249267	20.781791
4.269795	19.619569
4.290323	18.457347
4.310850	17.295125
4.331378	15.889827
4.351906	14.484529
4.372434	13.079231
4.392962	11.673933
4.413490	10.268635
4.434018	8.863337
4.454545	7.458039
4.475073	6.052741
4.495601	4.647443
4.516129	3.242145
4.536657	3.203579
4.557185	3.165012
4.577713	3.126446
4.598240	3.087879
4.618768	3.049313
4.639296	3.010747
4.659824	2.972180
4.680352	2.933614
4.700880	2.895047
4.721408	2.856481
4.741935	2.696060
4.762463	2.535639
4.782991	2.375218
4.803519	2.214798
4.824047	2.054377
4.844575	1.893956
4.865103	1.733535
4.885630	1.573114
4.906158	1.412693
4.926686	1.252272
4.947214	1.133306
4.967742	1.014340
4.988270	0.895375
5.008798	0.776409
5.029326	0.657443
5.049853	0.538477
5.070381	0.419511
5.090909	0.300545
5.111437	0.181579
5.131965	0.062614
5.152493	0.056665
5.173021	0.050717
5.193548	0.044769
5.214076	0.038820
5.234604	0.032872
5.255132	0.026924
5.275660	0.020976
5.296188	0.015027
5.316716	0.009079
5.337243	0.003131
5.357771	0.018683
5.378299	0.034234
5.398827	0.049786
5.419355	0.065338
5.439883	0.080890
5.460411	0.096442
5.480938	0.111994
5.501466	0.127545
5.521994	0.143097
5.542522	0.158649
5.563050	0.159427
5.583578	0.160204
5.604106	0.160982
5.624633	0.161759
5.645161	0.162537
5.665689	0.163315
5.686217	0.164092
5.706745	0.164870
5.727273	0.165647
5.747801	0.166425
5.768328	0.214012
5.788856	0.261598
5.809384	0.309185
5.829912	0.356772
5.850440	0.404358
5.870968	0.451945
5.891496	0.499532
5.912023	0.547118
5.932551	0.594705
5.953079	0.642292
5.973607	0.612972
5.994135	0.583653
6.014663	0.554334
6.035191	0.525015
6.055718	0.495696
6.076246	0.466376
6.096774	0.437057
6.117302	0.407738
6.137830	0.378419
6.158358	0.349100
6.178886	0.331785
6.199413	0.314469
6.219941	0.297154
6.240469	0.279839
6.260997	0.262524
6.281525	0.245208
6.302053	0.227893
6.322581	0.210578
6.343109	0.193263
6.363636	0.175948
6.384164	0.293951
6.404692	0.411955
6.425220	0.529959
6.445748	0.647962
6.466276	0.765966
6.486804	0.883970
6.507331	1.001973
6.527859	1.119977
6.548387	1.237981
6.568915	1.355984
6.589443	1.393583
6.609971	1.431182
6.630499	1.468780
6.651026	1.506379
6.671554	1.543978
6.692082	1.581577
6.712610	1.619175
6.733138	1.656774
6.753666	1.694373
6.774194	1.731971
6.794721	1.741776
6.815249	1.751580
6.835777	1.761385
6.856305	1.771190
6.876833	1.780994
6.897361	1.790799
6.917889	1.800603
6.938416	1.810408
6.958944	1.820212
6.979472	1.830017
