0.000000	0.000000
0.020528	0.000000
0.041056	0.000000
0.061584	0.000000
0.082111	0.000000
0.102639	0.000000
0.123167	0.000000
0.143695	0.000000
0.164223	0.000000
0.184751	0.000000
0.205279	0.000000
0.225806	0.000000
0.246334	0.000000
0.266862	0.000000
0.287390	0.000000
0.307918	0.000000
0.328446	0.000000
0.348974	0.000000
0.369501	0.000000
0.390029	0.000000
0.410557	0.000000
0.431085	0.000000
0.451613	0.000000
0.472141	0.000000
0.492669	0.000000
0.513196	0.000000
0.533724	0.000000
0.554252	0.000000
0.574780	0.000000
0.595308	0.000000
0.615836	0.000000
0.636364	0.000000
0.656891	0.000000
0.677419	0.000000
0.697947	0.000000
0.718475	0.000000
0.739003	0.000000
0.759531	0.000000
0.780059	0.000000
0.800587	0.000000
0.821114	0.000000
0.841642	0.000000
0.862170	0.000000
0.882698	0.000000
0.903226	0.000000
0.923754	0.000000
0.944282	0.000000
0.964809	0.000000
0.985337	0.000000
1.005865	0.000000
1.026393	0.000000
1.046921	0.000000
1.067449	0.000000
1.087977	0.000000
1.108504	0.000000
1.129032	0.000000
1.149560	0.000000
1.170088	0.000000
1.190616	0.000000
1.211144	0.000000
1.231672	0.000000
1.252199	0.000000
1.272727	0.000000
1.293255	0.000000
1.313783	0.000000
1.334311	0.000000
1.354839	0.000000
1.375367	0.000000
1.395894	0.000000
1.416422	0.000000
1.436950	0.000000
1.457478	0.000000
1.478006	0.000000
1.498534	0.000000
1.519062	0.000000
1.539589	0.000000
1.560117	0.000000
1.580645	0.000000
1.601173	0.000000
1.621701	0.000000
1.642229	0.000000
1.662757	0.000000
1.683284	0.000000
1.703812	0.000000
1.724340	0.000000
1.744868	0.000000
1.765396	0.000000
1.785924	0.000000
1.806452	0.000000
1.826979	0.000000
1.847507	0.000000
1.868035	0.000000
1.888563	0.000000
1.909091	0.000000
1.929619	0.000000
1.950147	0.000000
1.970674	0.000000
1.991202	0.000000
2.011730	0.000000
2.032258	0.000000
2.052786	0.000000
2.073314	0.000000
2.093842	0.000000
2.114370	0.000000
2.134897	0.000000
2.155425	0.000000
2.175953	0.000000
2.196481	0.000000
2.217009	0.000000
2.237537	0.000000
2.258065	0.000000
2.278592	0.000000
2.299120	0.000000
2.319648	0.000000
2.340176	0.000000
2.360704	0.000000
2.381232	0.000000
2.401760	0.000000
2.422287	0.000000
2.442815	0.000000
2.463343	0.000000
2.483871	0.750850
2.504399	1.501700
2.524927	2.252550
2.545455	3.003400
2.565982	3.754250
2.586510	4.505100
2.607038	5.255949
2.627566	6.006799
2.648094	6.757649
2.668622	7.508499
2.689150	12.509994
2.709677	17.511489
2.730205	22.512983
2.750733	27.514478
2.771261	32.515973
2.791789	37.517468
2.812317	42.518962
2.832845	47.520457
2.853372	52.521952
2.873900	57.523447
2.894428	61.771102
2.914956	66.018757
2.935484	70.266413
2.956012	74.514068
2.976540	78.761723
2.997067	83.009379
3.017595	87.257034
3.038123	91.504689
3.058651	95.752345
3.079179	100.000000
3.099707	99.475437
3.120235	98.950875
3.140762	98.426312
3.161290	97.901750
3.181818	97.377187
3.202346	96.852625
3.222874	96.328062
3.243402	95.803500
3.263930	95.278937
3.284457	94.754375
3.304985	88.971631
3.325513	83.188886
3.346041	77.406142
3.366569	71.623398
3.387097	65.840654
3.407625	60.057910
3.428152	54.275165
3.448680	48.492421
3.469208	42.709677
3.489736	36.926933
3.510264	35.337713
3.530792	33.748493
3.551320	32.159273
3.571848	30.570053
3.592375	28.980833
3.612903	27.391613
3.633431	25.802393
3.653959	24.213173
3.674487	22.623953
3.695015	21.034734
3.715543	19.641285
3.736070	18.247837
3.756598	16.854388
3.777126	15.460940
3.797654	14.067492
3.818182	12.674043
3.838710	11.280595
3.859238	9.887147
3.879765	8.493698
3.900293	7.100250
3.920821	6.662105
3.941349	6.223960
3.961877	5.785815
3.982405	5.347670
4.002933	4.909525
4.023460	4.471380
4.043988	4.033234
4.064516	3.595089
4.085044	3.156944
4.105572	2.718799
4.126100	2.495275
4.146628	2.271751
4.167155	2.048226
4.187683	1.824702
4.208211	1.601177
4.228739	1.377653
4.249267	1.154129
4.269795	0.930604
4.290323	0.707080
4.310850	0.483556
4.331378	0.437618
4.351906	0.391680
4.372434	0.345742
4.392962	0.299805
4.413490	0.253867
4.434018	0.207929
4.454545	0.161991
4.475073	0.116053
4.495601	0.070116
4.516129	0.024178
4.536657	0.021881
4.557185	0.019584
4.577713	0.017287
4.598240	0.014990
4.618768	0.012693
4.639296	0.010396
4.659824	0.008100
4.680352	0.005803
4.700880	0.003506
4.721408	0.001209
4.741935	0.001094
4.762463	0.000979
4.782991	0.000864
4.803519	0.000750
4.824047	0.000635
4.844575	0.000520
4.865103	0.000405
4.885630	0.000290
4.906158	0.000175
4.926686	0.000060
4.947214	0.000055
4.967742	0.000049
4.988270	0.000043
5.008798	0.000037
5.029326	0.000032
5.049853	0.000026
5.070381	0.000020
5.090909	0.000015
5.111437	0.000009
5.131965	0.000003
5.152493	0.062574
5.173021	0.125144
5.193548	0.187715
5.214076	0.250285
5.234604	0.312856
5.255132	0.375426
5.275660	0.437997
5.296188	0.500567
5.316716	0.563138
5.337243	0.625708
5.357771	0.774836
5.378299	0.923963
5.398827	1.073090
5.419355	1.222217
5.439883	1.371344
5.460411	1.520471
5.480938	1.669598
5.501466	1.818725
5.521994	1.967853
5.542522	2.116980
5.563050	2.089674
5.583578	2.062369
5.604106	2.035064
5.624633	2.007759
5.645161	1.980454
5.665689	1.953148
5.686217	1.925843
5.706745	1.898538
5.727273	1.871233
5.747801	1.843928
5.768328	1.856467
5.788856	1.869006
5.809384	1.881546
5.829912	1.894085
5.850440	1.906624
5.870968	1.919164
5.891496	1.931703
5.912023	1.944242
5.932551	1.956782
5.953079	1.969321
5.973607	1.823950
5.994135	1.678578
6.014663	1.533206
6.035191	1.387835
6.055718	1.242463
6.076246	1.097091
6.096774	0.951720
6.117302	0.806348
6.137830	0.660977
6.158358	0.515605
6.178886	0.466622
6.199413	0.417640
6.219941	0.368658
6.240469	0.319675
6.260997	0.270693
6.281525	0.221710
6.302053	0.172728
6.322581	0.123745
6.343109	0.074763
6.363636	0.025780
6.384164	0.037236
6.404692	0.048691
6.425220	0.060147
6.445748	0.071602
6.466276	0.083058
6.486804	0.094513
6.507331	0.105969
6.527859	0.117424
6.548387	0.128880
6.568915	0.140335
6.589443	0.133956
6.609971	0.127576
6.630499	0.121197
6.651026	0.114817
6.671554	0.108438
6.692082	0.102058
6.712610	0.095679
6.733138	0.089299
6.753666	0.082919
6.774194	0.076540
6.794721	0.069269
6.815249	0.061997
6.835777	0.054726
6.856305	0.047455
6.876833	0.040183
6.897361	0.032912
6.917889	0.025641
6.938416	0.018370
6.958944	0.011098
6.979472	0.003827
