0.000000	0.000000
0.020528	0.000000
0.041056	0.000000
0.061584	0.000000
0.082111	0.000000
0.102639	0.000000
0.123167	0.000000
0.143695	0.000000
0.164223	0.000000
0.184751	0.000000
0.205279	0.000000
0.225806	0.000000
0.246334	0.000000
0.266862	0.000000
0.287390	0.000000
0.307918	0.000000
0.328446	0.000000
0.348974	0.000000
0.369501	0.000000
0.390029	0.000000
0.410557	0.000000
0.431085	0.000000
0.451613	0.000000
0.472141	0.000000
0.492669	0.000000
0.513196	0.000000
0.533724	0.000000
0.554252	0.000000
0.574780	0.000000
0.595308	0.000000
0.615836	0.000000
0.636364	0.000000
0.656891	0.000000
0.677419	0.000000
0.697947	0.000000
0.718475	0.000000
0.739003	0.000000
0.759531	0.000000
0.780059	0.000000
0.800587	0.000000
0.821114	0.000000
0.841642	0.000000
0.862170	0.000000
0.882698	0.000000
0.903226	0.000000
0.923754	0.000000
0.944282	0.000000
0.964809	0.000000
0.985337	0.000000
1.005865	0.000000
1.026393	0.000000
1.046921	0.000000
1.067449	0.000000
1.087977	0.000000
1.108504	0.000000
1.129032	0.000000
1.149560	0.000000
1.170088	0.000000
1.190616	0.000000
1.211144	0.000000
1.231672	0.000000
1.252199	0.000000
1.272727	0.000000
1.293255	0.000000
1.313783	0.000000
1.334311	0.000000
1.354839	0.000000
1.375367	0.000000
1.395894	0.000000
1.416422	0.000000
1.436950	0.000000
1.457478	0.000000
1.478006	0.000000
1.498534	0.000000
1.519062	0.000000
1.539589	0.000000
1.560117	0.000000
1.580645	0.000000
1.601173	0.000000
1.621701	0.000000
1.642229	0.000000
1.662757	0.000000
1.683284	0.000000
1.703812	0.000000
1.724340	0.000000
1.744868	0.000000
1.765396	0.000000
1.785924	0.000000
1.806452	0.000000
1.826979	0.000000
1.847507	0.000000
1.868035	0.000000
1.888563	0.000000
1.909091	0.000000
1.929619	0.000000
1.950147	0.000000
1.970674	0.000000
1.991202	0.000000
2.011730	0.000000
2.032258	0.000000
2.052786	0.000000
2.073314	0.000000
2.093842	0.000000
2.114370	0.000000
2.134897	0.000000
2.155425	0.000000
2.175953	0.000000
2.196481	0.000000
2.217009	0.000000
2.237537	0.000000
2.258065	0.000000
2.278592	0.000000
2.299120	0.000000
2.319648	0.000000
2.340176	0.000000
2.360704	0.000000
2.381232	0.000000
2.401760	0.000000
2.422287	0.000000
2.442815	0.000000
2.463343	0.000000
2.483871	0.974792
2.504399	1.949584
2.524927	2.924376
2.545455	3.899168
2.565982	4.873961
2.586510	5.848753
2.607038	6.823545
2.627566	7.798337
2.648094	8.773129
2.668622	9.747921
2.689150	17.975404
2.709677	26.202888
2.730205	34.430371
2.750733	42.657854
2.771261	50.885337
2.791789	59.112820
2.812317	67.340303
2.832845	75.567787
2.853372	83.795270
2.873900	92.022753
2.894428	92.820478
2.914956	93.618202
2.935484	94.415927
2.956012	95.213652
2.976540	96.011377
2.997067	96.809101
3.017595	97.606826
3.038123	98.404551
3.058651	99.202275
3.079179	100.000000
3.099707	96.408191
3.120235	92.816382
3.140762	89.224574
3.161290	85.632765
3.181818	82.040956
3.202346	78.449147
3.222874	74.857339
3.243402	71.265530
3.263930	67.673721
3.284457	64.081912
3.304985	60.597539
3.325513	57.113165
3.346041	53.628792
3.366569	50.144418
3.387097	46.660045
3.407625	43.175672
3.428152	39.691298
3.448680	36.206925
3.469208	32.722551
3.489736	29.238178
3.510264	28.077279
3.530792	26.916381
3.551320	25.755482
3.571848	24.594584
3.592375	23.433685
3.612903	22.272787
3.633431	21.111888
3.653959	19.950990
3.674487	18.790091
3.695015	17.629193
3.715543	16.406152
3.736070	15.183112
3.756598	13.960072
3.777126	12.737031
3.797654	11.513991
3.818182	10.290950
3.838710	9.067910
3.859238	7.844870
3.879765	6.621829
3.900293	5.398789
3.920821	5.070163
3.941349	4.741538
3.961877	4.412913
3.982405	4.084287
4.002933	3.755662
4.023460	3.427036
4.043988	3.098411
4.064516	2.769785
4.085044	2.441160
4.105572	2.112534
4.126100	1.953451
4.146628	1.794367
4.167155	1.635283
4.187683	1.476199
4.208211	1.317115
4.228739	1.158032
4.249267	0.998948
4.269795	0.839864
4.290323	0.680780
4.310850	0.521697
4.331378	0.519686
4.351906	0.517676
4.372434	0.515666
4.392962	0.513655
4.413490	0.511645
4.434018	0.509635
4.454545	0.507624
4.475073	0.505614
4.495601	0.503604
4.516129	0.501593
4.536657	0.453942
4.557185	0.406290
4.577713	0.358639
4.598240	0.310988
4.618768	0.263336
4.639296	0.215685
4.659824	0.168034
4.680352	0.120382
4.700880	0.072731
4.721408	0.025080
4.741935	0.022697
4.762463	0.020315
4.782991	0.017932
4.803519	0.015549
4.824047	0.013167
4.844575	0.010784
4.865103	0.008402
4.885630	0.006019
4.906158	0.003637
4.926686	0.001254
4.947214	0.191338
4.967742	0.381422
4.988270	0.571507
5.008798	0.761591
5.029326	0.951675
5.049853	1.141759
5.070381	1.331843
5.090909	1.521928
5.111437	1.712012
5.131965	1.902096
5.152493	1.768948
5.173021	1.635800
5.193548	1.502651
5.214076	1.369503
5.234604	1.236355
5.255132	1.103206
5.275660	0.970058
5.296188	0.836910
5.316716	0.703761
5.337243	0.570613
5.357771	0.688777
5.378299	0.806940
5.398827	0.925104
5.419355	1.043267
5.439883	1.161431
5.460411	1.279594
5.480938	1.397758
5.501466	1.515921
5.521994	1.634085
5.542522	1.752248
5.563050	1.692774
5.583578	1.633300
5.604106	1.573826
5.624633	1.514352
5.645161	1.454877
5.665689	1.395403
5.686217	1.335929
5.706745	1.276455
5.727273	1.216980
5.747801	1.157506
5.768328	1.190196
5.788856	1.222885
5.809384	1.255574
5.829912	1.288264
5.850440	1.320953
5.870968	1.353643
5.891496	1.386332
5.912023	1.419022
5.932551	1.451711
5.953079	1.484400
5.973607	1.396877
5.994135	1.309354
6.014663	1.221830
6.035191	1.134307
6.055718	1.046784
6.076246	0.959260
6.096774	0.871737
6.117302	0.784214
6.137830	0.696690
6.158358	0.609167
6.178886	0.557240
6.199413	0.505313
6.219941	0.453386
6.240469	0.401459
6.260997	0.349532
6.281525	0.297605
6.302053	0.245678
6.322581	0.193751
6.343109	0.141824
6.363636	0.089897
6.384164	0.087301
6.404692	0.084704
6.425220	0.082108
6.445748	0.079511
6.466276	0.076915
6.486804	0.074319
6.507331	0.071722
6.527859	0.069126
6.548387	0.066530
6.568915	0.063933
6.589443	0.069747
6.609971	0.075561
6.630499	0.081375
6.651026	0.087190
6.671554	0.093004
6.692082	0.098818
6.712610	0.104632
6.733138	0.110446
6.753666	0.116260
6.774194	0.122074
6.794721	0.110477
6.815249	0.098880
6.835777	0.087283
6.856305	0.075686
6.876833	0.064089
6.897361	0.052492
6.917889	0.040895
6.938416	0.029298
6.958944	0.017701
6.979472	0.006104
