0.000000	0.000000
0.020528	0.000000
0.041056	0.000000
0.061584	0.000000
0.082111	0.000000
0.102639	0.000000
0.123167	0.000000
0.143695	0.000000
0.164223	0.000000
0.184751	0.000000
0.205279	0.000000
0.225806	0.000000
0.246334	0.000000
0.266862	0.000000
0.287390	0.000000
0.307918	0.000000
0.328446	0.000000
0.348974	0.000000
0.369501	0.000000
0.390029	0.000000
0.410557	0.000000
0.431085	0.000000
0.451613	0.000000
0.472141	0.000000
0.492669	0.000000
0.513196	0.000000
0.533724	0.000000
0.554252	0.000000
0.574780	0.000000
0.595308	0.000000
0.615836	0.000000
0.636364	0.000000
0.656891	0.000000
0.677419	0.000000
0.697947	0.000000
0.718475	0.000000
0.739003	0.000000
0.759531	0.000000
0.780059	0.000000
0.800587	0.000000
0.821114	0.000000
0.841642	0.000000
0.862170	0.000000
0.882698	0.000000
0.903226	0.000000
0.923754	0.000000
0.944282	0.000000
0.964809	0.000000
0.985337	0.000000
1.005865	0.000000
1.026393	0.000000
1.046921	0.000000
1.067449	0.000000
1.087977	0.000000
1.108504	0.000000
1.129032	0.000000
1.149560	0.000000
1.170088	0.000000
1.190616	0.000000
1.211144	0.000000
1.231672	0.000000
1.252199	0.000000
1.272727	0.000000
1.293255	0.000000
1.313783	0.000000
1.334311	0.000000
1.354839	0.000000
1.375367	0.000000
1.395894	0.000000
1.416422	0.000000
1.436950	0.000000
1.457478	0.000000
1.478006	0.000000
1.498534	0.000000
1.519062	0.000000
1.539589	0.000000
1.560117	0.000000
1.580645	0.000000
1.601173	0.000000
1.621701	0.000000
1.642229	0.000000
1.662757	0.000000
1.683284	0.000000
1.703812	0.000000
1.724340	0.000000
1.744868	0.000000
1.765396	0.000000
1.785924	0.000000
1.806452	0.000000
1.826979	0.000000
1.847507	0.000000
1.868035	0.000000
1.888563	0.000000
1.909091	0.000000
1.929619	0.000000
1.950147	0.000000
1.970674	0.000000
1.991202	0.000000
2.011730	0.000000
2.032258	0.000000
2.052786	0.000000
2.073314	0.000000
2.093842	0.000000
2.114370	0.000000
2.134897	0.000000
2.155425	0.000000
2.175953	0.000000
2.196481	0.000000
2.217009	0.000000
2.237537	0.000000
2.258065	0.000000
2.278592	1.163113
2.299120	2.326225
2.319648	3.489338
2.340176	4.652451
2.360704	5.815564
2.381232	6.978676
2.401760	8.141789
2.422287	9.304902
2.442815	10.468014
2.463343	11.631127
2.483871	20.468014
2.504399	29.304902
2.524927	38.141789
2.545455	46.978676
2.565982	55.815564
2.586510	64.652451
2.607038	73.489338
2.627566	82.326225
2.648094	91.163113
2.668622	100.000000
2.689150	95.923244
2.709677	91.846488
2.730205	87.769731
2.750733	83.692975
2.771261	79.616219
2.791789	75.539463
2.812317	71.462707
2.832845	67.385950
2.853372	63.309194
2.873900	59.232438
2.894428	56.088510
2.914956	52.944581
2.935484	49.800653
2.956012	46.656725
2.976540	43.512797
2.997067	40.368868
3.017595	37.224940
3.038123	34.081012
3.058651	30.937083
3.079179	27.793155
3.099707	26.814395
3.120235	25.835635
3.140762	24.856875
3.161290	23.878115
3.181818	22.899354
3.202346	21.920594
3.222874	20.941834
3.243402	19.963074
3.263930	18.984314
3.284457	18.005554
3.304985	17.430446
3.325513	16.855338
3.346041	16.280230
3.366569	15.705121
3.387097	15.130013
3.407625	14.554905
3.428152	13.979797
3.448680	13.404689
3.469208	12.829581
3.489736	12.254473
3.510264	11.325690
3.530792	10.396907
3.551320	9.468124
3.571848	8.539341
3.592375	7.610558
3.612903	6.681775
3.633431	5.752992
3.653959	4.824208
3.674487	3.895425
3.695015	2.966642
3.715543	2.883279
3.736070	2.799916
3.756598	2.716552
3.777126	2.633189
3.797654	2.549825
3.818182	2.466462
3.838710	2.383099
3.859238	2.299735
3.879765	2.216372
3.900293	2.133009
3.920821	1.958066
3.941349	1.783123
3.961877	1.608181
3.982405	1.433238
4.002933	1.258295
4.023460	1.083353
4.043988	0.908410
4.064516	0.733467
4.085044	0.558525
4.105572	0.383582
4.126100	0.347142
4.146628	0.310701
4.167155	0.274261
4.187683	0.237821
4.208211	0.201381
4.228739	0.164940
4.249267	0.128500
4.269795	0.092060
4.290323	0.055619
4.310850	0.019179
4.331378	0.026588
4.351906	0.033997
4.372434	0.041406
4.392962	0.048815
4.413490	0.056224
4.434018	0.063633
4.454545	0.071042
4.475073	0.078451
4.495601	0.085860
4.516129	0.093269
4.536657	0.107487
4.557185	0.121704
4.577713	0.135921
4.598240	0.150138
4.618768	0.164355
4.639296	0.178572
4.659824	0.192789
4.680352	0.207006
4.700880	0.221223
4.721408	0.235440
4.741935	0.328461
4.762463	0.421483
4.782991	0.514504
4.803519	0.607525
4.824047	0.700547
4.844575	0.793568
4.865103	0.886589
4.885630	0.979611
4.906158	1.072632
4.926686	1.165654
4.947214	1.114918
4.967742	1.064183
4.988270	1.013448
5.008798	0.962713
5.029326	0.911977
5.049853	0.861242
5.070381	0.810507
5.090909	0.759772
5.111437	0.709036
5.131965	0.658301
5.152493	0.664995
5.173021	0.671690
5.193548	0.678384
5.214076	0.685078
5.234604	0.691773
5.255132	0.698467
5.275660	0.705161
5.296188	0.711855
5.316716	0.718550
5.337243	0.725244
5.357771	0.744041
5.378299	0.762838
5.398827	0.781635
5.419355	0.800431
5.439883	0.819228
5.460411	0.838025
5.480938	0.856822
5.501466	0.875619
5.521994	0.894415
5.542522	0.913212
5.563050	0.867997
5.583578	0.822781
5.604106	0.777566
5.624633	0.732351
5.645161	0.687135
5.665689	0.641920
5.686217	0.596704
5.706745	0.551489
5.727273	0.506273
5.747801	0.461058
5.768328	0.426489
5.788856	0.391919
5.809384	0.357350
5.829912	0.322780
5.850440	0.288211
5.870968	0.253641
5.891496	0.219072
5.912023	0.184502
5.932551	0.149933
5.953079	0.115363
5.973607	0.109019
5.994135	0.102675
6.014663	0.096331
6.035191	0.089987
6.055718	0.083643
6.076246	0.077299
6.096774	0.070955
6.117302	0.064611
6.137830	0.058267
6.158358	0.051923
6.178886	0.060837
6.199413	0.069751
6.219941	0.078665
6.240469	0.087579
6.260997	0.096493
6.281525	0.105407
6.302053	0.114320
6.322581	0.123234
6.343109	0.132148
6.363636	0.141062
6.384164	0.127661
6.404692	0.114260
6.425220	0.100859
6.445748	0.087458
6.466276	0.074058
6.486804	0.060657
6.507331	0.047256
6.527859	0.033855
6.548387	0.020454
6.568915	0.007053
6.589443	0.010999
6.609971	0.014944
6.630499	0.018890
6.651026	0.022835
6.671554	0.026781
6.692082	0.030726
6.712610	0.034671
6.733138	0.038617
6.753666	0.042562
6.774194	0.046508
6.794721	0.042090
6.815249	0.037671
6.835777	0.033253
6.856305	0.028835
6.876833	0.024417
6.897361	0.019998
6.917889	0.015580
6.938416	0.011162
6.958944	0.006744
6.979472	0.002325
