0.000000	0.000000
0.020528	0.000000
0.041056	0.000000
0.061584	0.000000
0.082111	0.000000
0.102639	0.000000
0.123167	0.000000
0.143695	0.000000
0.164223	0.000000
0.184751	0.000000
0.205279	0.000000
0.225806	0.000000
0.246334	0.000000
0.266862	0.000000
0.287390	0.000000
0.307918	0.000000
0.328446	0.000000
0.348974	0.000000
0.369501	0.000000
0.390029	0.000000
0.410557	0.000000
0.431085	0.000000
0.451613	0.000000
0.472141	0.000000
0.492669	0.000000
0.513196	0.000000
0.533724	0.000000
0.554252	0.000000
0.574780	0.000000
0.595308	0.000000
0.615836	0.000000
0.636364	0.000000
0.656891	0.000000
0.677419	0.000000
0.697947	0.000000
0.718475	0.000000
0.739003	0.000000
0.759531	0.000000
0.780059	0.000000
0.800587	0.000000
0.821114	0.000000
0.841642	0.000000
0.862170	0.000000
0.882698	0.000000
0.903226	0.000000
0.923754	0.000000
0.944282	0.000000
0.964809	0.000000
0.985337	0.000000
1.005865	0.000000
1.026393	0.000000
1.046921	0.000000
1.067449	0.000000
1.087977	0.000000
1.108504	0.000000
1.129032	0.000000
1.149560	0.000000
1.170088	0.000000
1.190616	0.000000
1.211144	0.000000
1.231672	0.000000
1.252199	0.000000
1.272727	0.000000
1.293255	0.000000
1.313783	0.000000
1.334311	0.000000
1.354839	0.000000
1.375367	0.000000
1.395894	0.000000
1.416422	0.000000
1.436950	0.000000
1.457478	0.000000
1.478006	0.000000
1.498534	0.000000
1.519062	0.000000
1.539589	0.000000
1.560117	0.000000
1.580645	0.000000
1.601173	0.000000
1.621701	0.000000
1.642229	0.000000
1.662757	0.000000
1.683284	0.000000
1.703812	0.000000
1.724340	0.000000
1.744868	0.000000
1.765396	0.000000
1.785924	0.000000
1.806452	0.000000
1.826979	0.000000
1.847507	0.000000
1.868035	0.000000
1.888563	0.000000
1.909091	0.000000
1.929619	0.000000
1.950147	0.000000
1.970674	0.000000
1.991202	0.000000
2.011730	0.000000
2.032258	0.000000
2.052786	0.000000
2.073314	0.038840
2.093842	0.077680
2.114370	0.116521
2.134897	0.155361
2.155425	0.194201
2.175953	0.233041
2.196481	0.271882
2.217009	0.310722
2.237537	0.349562
2.258065	0.388402
2.278592	1.002078
2.299120	1.615754
2.319648	2.229429
2.340176	2.843105
2.360704	3.456781
2.381232	4.070456
2.401760	4.684132
2.422287	5.297807
2.442815	5.911483
2.463343	6.525159
2.483871	15.872643
2.504399	25.220127
2.524927	34.567611
2.545455	43.915095
2.565982	53.262579
2.586510	62.610064
2.607038	71.957548
2.627566	81.305032
2.648094	90.652516
2.668622	100.000000
2.689150	94.621919
2.709677	89.243839
2.730205	83.865758
2.750733	78.487678
2.771261	73.109597
2.791789	67.731517
2.812317	62.353436
2.832845	56.975356
2.853372	51.597275
2.873900	46.219195
2.894428	44.085960
2.914956	41.952725
2.935484	39.819490
2.956012	37.686254
2.976540	35.553019
2.997067	33.419784
3.017595	31.286549
3.038123	29.153314
3.058651	27.020079
3.079179	24.886844
3.099707	24.416055
3.120235	23.945266
3.140762	23.474477
3.161290	23.003688
3.181818	22.532899
3.202346	22.062110
3.222874	21.591321
3.243402	21.120532
3.263930	20.649744
3.284457	20.178955
3.304985	19.262090
3.325513	18.345225
3.346041	17.428360
3.366569	16.511496
3.387097	15.594631
3.407625	14.677766
3.428152	13.760901
3.448680	12.844037
3.469208	11.927172
3.489736	11.010307
3.510264	10.182804
3.530792	9.355301
3.551320	8.527798
3.571848	7.700296
3.592375	6.872793
3.612903	6.045290
3.633431	5.217787
3.653959	4.390284
3.674487	3.562781
3.695015	2.735278
3.715543	2.698758
3.736070	2.662238
3.756598	2.625718
3.777126	2.589198
3.797654	2.552678
3.818182	2.516158
3.838710	2.479638
3.859238	2.443117
3.879765	2.406597
3.900293	2.370077
3.920821	2.188615
3.941349	2.007153
3.961877	1.825691
3.982405	1.644229
4.002933	1.462767
4.023460	1.281305
4.043988	1.099843
4.064516	0.918381
4.085044	0.736919
4.105572	0.555456
4.126100	0.502688
4.146628	0.449920
4.167155	0.397151
4.187683	0.344383
4.208211	0.291615
4.228739	0.238846
4.249267	0.186078
4.269795	0.133310
4.290323	0.080541
4.310850	0.027773
4.331378	0.034844
4.351906	0.041916
4.372434	0.048988
4.392962	0.056059
4.413490	0.063131
4.434018	0.070203
4.454545	0.077274
4.475073	0.084346
4.495601	0.091418
4.516129	0.098489
4.536657	0.142538
4.557185	0.186587
4.577713	0.230636
4.598240	0.274685
4.618768	0.318733
4.639296	0.362782
4.659824	0.406831
4.680352	0.450880
4.700880	0.494929
4.721408	0.538978
4.741935	0.584875
4.762463	0.630773
4.782991	0.676671
4.803519	0.722568
4.824047	0.768466
4.844575	0.814364
4.865103	0.860262
4.885630	0.906159
4.906158	0.952057
4.926686	0.997955
4.947214	0.995395
4.967742	0.992834
4.988270	0.990274
5.008798	0.987714
5.029326	0.985154
5.049853	0.982594
5.070381	0.980034
5.090909	0.977473
5.111437	0.974913
5.131965	0.972353
5.152493	0.947950
5.173021	0.923547
5.193548	0.899144
5.214076	0.874741
5.234604	0.850337
5.255132	0.825934
5.275660	0.801531
5.296188	0.777128
5.316716	0.752725
5.337243	0.728322
5.357771	0.761087
5.378299	0.793852
5.398827	0.826617
5.419355	0.859382
5.439883	0.892147
5.460411	0.924912
5.480938	0.957677
5.501466	0.990442
5.521994	1.023207
5.542522	1.055972
5.563050	0.989640
5.583578	0.923308
5.604106	0.856976
5.624633	0.790644
5.645161	0.724311
5.665689	0.657979
5.686217	0.591647
5.706745	0.525315
5.727273	0.458983
5.747801	0.392651
5.768328	0.360204
5.788856	0.327757
5.809384	0.295310
5.829912	0.262864
5.850440	0.230417
5.870968	0.197970
5.891496	0.165523
5.912023	0.133076
5.932551	0.100630
5.953079	0.068183
5.973607	0.081126
5.994135	0.094068
6.014663	0.107011
6.035191	0.119954
6.055718	0.132897
6.076246	0.145839
6.096774	0.158782
6.117302	0.171725
6.137830	0.184668
6.158358	0.197610
6.178886	0.193402
6.199413	0.189195
6.219941	0.184987
6.240469	0.180779
6.260997	0.176571
6.281525	0.172363
6.302053	0.168155
6.322581	0.163947
6.343109	0.159739
6.363636	0.155531
6.384164	0.160176
6.404692	0.164821
6.425220	0.169465
6.445748	0.174110
6.466276	0.178755
6.486804	0.183399
6.507331	0.188044
6.527859	0.192688
6.548387	0.197333
6.568915	0.201978
6.589443	0.192500
6.609971	0.183022
6.630499	0.173544
6.651026	0.164066
6.671554	0.154589
6.692082	0.145111
6.712610	0.135633
6.733138	0.126155
6.753666	0.116677
6.774194	0.107199
6.794721	0.097016
6.815249	0.086832
6.835777	0.076648
6.856305	0.066464
6.876833	0.056280
6.897361	0.046096
6.917889	0.035912
6.938416	0.025728
6.958944	0.015544
6.979472	0.005360
