0.000000	0.000000
0.020528	0.000000
0.041056	0.000000
0.061584	0.000000
0.082111	0.000000
0.102639	0.000000
0.123167	0.000000
0.143695	0.000000
0.164223	0.000000
0.184751	0.000000
0.205279	0.000000
0.225806	0.000000
0.246334	0.000000
0.266862	0.000000
0.287390	0.000000
0.307918	0.000000
0.328446	0.000000
0.348974	0.000000
0.369501	0.000000
0.390029	0.000000
0.410557	0.000000
0.431085	0.000000
0.451613	0.000000
0.472141	0.000000
0.492669	0.000000
0.513196	0.000000
0.533724	0.000000
0.554252	0.000000
0.574780	0.000000
0.595308	0.000000
0.615836	0.000000
0.636364	0.000000
0.656891	0.000000
0.677419	0.000000
0.697947	0.000000
0.718475	0.000000
0.739003	0.000000
0.759531	0.000000
0.780059	0.000000
0.800587	0.000000
0.821114	0.000000
0.841642	0.000000
0.862170	0.000000
0.882698	0.000000
0.903226	0.000000
0.923754	0.000000
0.944282	0.000000
0.964809	0.000000
0.985337	0.000000
1.005865	0.000000
1.026393	0.000000
1.046921	0.000000
1.067449	0.000000
1.087977	0.000000
1.108504	0.000000
1.129032	0.000000
1.149560	0.000000
1.170088	0.000000
1.190616	0.000000
1.211144	0.000000
1.231672	0.000000
1.252199	0.000000
1.272727	0.000000
1.293255	0.000000
1.313783	0.000000
1.334311	0.000000
1.354839	0.000000
1.375367	0.000000
1.395894	0.000000
1.416422	0.000000
1.436950	0.000000
1.457478	0.000000
1.478006	0.000000
1.498534	0.000000
1.519062	0.000000
1.539589	0.000000
1.560117	0.000000
1.580645	0.000000
1.601173	0.000000
1.621701	0.000000
1.642229	0.000000
1.662757	0.000000
1.683284	0.000000
1.703812	0.000000
1.724340	0.000000
1.744868	0.000000
1.765396	0.000000
1.785924	0.000000
1.806452	0.000000
1.826979	0.000000
1.847507	0.000000
1.868035	0.000000
1.888563	0.000000
1.909091	0.000000
1.929619	0.000000
1.950147	0.000000
1.970674	0.000000
1.991202	0.000000
2.011730	0.000000
2.032258	0.000000
2.052786	0.000000
2.073314	0.000000
2.093842	0.000000
2.114370	0.000000
2.134897	0.000000
2.155425	0.000000
2.175953	0.000000
2.196481	0.000000
2.217009	0.000000
2.237537	0.000000
2.258065	0.000000
2.278592	1.330688
2.299120	2.661375
2.319648	3.992063
2.340176	5.322750
2.360704	6.653438
2.381232	7.984125
2.401760	9.314813
2.422287	10.645500
2.442815	11.976188
2.463343	13.306875
2.483871	21.976188
2.504399	30.645500
2.524927	39.314813
2.545455	47.984125
2.565982	56.653438
2.586510	65.322750
2.607038	73.992063
2.627566	82.661375
2.648094	91.330688
2.668622	100.000000
2.689150	98.688397
2.709677	97.376795
2.730205	96.065192
2.750733	94.753589
2.771261	93.441987
2.791789	92.130384
2.812317	90.818781
2.832845	89.507179
2.853372	88.195576
2.873900	86.883973
2.894428	85.592760
2.914956	84.301547
2.935484	83.010333
2.956012	81.719120
2.976540	80.427907
2.997067	79.136693
3.017595	77.845480
3.038123	76.554266
3.058651	75.263053
3.079179	73.971840
3.099707	69.938562
3.120235	65.905284
3.140762	61.872006
3.161290	57.838728
3.181818	53.805450
3.202346	49.772173
3.222874	45.738895
3.243402	41.705617
3.263930	37.672339
3.284457	33.639061
3.304985	32.853762
3.325513	32.068464
3.346041	31.283165
3.366569	30.497866
3.387097	29.712567
3.407625	28.927269
3.428152	28.141970
3.448680	27.356671
3.469208	26.571372
3.489736	25.786074
3.510264	24.929720
3.530792	24.073366
3.551320	23.217012
3.571848	22.360658
3.592375	21.504305
3.612903	20.647951
3.633431	19.791597
3.653959	18.935243
3.674487	18.078890
3.695015	17.222536
3.715543	16.251739
3.736070	15.280942
3.756598	14.310144
3.777126	13.339347
3.797654	12.368550
3.818182	11.397753
3.838710	10.426956
3.859238	9.456159
3.879765	8.485362
3.900293	7.514564
3.920821	7.921260
3.941349	8.327955
3.961877	8.734650
3.982405	9.141346
4.002933	9.548041
4.023460	9.954736
4.043988	10.361432
4.064516	10.768127
4.085044	11.174823
4.105572	11.581518
4.126100	12.004561
4.146628	12.427604
4.167155	12.850646
4.187683	13.273689
4.208211	13.696732
4.228739	14.119775
4.249267	14.542818
4.269795	14.965861
4.290323	15.388903
4.310850	15.811946
4.331378	14.531593
4.351906	13.251239
4.372434	11.970885
4.392962	10.690532
4.413490	9.410178
4.434018	8.129824
4.454545	6.849471
4.475073	5.569117
4.495601	4.288763
4.516129	3.008410
4.536657	3.037774
4.557185	3.067138
4.577713	3.096502
4.598240	3.125865
4.618768	3.155229
4.639296	3.184593
4.659824	3.213957
4.680352	3.243321
4.700880	3.272685
4.721408	3.302049
4.741935	3.058390
4.762463	2.814732
4.782991	2.571073
4.803519	2.327415
4.824047	2.083757
4.844575	1.840098
4.865103	1.596440
4.885630	1.352781
4.906158	1.109123
4.926686	0.865464
4.947214	0.876627
4.967742	0.887789
4.988270	0.898952
5.008798	0.910114
5.029326	0.921277
5.049853	0.932439
5.070381	0.943602
5.090909	0.954764
5.111437	0.965927
5.131965	0.977089
5.152493	1.018502
5.173021	1.059914
5.193548	1.101327
5.214076	1.142739
5.234604	1.184152
5.255132	1.225564
5.275660	1.266977
5.296188	1.308390
5.316716	1.349802
5.337243	1.391215
5.357771	1.457485
5.378299	1.523756
5.398827	1.590026
5.419355	1.656297
5.439883	1.722567
5.460411	1.788837
5.480938	1.855108
5.501466	1.921378
5.521994	1.987649
5.542522	2.053919
5.563050	1.911324
5.583578	1.768729
5.604106	1.626134
5.624633	1.483539
5.645161	1.340943
5.665689	1.198348
5.686217	1.055753
5.706745	0.913158
5.727273	0.770563
5.747801	0.627967
5.768328	0.708383
5.788856	0.788798
5.809384	0.869214
5.829912	0.949629
5.850440	1.030045
5.870968	1.110460
5.891496	1.190876
5.912023	1.271291
5.932551	1.351707
5.953079	1.432122
5.973607	1.377779
5.994135	1.323437
6.014663	1.269094
6.035191	1.214751
6.055718	1.160409
6.076246	1.106066
6.096774	1.051723
6.117302	0.997380
6.137830	0.943038
6.158358	0.888695
6.178886	0.821778
6.199413	0.754861
6.219941	0.687944
6.240469	0.621027
6.260997	0.554110
6.281525	0.487193
6.302053	0.420276
6.322581	0.353359
6.343109	0.286442
6.363636	0.219525
6.384164	0.204507
6.404692	0.189488
6.425220	0.174470
6.445748	0.159451
6.466276	0.144432
6.486804	0.129414
6.507331	0.114395
6.527859	0.099377
6.548387	0.084358
6.568915	0.069340
6.589443	0.080262
6.609971	0.091183
6.630499	0.102105
6.651026	0.113027
6.671554	0.123949
6.692082	0.134870
6.712610	0.145792
6.733138	0.156714
6.753666	0.167636
6.774194	0.178557
6.794721	0.173267
6.815249	0.167977
6.835777	0.162687
6.856305	0.157396
6.876833	0.152106
6.897361	0.146816
6.917889	0.141526
6.938416	0.136235
6.958944	0.130945
6.979472	0.125655
