0.000000	0.000000
0.020528	0.000000
0.041056	0.000000
0.061584	0.000000
0.082111	0.000000
0.102639	0.000000
0.123167	0.000000
0.143695	0.000000
0.164223	0.000000
0.184751	0.000000
0.205279	0.000000
0.225806	0.000000
0.246334	0.000000
0.266862	0.000000
0.287390	0.000000
0.307918	0.000000
0.328446	0.000000
0.348974	0.000000
0.369501	0.000000
0.390029	0.000000
0.410557	0.000000
0.431085	0.000000
0.451613	0.000000
0.472141	0.000000
0.492669	0.000000
0.513196	0.000000
0.533724	0.000000
0.554252	0.000000
0.574780	0.000000
0.595308	0.000000
0.615836	0.000000
0.636364	0.000000
0.656891	0.000000
0.677419	0.000000
0.697947	0.000000
0.718475	0.000000
0.739003	0.000000
0.759531	0.000000
0.780059	0.000000
0.800587	0.000000
0.821114	0.000000
0.841642	0.000000
0.862170	0.000000
0.882698	0.000000
0.903226	0.000000
0.923754	0.000000
0.944282	0.000000
0.964809	0.000000
0.985337	0.000000
1.005865	0.000000
1.026393	0.000000
1.046921	0.000000
1.067449	0.000000
1.087977	0.000000
1.108504	0.000000
1.129032	0.000000
1.149560	0.000000
1.170088	0.000000
1.190616	0.000000
1.211144	0.000000
1.231672	0.000000
1.252199	0.000000
1.272727	0.000000
1.293255	0.000000
1.313783	0.000000
1.334311	0.000000
1.354839	0.000000
1.375367	0.000000
1.395894	0.000000
1.416422	0.000000
1.436950	0.000000
1.457478	0.000000
1.478006	0.000000
1.498534	0.000000
1.519062	0.000000
1.539589	0.000000
1.560117	0.000000
1.580645	0.000000
1.601173	0.000000
1.621701	0.000000
1.642229	0.000000
1.662757	0.000000
1.683284	0.000000
1.703812	0.000000
1.724340	0.000000
1.744868	0.000000
1.765396	0.000000
1.785924	0.000000
1.806452	0.000000
1.826979	0.000000
1.847507	0.000000
1.868035	0.000000
1.888563	0.000000
1.909091	0.000000
1.929619	0.000000
1.950147	0.000000
1.970674	0.000000
1.991202	0.000000
2.011730	0.000000
2.032258	0.000000
2.052786	0.000000
2.073314	0.000000
2.093842	0.000000
2.114370	0.000000
2.134897	0.000000
2.155425	0.000000
2.175953	0.000000
2.196481	0.000000
2.217009	0.000000
2.237537	0.000000
2.258065	0.000000
2.278592	0.000000
2.299120	0.000000
2.319648	0.000000
2.340176	0.000000
2.360704	0.000000
2.381232	0.000000
2.401760	0.000000
2.422287	0.000000
2.442815	0.000000
2.463343	0.000000
2.483871	0.054389
2.504399	0.108779
2.524927	0.163168
2.545455	0.217558
2.565982	0.271947
2.586510	0.326337
2.607038	0.380726
2.627566	0.435116
2.648094	0.489505
2.668622	0.543895
2.689150	2.304252
2.709677	4.064610
2.730205	5.824967
2.750733	7.585325
2.771261	9.345683
2.791789	11.106040
2.812317	12.866398
2.832845	14.626756
2.853372	16.387113
2.873900	18.147471
2.894428	18.593314
2.914956	19.039157
2.935484	19.485001
2.956012	19.930844
2.976540	20.376687
2.997067	20.822530
3.017595	21.268374
3.038123	21.714217
3.058651	22.160060
3.079179	22.605903
3.099707	24.314269
3.120235	26.022634
3.140762	27.730999
3.161290	29.439364
3.181818	31.147730
3.202346	32.856095
3.222874	34.564460
3.243402	36.272825
3.263930	37.981191
3.284457	39.689556
3.304985	45.720600
3.325513	51.751645
3.346041	57.782689
3.366569	63.813733
3.387097	69.844778
3.407625	75.875822
3.428152	81.906867
3.448680	87.937911
3.469208	93.968956
3.489736	100.000000
3.510264	92.732830
3.530792	85.465660
3.551320	78.198491
3.571848	70.931321
3.592375	63.664151
3.612903	56.396981
3.633431	49.129812
3.653959	41.862642
3.674487	34.595472
3.695015	27.328302
3.715543	25.244520
3.736070	23.160737
3.756598	21.076954
3.777126	18.993171
3.797654	16.909388
3.818182	14.825606
3.838710	12.741823
3.859238	10.658040
3.879765	8.574257
3.900293	6.490474
3.920821	6.142964
3.941349	5.795453
3.961877	5.447943
3.982405	5.100433
4.002933	4.752922
4.023460	4.405412
4.043988	4.057902
4.064516	3.710391
4.085044	3.362881
4.105572	3.015370
4.126100	2.817651
4.146628	2.619931
4.167155	2.422212
4.187683	2.224492
4.208211	2.026773
4.228739	1.829053
4.249267	1.631334
4.269795	1.433614
4.290323	1.235895
4.310850	1.038175
4.331378	0.971037
4.351906	0.903899
4.372434	0.836761
4.392962	0.769623
4.413490	0.702485
4.434018	0.635347
4.454545	0.568209
4.475073	0.501071
4.495601	0.433933
4.516129	0.366795
4.536657	0.377751
4.557185	0.388707
4.577713	0.399663
4.598240	0.410620
4.618768	0.421576
4.639296	0.432532
4.659824	0.443488
4.680352	0.454444
4.700880	0.465400
4.721408	0.476356
4.741935	0.442553
4.762463	0.408749
4.782991	0.374946
4.803519	0.341142
4.824047	0.307339
4.844575	0.273536
4.865103	0.239732
4.885630	0.205929
4.906158	0.172125
4.926686	0.138322
4.947214	0.125181
4.967742	0.112041
4.988270	0.098900
5.008798	0.085760
5.029326	0.072619
5.049853	0.059478
5.070381	0.046338
5.090909	0.033197
5.111437	0.020057
5.131965	0.006916
5.152493	0.023435
5.173021	0.039953
5.193548	0.056472
5.214076	0.072990
5.234604	0.089509
5.255132	0.106028
5.275660	0.122546
5.296188	0.139065
5.316716	0.155583
5.337243	0.172102
5.357771	0.161477
5.378299	0.150853
5.398827	0.140229
5.419355	0.129604
5.439883	0.118980
5.460411	0.108355
5.480938	0.097731
5.501466	0.087106
5.521994	0.076482
5.542522	0.065857
5.563050	0.071051
5.583578	0.076245
5.604106	0.081439
5.624633	0.086633
5.645161	0.091827
5.665689	0.097021
5.686217	0.102215
5.706745	0.107409
5.727273	0.112603
5.747801	0.117797
5.768328	0.146683
5.788856	0.175568
5.809384	0.204454
5.829912	0.233340
5.850440	0.262226
5.870968	0.291111
5.891496	0.319997
5.912023	0.348883
5.932551	0.377769
5.953079	0.406654
5.973607	0.456763
5.994135	0.506871
6.014663	0.556980
6.035191	0.607088
6.055718	0.657197
6.076246	0.707305
6.096774	0.757414
6.117302	0.807523
6.137830	0.857631
6.158358	0.907740
6.178886	0.901657
6.199413	0.895575
6.219941	0.889492
6.240469	0.883410
6.260997	0.877328
6.281525	0.871245
6.302053	0.865163
6.322581	0.859081
6.343109	0.852998
6.363636	0.846916
6.384164	0.800810
6.404692	0.754704
6.425220	0.708598
6.445748	0.662493
6.466276	0.616387
6.486804	0.570281
6.507331	0.524175
6.527859	0.478070
6.548387	0.431964
6.568915	0.385858
6.589443	0.360652
6.609971	0.335446
6.630499	0.310240
6.651026	0.285034
6.671554	0.259828
6.692082	0.234621
6.712610	0.209415
6.733138	0.184209
6.753666	0.159003
6.774194	0.133797
6.794721	0.129674
6.815249	0.125551
6.835777	0.121428
6.856305	0.117305
6.876833	0.113182
6.897361	0.109060
6.917889	0.104937
6.938416	0.100814
6.958944	0.096691
6.979472	0.092568
