0.000000	0.000000
0.020528	0.000000
0.041056	0.000000
0.061584	0.000000
0.082111	0.000000
0.102639	0.000000
0.123167	0.000000
0.143695	0.000000
0.164223	0.000000
0.184751	0.000000
0.205279	0.000000
0.225806	0.000000
0.246334	0.000000
0.266862	0.000000
0.287390	0.000000
0.307918	0.000000
0.328446	0.000000
0.348974	0.000000
0.369501	0.000000
0.390029	0.000000
0.410557	0.000000
0.431085	0.000000
0.451613	0.000000
0.472141	0.000000
0.492669	0.000000
0.513196	0.000000
0.533724	0.000000
0.554252	0.000000
0.574780	0.000000
0.595308	0.000000
0.615836	0.000000
0.636364	0.000000
0.656891	0.000000
0.677419	0.000000
0.697947	0.000000
0.718475	0.000000
0.739003	0.000000
0.759531	0.000000
0.780059	0.000000
0.800587	0.000000
0.821114	0.000000
0.841642	0.000000
0.862170	0.000000
0.882698	0.000000
0.903226	0.000000
0.923754	0.000000
0.944282	0.000000
0.964809	0.000000
0.985337	0.000000
1.005865	0.000000
1.026393	0.000000
1.046921	0.000000
1.067449	0.000000
1.087977	0.000000
1.108504	0.000000
1.129032	0.000000
1.149560	0.000000
1.170088	0.000000
1.190616	0.000000
1.211144	0.000000
1.231672	0.000000
1.252199	0.000000
1.272727	0.000000
1.293255	0.000000
1.313783	0.000000
1.334311	0.000000
1.354839	0.000000
1.375367	0.000000
1.395894	0.000000
1.416422	0.000000
1.436950	0.000000
1.457478	0.000000
1.478006	0.000000
1.498534	0.000000
1.519062	0.000000
1.539589	0.000000
1.560117	0.000000
1.580645	0.000000
1.601173	0.000000
1.621701	0.000000
1.642229	0.000000
1.662757	0.000000
1.683284	0.000000
1.703812	0.000000
1.724340	0.000000
1.744868	0.000000
1.765396	0.000000
1.785924	0.000000
1.806452	0.000000
1.826979	0.000000
1.847507	0.000000
1.868035	0.000000
1.888563	0.000000
1.909091	0.000000
1.929619	0.000000
1.950147	0.000000
1.970674	0.000000
1.991202	0.000000
2.011730	0.000000
2.032258	0.000000
2.052786	0.000000
2.073314	0.000000
2.093842	0.000000
2.114370	0.000000
2.134897	0.000000
2.155425	0.000000
2.175953	0.000000
2.196481	0.000000
2.217009	0.000000
2.237537	0.000000
2.258065	0.000000
2.278592	0.000000
2.299120	0.000000
2.319648	0.000000
2.340176	0.000000
2.360704	0.000000
2.381232	0.000000
2.401760	0.000000
2.422287	0.000000
2.442815	0.000000
2.463343	0.000000
2.483871	2.762714
2.504399	5.525427
2.524927	8.288141
2.545455	11.050854
2.565982	13.813568
2.586510	16.576282
2.607038	19.338995
2.627566	22.101709
2.648094	24.864422
2.668622	27.627136
2.689150	31.602374
2.709677	35.577612
2.730205	39.552850
2.750733	43.528088
2.771261	47.503325
2.791789	51.478563
2.812317	55.453801
2.832845	59.429039
2.853372	63.404277
2.873900	67.379515
2.894428	70.641563
2.914956	73.903612
2.935484	77.165660
2.956012	80.427709
2.976540	83.689757
2.997067	86.951806
3.017595	90.213854
3.038123	93.475903
3.058651	96.737951
3.079179	100.000000
3.099707	96.377162
3.120235	92.754323
3.140762	89.131485
3.161290	85.508646
3.181818	81.885808
3.202346	78.262969
3.222874	74.640131
3.243402	71.017293
3.263930	67.394454
3.284457	63.771616
3.304985	61.390535
3.325513	59.009455
3.346041	56.628374
3.366569	54.247294
3.387097	51.866213
3.407625	49.485133
3.428152	47.104052
3.448680	44.722971
3.469208	42.341891
3.489736	39.960810
3.510264	37.833673
3.530792	35.706535
3.551320	33.579398
3.571848	31.452260
3.592375	29.325123
3.612903	27.197985
3.633431	25.070848
3.653959	22.943710
3.674487	20.816573
3.695015	18.689435
3.715543	17.265673
3.736070	15.841911
3.756598	14.418149
3.777126	12.994387
3.797654	11.570625
3.818182	10.146863
3.838710	8.723101
3.859238	7.299339
3.879765	5.875577
3.900293	4.451815
3.920821	4.482950
3.941349	4.514085
3.961877	4.545219
3.982405	4.576354
4.002933	4.607489
4.023460	4.638623
4.043988	4.669758
4.064516	4.700892
4.085044	4.732027
4.105572	4.763162
4.126100	4.592049
4.146628	4.420936
4.167155	4.249823
4.187683	4.078710
4.208211	3.907597
4.228739	3.736485
4.249267	3.565372
4.269795	3.394259
4.290323	3.223146
4.310850	3.052033
4.331378	2.838832
4.351906	2.625631
4.372434	2.412430
4.392962	2.199229
4.413490	1.986028
4.434018	1.772826
4.454545	1.559625
4.475073	1.346424
4.495601	1.133223
4.516129	0.920022
4.536657	0.832620
4.557185	0.745218
4.577713	0.657816
4.598240	0.570414
4.618768	0.483012
4.639296	0.395610
4.659824	0.308207
4.680352	0.220805
4.700880	0.133403
4.721408	0.046001
4.741935	0.041631
4.762463	0.037261
4.782991	0.032891
4.803519	0.028521
4.824047	0.024151
4.844575	0.019780
4.865103	0.015410
4.885630	0.011040
4.906158	0.006670
4.926686	0.002300
4.947214	0.002082
4.967742	0.001863
4.988270	0.001645
5.008798	0.001426
5.029326	0.001208
5.049853	0.000989
5.070381	0.000771
5.090909	0.000552
5.111437	0.000334
5.131965	0.000115
5.152493	0.038475
5.173021	0.076835
5.193548	0.115195
5.214076	0.153555
5.234604	0.191915
5.255132	0.230276
5.275660	0.268636
5.296188	0.306996
5.316716	0.345356
5.337243	0.383716
5.357771	0.411215
5.378299	0.438713
5.398827	0.466212
5.419355	0.493711
5.439883	0.521209
5.460411	0.548708
5.480938	0.576207
5.501466	0.603705
5.521994	0.631204
5.542522	0.658703
5.563050	0.762400
5.583578	0.866098
5.604106	0.969796
5.624633	1.073493
5.645161	1.177191
5.665689	1.280889
5.686217	1.384586
5.706745	1.488284
5.727273	1.591982
5.747801	1.695679
5.768328	1.700864
5.788856	1.706049
5.809384	1.711234
5.829912	1.716419
5.850440	1.721604
5.870968	1.726789
5.891496	1.731974
5.912023	1.737159
5.932551	1.742343
5.953079	1.747528
5.973607	1.715812
5.994135	1.684095
6.014663	1.652378
6.035191	1.620662
6.055718	1.588945
6.076246	1.557229
6.096774	1.525512
6.117302	1.493795
6.137830	1.462079
6.158358	1.430362
6.178886	1.320058
6.199413	1.209755
6.219941	1.099451
6.240469	0.989147
6.260997	0.878844
6.281525	0.768540
6.302053	0.658236
6.322581	0.547932
6.343109	0.437629
6.363636	0.327325
6.384164	0.296229
6.404692	0.265133
6.425220	0.234037
6.445748	0.202941
6.466276	0.171846
6.486804	0.140750
6.507331	0.109654
6.527859	0.078558
6.548387	0.047462
6.568915	0.016366
6.589443	0.021207
6.609971	0.026047
6.630499	0.030887
6.651026	0.035728
6.671554	0.040568
6.692082	0.045409
6.712610	0.050249
6.733138	0.055089
6.753666	0.059930
6.774194	0.064770
6.794721	0.071407
6.815249	0.078044
6.835777	0.084682
6.856305	0.091319
6.876833	0.097956
6.897361	0.104593
6.917889	0.111230
6.938416	0.117868
6.958944	0.124505
6.979472	0.131142
