0.000000	0.000000
0.020528	0.000000
0.041056	0.000000
0.061584	0.000000
0.082111	0.000000
0.102639	0.000000
0.123167	0.000000
0.143695	0.000000
0.164223	0.000000
0.184751	0.000000
0.205279	0.000000
0.225806	0.000000
0.246334	0.000000
0.266862	0.000000
0.287390	0.000000
0.307918	0.000000
0.328446	0.000000
0.348974	0.000000
0.369501	0.000000
0.390029	0.000000
0.410557	0.000000
0.431085	0.000000
0.451613	0.000000
0.472141	0.000000
0.492669	0.000000
0.513196	0.000000
0.533724	0.000000
0.554252	0.000000
0.574780	0.000000
0.595308	0.000000
0.615836	0.000000
0.636364	0.000000
0.656891	0.000000
0.677419	0.000000
0.697947	0.000000
0.718475	0.000000
0.739003	0.000000
0.759531	0.000000
0.780059	0.000000
0.800587	0.000000
0.821114	0.000000
0.841642	0.000000
0.862170	0.000000
0.882698	0.000000
0.903226	0.000000
0.923754	0.000000
0.944282	0.000000
0.964809	0.000000
0.985337	0.000000
1.005865	0.000000
1.026393	0.000000
1.046921	0.000000
1.067449	0.000000
1.087977	0.000000
1.108504	0.000000
1.129032	0.000000
1.149560	0.000000
1.170088	0.000000
1.190616	0.000000
1.211144	0.000000
1.231672	0.000000
1.252199	0.000000
1.272727	0.000000
1.293255	0.000000
1.313783	0.000000
1.334311	0.000000
1.354839	0.000000
1.375367	0.000000
1.395894	0.000000
1.416422	0.000000
1.436950	0.000000
1.457478	0.094069
1.478006	0.188138
1.498534	0.282207
1.519062	0.376276
1.539589	0.470345
1.560117	0.564414
1.580645	0.658483
1.601173	0.752552
1.621701	0.846621
1.642229	0.940690
1.662757	0.851324
1.683284	0.761959
1.703812	0.672593
1.724340	0.583228
1.744868	0.493862
1.765396	0.404496
1.785924	0.315131
1.806452	0.225765
1.826979	0.136400
1.847507	0.047034
1.868035	0.042566
1.888563	0.038098
1.909091	0.033630
1.929619	0.029161
1.950147	0.024693
1.970674	0.020225
1.991202	0.015757
2.011730	0.011288
2.032258	0.006820
2.052786	0.002352
2.073314	0.002128
2.093842	0.001905
2.114370	0.001681
2.134897	0.001458
2.155425	0.001235
2.175953	0.001011
2.196481	0.000788
2.217009	0.000564
2.237537	0.000341
2.258065	0.000118
2.278592	0.094175
2.299120	0.188233
2.319648	0.282291
2.340176	0.376349
2.360704	0.470406
2.381232	0.564464
2.401760	0.658522
2.422287	0.752580
2.442815	0.846638
2.463343	0.940695
2.483871	3.301826
2.504399	5.662956
2.524927	8.024086
2.545455	10.385216
2.565982	12.746346
2.586510	15.107476
2.607038	17.468606
2.627566	19.829737
2.648094	22.190867
2.668622	24.551997
2.689150	32.096797
2.709677	39.641598
2.730205	47.186398
2.750733	54.731198
2.771261	62.275998
2.791789	69.820799
2.812317	77.365599
2.832845	84.910399
2.853372	92.455200
2.873900	100.000000
2.894428	97.804454
2.914956	95.608908
2.935484	93.413362
2.956012	91.217817
2.976540	89.022271
2.997067	86.826725
3.017595	84.631179
3.038123	82.435633
3.058651	80.240087
3.079179	78.044542
3.099707	74.068530
3.120235	70.092519
3.140762	66.116508
3.161290	62.140497
3.181818	58.164485
3.202346	54.188474
3.222874	50.212463
3.243402	46.236452
3.263930	42.260440
3.284457	38.284429
3.304985	36.176029
3.325513	34.067629
3.346041	31.959228
3.366569	29.850828
3.387097	27.742428
3.407625	25.634027
3.428152	23.525627
3.448680	21.417227
3.469208	19.308827
3.489736	17.200426
3.510264	16.478855
3.530792	15.757283
3.551320	15.035711
3.571848	14.314140
3.592375	13.592568
3.612903	12.870996
3.633431	12.149425
3.653959	11.427853
3.674487	10.706281
3.695015	9.984710
3.715543	9.515914
3.736070	9.047118
3.756598	8.578322
3.777126	8.109527
3.797654	7.640731
3.818182	7.171935
3.838710	6.703139
3.859238	6.234344
3.879765	5.765548
3.900293	5.296752
3.920821	4.802968
3.941349	4.309183
3.961877	3.815398
3.982405	3.321614
4.002933	2.827829
4.023460	2.334045
4.043988	1.840260
4.064516	1.346476
4.085044	0.852691
4.105572	0.358907
4.126100	0.357735
4.146628	0.356563
4.167155	0.355391
4.187683	0.354219
4.208211	0.353047
4.228739	0.351875
4.249267	0.350703
4.269795	0.349531
4.290323	0.348359
4.310850	0.347187
4.331378	0.314204
4.351906	0.281221
4.372434	0.248238
4.392962	0.215256
4.413490	0.182273
4.434018	0.149290
4.454545	0.116308
4.475073	0.083325
4.495601	0.050342
4.516129	0.017359
4.536657	0.020414
4.557185	0.023468
4.577713	0.026522
4.598240	0.029577
4.618768	0.032631
4.639296	0.035685
4.659824	0.038740
4.680352	0.041794
4.700880	0.044848
4.721408	0.047902
4.741935	0.085683
4.762463	0.123463
4.782991	0.161243
4.803519	0.199024
4.824047	0.236804
4.844575	0.274584
4.865103	0.312365
4.885630	0.350145
4.906158	0.387925
4.926686	0.425705
4.947214	0.460519
4.967742	0.495332
4.988270	0.530145
5.008798	0.564958
5.029326	0.599771
5.049853	0.634584
5.070381	0.669397
5.090909	0.704211
5.111437	0.739024
5.131965	0.773837
5.152493	0.752060
5.173021	0.730284
5.193548	0.708507
5.214076	0.686731
5.234604	0.664954
5.255132	0.643177
5.275660	0.621401
5.296188	0.599624
5.316716	0.577848
5.337243	0.556071
5.357771	0.620831
5.378299	0.685590
5.398827	0.750349
5.419355	0.815109
5.439883	0.879868
5.460411	0.944628
5.480938	1.009387
5.501466	1.074147
5.521994	1.138906
5.542522	1.203665
5.563050	1.164572
5.583578	1.125479
5.604106	1.086386
5.624633	1.047293
5.645161	1.008200
5.665689	0.969107
5.686217	0.930014
5.706745	0.890921
5.727273	0.851828
5.747801	0.812735
5.768328	0.749635
5.788856	0.686536
5.809384	0.623436
5.829912	0.560337
5.850440	0.497238
5.870968	0.434138
5.891496	0.371039
5.912023	0.307939
5.932551	0.244840
5.953079	0.181740
5.973607	0.169178
5.994135	0.156616
6.014663	0.144055
6.035191	0.131493
6.055718	0.118931
6.076246	0.106369
6.096774	0.093807
6.117302	0.081245
6.137830	0.068683
6.158358	0.056121
6.178886	0.060197
6.199413	0.064272
6.219941	0.068348
6.240469	0.072423
6.260997	0.076498
6.281525	0.080574
6.302053	0.084649
6.322581	0.088724
6.343109	0.092800
6.363636	0.096875
6.384164	0.092375
6.404692	0.087876
6.425220	0.083376
6.445748	0.078876
6.466276	0.074377
6.486804	0.069877
6.507331	0.065377
6.527859	0.060878
6.548387	0.056378
6.568915	0.051878
6.589443	0.046950
6.609971	0.042021
6.630499	0.037093
6.651026	0.032165
6.671554	0.027236
6.692082	0.022308
6.712610	0.017379
6.733138	0.012451
6.753666	0.007522
6.774194	0.002594
6.794721	0.007051
6.815249	0.011508
6.835777	0.015965
6.856305	0.020422
6.876833	0.024879
6.897361	0.029336
6.917889	0.033793
6.938416	0.038250
6.958944	0.042707
6.979472	0.047164
