0.000000	0.000000
0.020528	0.000000
0.041056	0.000000
0.061584	0.000000
0.082111	0.000000
0.102639	0.000000
0.123167	0.000000
0.143695	0.000000
0.164223	0.000000
0.184751	0.000000
0.205279	0.000000
0.225806	0.000000
0.246334	0.000000
0.266862	0.000000
0.287390	0.000000
0.307918	0.000000
0.328446	0.000000
0.348974	0.000000
0.369501	0.000000
0.390029	0.000000
0.410557	0.000000
0.431085	0.000000
0.451613	0.000000
0.472141	0.000000
0.492669	0.000000
0.513196	0.000000
0.533724	0.000000
0.554252	0.000000
0.574780	0.000000
0.595308	0.000000
0.615836	0.000000
0.636364	0.000000
0.656891	0.000000
0.677419	0.000000
0.697947	0.000000
0.718475	0.000000
0.739003	0.000000
0.759531	0.000000
0.780059	0.000000
0.800587	0.000000
0.821114	0.000000
0.841642	0.000000
0.862170	0.000000
0.882698	0.000000
0.903226	0.000000
0.923754	0.000000
0.944282	0.000000
0.964809	0.000000
0.985337	0.000000
1.005865	0.000000
1.026393	0.000000
1.046921	0.000000
1.067449	0.000000
1.087977	0.000000
1.108504	0.000000
1.129032	0.000000
1.149560	0.000000
1.170088	0.000000
1.190616	0.000000
1.211144	0.000000
1.231672	0.000000
1.252199	0.000000
1.272727	0.000000
1.293255	0.000000
1.313783	0.000000
1.334311	0.000000
1.354839	0.000000
1.375367	0.000000
1.395894	0.000000
1.416422	0.000000
1.436950	0.000000
1.457478	0.000000
1.478006	0.000000
1.498534	0.000000
1.519062	0.000000
1.539589	0.000000
1.560117	0.000000
1.580645	0.000000
1.601173	0.000000
1.621701	0.000000
1.642229	0.000000
1.662757	0.000000
1.683284	0.000000
1.703812	0.000000
1.724340	0.000000
1.744868	0.000000
1.765396	0.000000
1.785924	0.000000
1.806452	0.000000
1.826979	0.000000
1.847507	0.000000
1.868035	0.000000
1.888563	0.000000
1.909091	0.000000
1.929619	0.000000
1.950147	0.000000
1.970674	0.000000
1.991202	0.000000
2.011730	0.000000
2.032258	0.000000
2.052786	0.000000
2.073314	0.000000
2.093842	0.000000
2.114370	0.000000
2.134897	0.000000
2.155425	0.000000
2.175953	0.000000
2.196481	0.000000
2.217009	0.000000
2.237537	0.000000
2.258065	0.000000
2.278592	0.000000
2.299120	0.000000
2.319648	0.000000
2.340176	0.000000
2.360704	0.000000
2.381232	0.000000
2.401760	0.000000
2.422287	0.000000
2.442815	0.000000
2.463343	0.000000
2.483871	8.436927
2.504399	16.873854
2.524927	25.310781
2.545455	33.747707
2.565982	42.184634
2.586510	50.621561
2.607038	59.058488
2.627566	67.495415
2.648094	75.932342
2.668622	84.369268
2.689150	85.932342
2.709677	87.495415
2.730205	89.058488
2.750733	90.621561
2.771261	92.184634
2.791789	93.747707
2.812317	95.310781
2.832845	96.873854
2.853372	98.436927
2.873900	100.000000
2.894428	91.315162
2.914956	82.630324
2.935484	73.945486
2.956012	65.260648
2.976540	56.575810
2.997067	47.890972
3.017595	39.206134
3.038123	30.521296
3.058651	21.836458
3.079179	13.151620
3.099707	12.228281
3.120235	11.304942
3.140762	10.381603
3.161290	9.458264
3.181818	8.534925
3.202346	7.611585
3.222874	6.688246
3.243402	5.764907
3.263930	4.841568
3.284457	3.918229
3.304985	3.709030
3.325513	3.499830
3.346041	3.290631
3.366569	3.081432
3.387097	2.872232
3.407625	2.663033
3.428152	2.453834
3.448680	2.244634
3.469208	2.035435
3.489736	1.826235
3.510264	1.693501
3.530792	1.560767
3.551320	1.428033
3.571848	1.295298
3.592375	1.162564
3.612903	1.029830
3.633431	0.897096
3.653959	0.764361
3.674487	0.631627
3.695015	0.498893
3.715543	0.777563
3.736070	1.056233
3.756598	1.334903
3.777126	1.613573
3.797654	1.892243
3.818182	2.170913
3.838710	2.449583
3.859238	2.728253
3.879765	3.006923
3.900293	3.285593
3.920821	3.014219
3.941349	2.742846
3.961877	2.471473
3.982405	2.200100
4.002933	1.928727
4.023460	1.657353
4.043988	1.385980
4.064516	1.114607
4.085044	0.843234
4.105572	0.571861
4.126100	0.517534
4.146628	0.463207
4.167155	0.408880
4.187683	0.354554
4.208211	0.300227
4.228739	0.245900
4.249267	0.191573
4.269795	0.137247
4.290323	0.082920
4.310850	0.028593
4.331378	0.351941
4.351906	0.675290
4.372434	0.998638
4.392962	1.321987
4.413490	1.645335
4.434018	1.968684
4.454545	2.292032
4.475073	2.615381
4.495601	2.938729
4.516129	3.262078
4.536657	3.828479
4.557185	4.394881
4.577713	4.961283
4.598240	5.527685
4.618768	6.094087
4.639296	6.660488
4.659824	7.226890
4.680352	7.793292
4.700880	8.359694
4.721408	8.926096
4.741935	8.078116
4.762463	7.230137
4.782991	6.382158
4.803519	5.534179
4.824047	4.686200
4.844575	3.838221
4.865103	2.990242
4.885630	2.142263
4.906158	1.294284
4.926686	0.446305
4.947214	0.403906
4.967742	0.361507
4.988270	0.319108
5.008798	0.276709
5.029326	0.234310
5.049853	0.191911
5.070381	0.149512
5.090909	0.107113
5.111437	0.064714
5.131965	0.022315
5.152493	0.020195
5.173021	0.018075
5.193548	0.015955
5.214076	0.013835
5.234604	0.011716
5.255132	0.009596
5.275660	0.007476
5.296188	0.005356
5.316716	0.003236
5.337243	0.001116
5.357771	0.001010
5.378299	0.000904
5.398827	0.000798
5.419355	0.000692
5.439883	0.000586
5.460411	0.000480
5.480938	0.000374
5.501466	0.000268
5.521994	0.000162
5.542522	0.000056
5.563050	0.000050
5.583578	0.000045
5.604106	0.000040
5.624633	0.000035
5.645161	0.000029
5.665689	0.000024
5.686217	0.000019
5.706745	0.000013
5.727273	0.000008
5.747801	0.000003
5.768328	0.000003
5.788856	0.000002
5.809384	0.000002
5.829912	0.000002
5.850440	0.000001
5.870968	0.000001
5.891496	0.000001
5.912023	0.000001
5.932551	0.000000
5.953079	0.000000
5.973607	0.000000
5.994135	0.000000
6.014663	0.000000
6.035191	0.000000
6.055718	0.000000
6.076246	0.000000
6.096774	0.000000
6.117302	0.000000
6.137830	0.000000
6.158358	0.000000
6.178886	0.000000
6.199413	0.000000
6.219941	0.000000
6.240469	0.000000
6.260997	0.000000
6.281525	0.000000
6.302053	0.000000
6.322581	0.000000
6.343109	0.000000
6.363636	0.000000
6.384164	0.000000
6.404692	0.000000
6.425220	0.000000
6.445748	0.000000
6.466276	0.000000
6.486804	0.000000
6.507331	0.000000
6.527859	0.000000
6.548387	0.000000
6.568915	0.000000
6.589443	0.000000
6.609971	0.000000
6.630499	0.000000
6.651026	0.000000
6.671554	0.000000
6.692082	0.000000
6.712610	0.000000
6.733138	0.000000
6.753666	0.000000
6.774194	0.000000
6.794721	0.000000
6.815249	0.000000
6.835777	0.000000
6.856305	0.000000
6.876833	0.000000
6.897361	0.000000
6.917889	0.000000
6.938416	0.000000
6.958944	0.000000
6.979472	0.000000
