0.000000	0.000000
0.020528	0.000000
0.041056	0.000000
0.061584	0.000000
0.082111	0.000000
0.102639	0.000000
0.123167	0.000000
0.143695	0.000000
0.164223	0.000000
0.184751	0.000000
0.205279	0.000000
0.225806	0.000000
0.246334	0.000000
0.266862	0.000000
0.287390	0.000000
0.307918	0.000000
0.328446	0.000000
0.348974	0.000000
0.369501	0.000000
0.390029	0.000000
0.410557	0.000000
0.431085	0.000000
0.451613	0.000000
0.472141	0.000000
0.492669	0.000000
0.513196	0.000000
0.533724	0.000000
0.554252	0.000000
0.574780	0.000000
0.595308	0.000000
0.615836	0.000000
0.636364	0.000000
0.656891	0.000000
0.677419	0.000000
0.697947	0.000000
0.718475	0.000000
0.739003	0.000000
0.759531	0.000000
0.780059	0.000000
0.800587	0.000000
0.821114	0.000000
0.841642	0.000000
0.862170	0.000000
0.882698	0.000000
0.903226	0.000000
0.923754	0.000000
0.944282	0.000000
0.964809	0.000000
0.985337	0.000000
1.005865	0.000000
1.026393	0.000000
1.046921	0.000000
1.067449	0.000000
1.087977	0.000000
1.108504	0.000000
1.129032	0.000000
1.149560	0.000000
1.170088	0.000000
1.190616	0.000000
1.211144	0.000000
1.231672	0.000000
1.252199	0.000000
1.272727	0.000000
1.293255	0.000000
1.313783	0.000000
1.334311	0.000000
1.354839	0.000000
1.375367	0.000000
1.395894	0.000000
1.416422	0.000000
1.436950	0.000000
1.457478	0.000000
1.478006	0.000000
1.498534	0.000000
1.519062	0.000000
1.539589	0.000000
1.560117	0.000000
1.580645	0.000000
1.601173	0.000000
1.621701	0.000000
1.642229	0.000000
1.662757	0.000000
1.683284	0.000000
1.703812	0.000000
1.724340	0.000000
1.744868	0.000000
1.765396	0.000000
1.785924	0.000000
1.806452	0.000000
1.826979	0.000000
1.847507	0.000000
1.868035	0.487665
1.888563	0.975330
1.909091	1.462995
1.929619	1.950660
1.950147	2.438325
1.970674	2.925990
1.991202	3.413655
2.011730	3.901320
2.032258	4.388985
2.052786	4.876649
2.073314	14.388985
2.093842	23.901320
2.114370	33.413655
2.134897	42.925990
2.155425	52.438325
2.175953	61.950660
2.196481	71.462995
2.217009	80.975330
2.237537	90.487665
2.258065	100.000000
2.278592	92.780551
2.299120	85.561102
2.319648	78.341652
2.340176	71.122203
2.360704	63.902754
2.381232	56.683305
2.401760	49.463855
2.422287	42.244406
2.442815	35.024957
2.463343	27.805508
2.483871	25.403036
2.504399	23.000564
2.524927	20.598092
2.545455	18.195621
2.565982	15.793149
2.586510	13.390677
2.607038	10.988205
2.627566	8.585733
2.648094	6.183262
2.668622	3.780790
2.689150	3.421615
2.709677	3.062440
2.730205	2.703265
2.750733	2.344090
2.771261	1.984915
2.791789	1.625740
2.812317	1.266565
2.832845	0.907390
2.853372	0.548215
2.873900	0.189039
2.894428	0.467505
2.914956	0.745970
2.935484	1.024435
2.956012	1.302900
2.976540	1.581365
2.997067	1.859830
3.017595	2.138295
3.038123	2.416760
3.058651	2.695225
3.079179	2.973690
3.099707	3.025861
3.120235	3.078033
3.140762	3.130204
3.161290	3.182376
3.181818	3.234547
3.202346	3.286719
3.222874	3.338890
3.243402	3.391062
3.263930	3.443233
3.284457	3.495405
3.304985	3.698816
3.325513	3.902228
3.346041	4.105640
3.366569	4.309052
3.387097	4.512464
3.407625	4.715875
3.428152	4.919287
3.448680	5.122699
3.469208	5.326111
3.489736	5.529523
3.510264	5.525350
3.530792	5.521178
3.551320	5.517005
3.571848	5.512833
3.592375	5.508660
3.612903	5.504488
3.633431	5.500315
3.653959	5.496143
3.674487	5.491970
3.695015	5.487798
3.715543	5.525837
3.736070	5.563877
3.756598	5.601916
3.777126	5.639956
3.797654	5.677996
3.818182	5.716035
3.838710	5.754075
3.859238	5.792114
3.879765	5.830154
3.900293	5.868194
3.920821	5.874877
3.941349	5.881560
3.961877	5.888243
3.982405	5.894926
4.002933	5.901609
4.023460	5.908292
4.043988	5.914975
4.064516	5.921658
4.085044	5.928341
4.105572	5.935024
4.126100	5.672401
4.146628	5.409779
4.167155	5.147156
4.187683	4.884534
4.208211	4.621912
4.228739	4.359289
4.249267	4.096667
4.269795	3.834044
4.290323	3.571422
4.310850	3.308799
4.331378	3.013588
4.351906	2.718376
4.372434	2.423164
4.392962	2.127952
4.413490	1.832740
4.434018	1.537528
4.454545	1.242317
4.475073	0.947105
4.495601	0.651893
4.516129	0.356681
4.536657	0.322796
4.557185	0.288912
4.577713	0.255027
4.598240	0.221142
4.618768	0.187258
4.639296	0.153373
4.659824	0.119488
4.680352	0.085603
4.700880	0.051719
4.721408	0.017834
4.741935	0.016140
4.762463	0.014446
4.782991	0.012751
4.803519	0.011057
4.824047	0.009363
4.844575	0.007669
4.865103	0.005974
4.885630	0.004280
4.906158	0.002586
4.926686	0.000892
4.947214	0.005588
4.967742	0.010284
4.988270	0.014981
5.008798	0.019677
5.029326	0.024373
5.049853	0.029070
5.070381	0.033766
5.090909	0.038462
5.111437	0.043159
5.131965	0.047855
5.152493	0.048090
5.173021	0.048325
5.193548	0.048559
5.214076	0.048794
5.234604	0.049029
5.255132	0.049264
5.275660	0.049499
5.296188	0.049733
5.316716	0.049968
5.337243	0.050203
5.357771	0.050215
5.378299	0.050227
5.398827	0.050238
5.419355	0.050250
5.439883	0.050262
5.460411	0.050273
5.480938	0.050285
5.501466	0.050297
5.521994	0.050309
5.542522	0.050320
5.563050	0.045540
5.583578	0.040760
5.604106	0.035979
5.624633	0.031199
5.645161	0.026418
5.665689	0.021638
5.686217	0.016857
5.706745	0.012077
5.727273	0.007296
5.747801	0.002516
5.768328	0.002277
5.788856	0.002038
5.809384	0.001799
5.829912	0.001560
5.850440	0.001321
5.870968	0.001082
5.891496	0.000843
5.912023	0.000604
5.932551	0.000365
5.953079	0.000126
5.973607	0.000114
5.994135	0.000102
6.014663	0.000090
6.035191	0.000078
6.055718	0.000066
6.076246	0.000054
6.096774	0.000042
6.117302	0.000030
6.137830	0.000018
6.158358	0.000006
6.178886	0.011958
6.199413	0.023910
6.219941	0.035862
6.240469	0.047814
6.260997	0.059766
6.281525	0.071718
6.302053	0.083670
6.322581	0.095622
6.343109	0.107574
6.363636	0.119526
6.384164	0.110562
6.404692	0.101597
6.425220	0.092633
6.445748	0.083668
6.466276	0.074704
6.486804	0.065739
6.507331	0.056775
6.527859	0.047810
6.548387	0.038846
6.568915	0.029881
6.589443	0.027043
6.609971	0.024204
6.630499	0.021365
6.651026	0.018526
6.671554	0.015688
6.692082	0.012849
6.712610	0.010010
6.733138	0.007172
6.753666	0.004333
6.774194	0.001494
6.794721	0.001352
6.815249	0.001210
6.835777	0.001068
6.856305	0.000926
6.876833	0.000784
6.897361	0.000642
6.917889	0.000501
6.938416	0.000359
6.958944	0.000217
6.979472	0.000075
