0.000000	0.000000
0.020528	0.000000
0.041056	0.000000
0.061584	0.000000
0.082111	0.000000
0.102639	0.000000
0.123167	0.000000
0.143695	0.000000
0.164223	0.000000
0.184751	0.000000
0.205279	0.000000
0.225806	0.000000
0.246334	0.000000
0.266862	0.000000
0.287390	0.000000
0.307918	0.000000
0.328446	0.000000
0.348974	0.000000
0.369501	0.000000
0.390029	0.000000
0.410557	0.000000
0.431085	0.000000
0.451613	0.000000
0.472141	0.000000
0.492669	0.000000
0.513196	0.000000
0.533724	0.000000
0.554252	0.000000
0.574780	0.000000
0.595308	0.000000
0.615836	0.000000
0.636364	0.000000
0.656891	0.000000
0.677419	0.000000
0.697947	0.000000
0.718475	0.000000
0.739003	0.000000
0.759531	0.000000
0.780059	0.000000
0.800587	0.000000
0.821114	0.000000
0.841642	0.000000
0.862170	0.000000
0.882698	0.000000
0.903226	0.000000
0.923754	0.000000
0.944282	0.000000
0.964809	0.000000
0.985337	0.000000
1.005865	0.000000
1.026393	0.000000
1.046921	0.000000
1.067449	0.000000
1.087977	0.000000
1.108504	0.000000
1.129032	0.000000
1.149560	0.000000
1.170088	0.000000
1.190616	0.000000
1.211144	0.000000
1.231672	0.000000
1.252199	0.000000
1.272727	0.000000
1.293255	0.000000
1.313783	0.000000
1.334311	0.000000
1.354839	0.000000
1.375367	0.000000
1.395894	0.000000
1.416422	0.000000
1.436950	0.000000
1.457478	0.000000
1.478006	0.000000
1.498534	0.000000
1.519062	0.000000
1.539589	0.000000
1.560117	0.000000
1.580645	0.000000
1.601173	0.000000
1.621701	0.000000
1.642229	0.000000
1.662757	0.000000
1.683284	0.000000
1.703812	0.000000
1.724340	0.000000
1.744868	0.000000
1.765396	0.000000
1.785924	0.000000
1.806452	0.000000
1.826979	0.000000
1.847507	0.000000
1.868035	0.000000
1.888563	0.000000
1.909091	0.000000
1.929619	0.000000
1.950147	0.000000
1.970674	0.000000
1.991202	0.000000
2.011730	0.000000
2.032258	0.000000
2.052786	0.000000
2.073314	0.000000
2.093842	0.000000
2.114370	0.000000
2.134897	0.000000
2.155425	0.000000
2.175953	0.000000
2.196481	0.000000
2.217009	0.000000
2.237537	0.000000
2.258065	0.000000
2.278592	0.000000
2.299120	0.000000
2.319648	0.000000
2.340176	0.000000
2.360704	0.000000
2.381232	0.000000
2.401760	0.000000
2.422287	0.000000
2.442815	0.000000
2.463343	0.000000
2.483871	0.000000
2.504399	0.000000
2.524927	0.000000
2.545455	0.000000
2.565982	0.000000
2.586510	0.000000
2.607038	0.000000
2.627566	0.000000
2.648094	0.000000
2.668622	0.000000
2.689150	0.214144
2.709677	0.428288
2.730205	0.642433
2.750733	0.856577
2.771261	1.070721
2.791789	1.284865
2.812317	1.499010
2.832845	1.713154
2.853372	1.927298
2.873900	2.141442
2.894428	3.469136
2.914956	4.796831
2.935484	6.124525
2.956012	7.452219
2.976540	8.779913
2.997067	10.107607
3.017595	11.435302
3.038123	12.762996
3.058651	14.090690
3.079179	15.418384
3.099707	23.876546
3.120235	32.334707
3.140762	40.792869
3.161290	49.251031
3.181818	57.709192
3.202346	66.167354
3.222874	74.625515
3.243402	83.083677
3.263930	91.541838
3.284457	100.000000
3.304985	96.908266
3.325513	93.816532
3.346041	90.724798
3.366569	87.633064
3.387097	84.541330
3.407625	81.449596
3.428152	78.357862
3.448680	75.266128
3.469208	72.174394
3.489736	69.082660
3.510264	64.029524
3.530792	58.976388
3.551320	53.923252
3.571848	48.870116
3.592375	43.816980
3.612903	38.763844
3.633431	33.710709
3.653959	28.657573
3.674487	23.604437
3.695015	18.551301
3.715543	18.105914
3.736070	17.660528
3.756598	17.215141
3.777126	16.769755
3.797654	16.324368
3.818182	15.878981
3.838710	15.433595
3.859238	14.988208
3.879765	14.542822
3.900293	14.097435
3.920821	13.060657
3.941349	12.023880
3.961877	10.987102
3.982405	9.950325
4.002933	8.913547
4.023460	7.876769
4.043988	6.839992
4.064516	5.803214
4.085044	4.766437
4.105572	3.729659
4.126100	3.522565
4.146628	3.315472
4.167155	3.108379
4.187683	2.901285
4.208211	2.694192
4.228739	2.487098
4.249267	2.280005
4.269795	2.072911
4.290323	1.865818
4.310850	1.658725
4.331378	1.626955
4.351906	1.595186
4.372434	1.563417
4.392962	1.531648
4.413490	1.499879
4.434018	1.468110
4.454545	1.436341
4.475073	1.404572
4.495601	1.372803
4.516129	1.341034
4.536657	1.224343
4.557185	1.107652
4.577713	0.990961
4.598240	0.874270
4.618768	0.757579
4.639296	0.640888
4.659824	0.524197
4.680352	0.407506
4.700880	0.290815
4.721408	0.174124
4.741935	0.200411
4.762463	0.226698
4.782991	0.252985
4.803519	0.279272
4.824047	0.305559
4.844575	0.331846
4.865103	0.358133
4.885630	0.384420
4.906158	0.410708
4.926686	0.436995
4.947214	0.395480
4.967742	0.353966
4.988270	0.312451
5.008798	0.270937
5.029326	0.229422
5.049853	0.187908
5.070381	0.146393
5.090909	0.104879
5.111437	0.063364
5.131965	0.021850
5.152493	0.019774
5.173021	0.017698
5.193548	0.015623
5.214076	0.013547
5.234604	0.011471
5.255132	0.009395
5.275660	0.007320
5.296188	0.005244
5.316716	0.003168
5.337243	0.001092
5.357771	0.035787
5.378299	0.070482
5.398827	0.105176
5.419355	0.139871
5.439883	0.174566
5.460411	0.209260
5.480938	0.243955
5.501466	0.278650
5.521994	0.313344
5.542522	0.348039
5.563050	0.384572
5.583578	0.421105
5.604106	0.457638
5.624633	0.494172
5.645161	0.530705
5.665689	0.567238
5.686217	0.603771
5.706745	0.640304
5.727273	0.676838
5.747801	0.713371
5.768328	0.683076
5.788856	0.652781
5.809384	0.622486
5.829912	0.592191
5.850440	0.561896
5.870968	0.531601
5.891496	0.501306
5.912023	0.471011
5.932551	0.440716
5.953079	0.410421
5.973607	0.475826
5.994135	0.541232
6.014663	0.606637
6.035191	0.672042
6.055718	0.737448
6.076246	0.802853
6.096774	0.868258
6.117302	0.933664
6.137830	0.999069
6.158358	1.064474
6.178886	1.032946
6.199413	1.001418
6.219941	0.969890
6.240469	0.938361
6.260997	0.906833
6.281525	0.875305
6.302053	0.843777
6.322581	0.812249
6.343109	0.780721
6.363636	0.749192
6.384164	0.739586
6.404692	0.729979
6.425220	0.720372
6.445748	0.710765
6.466276	0.701158
6.486804	0.691552
6.507331	0.681945
6.527859	0.672338
6.548387	0.662731
6.568915	0.653124
6.589443	0.599108
6.609971	0.545091
6.630499	0.491075
6.651026	0.437059
6.671554	0.383042
6.692082	0.329026
6.712610	0.275009
6.733138	0.220993
6.753666	0.166977
6.774194	0.112960
6.794721	0.161119
6.815249	0.209277
6.835777	0.257436
6.856305	0.305594
6.876833	0.353752
6.897361	0.401911
6.917889	0.450069
6.938416	0.498228
6.958944	0.546386
6.979472	0.594545
