0.000000	0.000000
0.020528	0.000000
0.041056	0.000000
0.061584	0.000000
0.082111	0.000000
0.102639	0.000000
0.123167	0.000000
0.143695	0.000000
0.164223	0.000000
0.184751	0.000000
0.205279	0.000000
0.225806	0.000000
0.246334	0.000000
0.266862	0.000000
0.287390	0.000000
0.307918	0.000000
0.328446	0.000000
0.348974	0.000000
0.369501	0.000000
0.390029	0.000000
0.410557	0.000000
0.431085	0.000000
0.451613	0.000000
0.472141	0.000000
0.492669	0.000000
0.513196	0.000000
0.533724	0.000000
0.554252	0.000000
0.574780	0.000000
0.595308	0.000000
0.615836	0.000000
0.636364	0.000000
0.656891	0.000000
0.677419	0.000000
0.697947	0.000000
0.718475	0.000000
0.739003	0.000000
0.759531	0.000000
0.780059	0.000000
0.800587	0.000000
0.821114	0.000000
0.841642	0.000000
0.862170	0.000000
0.882698	0.000000
0.903226	0.000000
0.923754	0.000000
0.944282	0.000000
0.964809	0.000000
0.985337	0.000000
1.005865	0.000000
1.026393	0.000000
1.046921	0.000000
1.067449	0.000000
1.087977	0.000000
1.108504	0.000000
1.129032	0.000000
1.149560	0.000000
1.170088	0.000000
1.190616	0.000000
1.211144	0.000000
1.231672	0.000000
1.252199	0.000000
1.272727	0.000000
1.293255	0.000000
1.313783	0.000000
1.334311	0.000000
1.354839	0.000000
1.375367	0.000000
1.395894	0.000000
1.416422	0.000000
1.436950	0.000000
1.457478	0.000000
1.478006	0.000000
1.498534	0.000000
1.519062	0.000000
1.539589	0.000000
1.560117	0.000000
1.580645	0.000000
1.601173	0.000000
1.621701	0.000000
1.642229	0.000000
1.662757	0.000000
1.683284	0.000000
1.703812	0.000000
1.724340	0.000000
1.744868	0.000000
1.765396	0.000000
1.785924	0.000000
1.806452	0.000000
1.826979	0.000000
1.847507	0.000000
1.868035	0.000000
1.888563	0.000000
1.909091	0.000000
1.929619	0.000000
1.950147	0.000000
1.970674	0.000000
1.991202	0.000000
2.011730	0.000000
2.032258	0.000000
2.052786	0.000000
2.073314	0.000000
2.093842	0.000000
2.114370	0.000000
2.134897	0.000000
2.155425	0.000000
2.175953	0.000000
2.196481	0.000000
2.217009	0.000000
2.237537	0.000000
2.258065	0.000000
2.278592	0.144435
2.299120	0.288870
2.319648	0.433305
2.340176	0.577740
2.360704	0.722175
2.381232	0.866610
2.401760	1.011045
2.422287	1.155480
2.442815	1.299915
2.463343	1.444350
2.483871	3.243468
2.504399	5.042586
2.524927	6.841704
2.545455	8.640822
2.565982	10.439940
2.586510	12.239058
2.607038	14.038176
2.627566	15.837294
2.648094	17.636412
2.668622	19.435530
2.689150	27.491977
2.709677	35.548424
2.730205	43.604871
2.750733	51.661318
2.771261	59.717765
2.791789	67.774212
2.812317	75.830659
2.832845	83.887106
2.853372	91.943553
2.873900	100.000000
2.894428	97.613422
2.914956	95.226844
2.935484	92.840266
2.956012	90.453688
2.976540	88.067110
2.997067	85.680532
3.017595	83.293954
3.038123	80.907377
3.058651	78.520799
3.079179	76.134221
3.099707	71.699897
3.120235	67.265574
3.140762	62.831250
3.161290	58.396927
3.181818	53.962603
3.202346	49.528280
3.222874	45.093956
3.243402	40.659633
3.263930	36.225309
3.284457	31.790986
3.304985	30.341572
3.325513	28.892159
3.346041	27.442746
3.366569	25.993332
3.387097	24.543919
3.407625	23.094505
3.428152	21.645092
3.448680	20.195679
3.469208	18.746265
3.489736	17.296852
3.510264	17.468115
3.530792	17.639378
3.551320	17.810642
3.571848	17.981905
3.592375	18.153169
3.612903	18.324432
3.633431	18.495695
3.653959	18.666959
3.674487	18.838222
3.695015	19.009485
3.715543	17.460859
3.736070	15.912233
3.756598	14.363606
3.777126	12.814980
3.797654	11.266354
3.818182	9.717727
3.838710	8.169101
3.859238	6.620475
3.879765	5.071848
3.900293	3.523222
3.920821	3.427736
3.941349	3.332251
3.961877	3.236765
3.982405	3.141279
4.002933	3.045794
4.023460	2.950308
4.043988	2.854822
4.064516	2.759337
4.085044	2.663851
4.105572	2.568365
4.126100	2.649349
4.146628	2.730333
4.167155	2.811317
4.187683	2.892301
4.208211	2.973285
4.228739	3.054269
4.249267	3.135253
4.269795	3.216237
4.290323	3.297221
4.310850	3.378205
4.331378	3.147547
4.351906	2.916890
4.372434	2.686232
4.392962	2.455575
4.413490	2.224917
4.434018	1.994259
4.454545	1.763602
4.475073	1.532944
4.495601	1.302286
4.516129	1.071629
4.536657	0.969824
4.557185	0.868019
4.577713	0.766215
4.598240	0.664410
4.618768	0.562605
4.639296	0.460800
4.659824	0.358996
4.680352	0.257191
4.700880	0.155386
4.721408	0.053581
4.741935	0.048491
4.762463	0.043401
4.782991	0.038311
4.803519	0.033220
4.824047	0.028130
4.844575	0.023040
4.865103	0.017950
4.885630	0.012860
4.906158	0.007769
4.926686	0.002679
4.947214	0.047560
4.967742	0.092442
4.988270	0.137323
5.008798	0.182205
5.029326	0.227086
5.049853	0.271968
5.070381	0.316849
5.090909	0.361730
5.111437	0.406612
5.131965	0.451493
5.152493	0.498873
5.173021	0.546253
5.193548	0.593633
5.214076	0.641013
5.234604	0.688393
5.255132	0.735773
5.275660	0.783153
5.296188	0.830533
5.316716	0.877913
5.337243	0.925293
5.357771	0.905094
5.378299	0.884895
5.398827	0.864696
5.419355	0.844497
5.439883	0.824298
5.460411	0.804099
5.480938	0.783900
5.501466	0.763701
5.521994	0.743503
5.542522	0.723304
5.563050	0.740348
5.583578	0.757392
5.604106	0.774437
5.624633	0.791481
5.645161	0.808526
5.665689	0.825570
5.686217	0.842615
5.706745	0.859659
5.727273	0.876703
5.747801	0.893748
5.768328	0.885573
5.788856	0.877398
5.809384	0.869223
5.829912	0.861048
5.850440	0.852873
5.870968	0.844698
5.891496	0.836523
5.912023	0.828348
5.932551	0.820173
5.953079	0.811998
5.973607	0.757426
5.994135	0.702854
6.014663	0.648283
6.035191	0.593711
6.055718	0.539139
6.076246	0.484567
6.096774	0.429995
6.117302	0.375423
6.137830	0.320851
6.158358	0.266280
6.178886	0.254524
6.199413	0.242768
6.219941	0.231012
6.240469	0.219256
6.260997	0.207501
6.281525	0.195745
6.302053	0.183989
6.322581	0.172233
6.343109	0.160478
6.363636	0.148722
6.384164	0.134593
6.404692	0.120465
6.425220	0.106336
6.445748	0.092207
6.466276	0.078079
6.486804	0.063950
6.507331	0.049822
6.527859	0.035693
6.548387	0.021565
6.568915	0.007436
6.589443	0.006730
6.609971	0.006023
6.630499	0.005317
6.651026	0.004610
6.671554	0.003904
6.692082	0.003198
6.712610	0.002491
6.733138	0.001785
6.753666	0.001078
6.774194	0.000372
6.794721	0.000336
6.815249	0.000301
6.835777	0.000266
6.856305	0.000231
6.876833	0.000195
6.897361	0.000160
6.917889	0.000125
6.938416	0.000089
6.958944	0.000054
6.979472	0.000019
