0.000000	0.000000
0.020528	0.000000
0.041056	0.000000
0.061584	0.000000
0.082111	0.000000
0.102639	0.000000
0.123167	0.000000
0.143695	0.000000
0.164223	0.000000
0.184751	0.000000
0.205279	0.000000
0.225806	0.000000
0.246334	0.000000
0.266862	0.000000
0.287390	0.000000
0.307918	0.000000
0.328446	0.000000
0.348974	0.000000
0.369501	0.000000
0.390029	0.000000
0.410557	0.000000
0.431085	0.000000
0.451613	0.000000
0.472141	0.000000
0.492669	0.000000
0.513196	0.000000
0.533724	0.000000
0.554252	0.000000
0.574780	0.000000
0.595308	0.000000
0.615836	0.000000
0.636364	0.000000
0.656891	0.000000
0.677419	0.000000
0.697947	0.000000
0.718475	0.000000
0.739003	0.000000
0.759531	0.000000
0.780059	0.000000
0.800587	0.000000
0.821114	0.000000
0.841642	0.000000
0.862170	0.000000
0.882698	0.000000
0.903226	0.000000
0.923754	0.000000
0.944282	0.000000
0.964809	0.000000
0.985337	0.000000
1.005865	0.000000
1.026393	0.000000
1.046921	0.000000
1.067449	0.000000
1.087977	0.000000
1.108504	0.000000
1.129032	0.000000
1.149560	0.000000
1.170088	0.000000
1.190616	0.000000
1.211144	0.000000
1.231672	0.000000
1.252199	0.000000
1.272727	0.000000
1.293255	0.000000
1.313783	0.000000
1.334311	0.000000
1.354839	0.000000
1.375367	0.000000
1.395894	0.000000
1.416422	0.000000
1.436950	0.000000
1.457478	0.000000
1.478006	0.000000
1.498534	0.000000
1.519062	0.000000
1.539589	0.000000
1.560117	0.000000
1.580645	0.000000
1.601173	0.000000
1.621701	0.000000
1.642229	0.000000
1.662757	0.000000
1.683284	0.000000
1.703812	0.000000
1.724340	0.000000
1.744868	0.000000
1.765396	0.000000
1.785924	0.000000
1.806452	0.000000
1.826979	0.000000
1.847507	0.000000
1.868035	0.000000
1.888563	0.000000
1.909091	0.000000
1.929619	0.000000
1.950147	0.000000
1.970674	0.000000
1.991202	0.000000
2.011730	0.000000
2.032258	0.000000
2.052786	0.000000
2.073314	0.000000
2.093842	0.000000
2.114370	0.000000
2.134897	0.000000
2.155425	0.000000
2.175953	0.000000
2.196481	0.000000
2.217009	0.000000
2.237537	0.000000
2.258065	0.000000
2.278592	0.000000
2.299120	0.000000
2.319648	0.000000
2.340176	0.000000
2.360704	0.000000
2.381232	0.000000
2.401760	0.000000
2.422287	0.000000
2.442815	0.000000
2.463343	0.000000
2.483871	0.000000
2.504399	0.000000
2.524927	0.000000
2.545455	0.000000
2.565982	0.000000
2.586510	0.000000
2.607038	0.000000
2.627566	0.000000
2.648094	0.000000
2.668622	0.000000
2.689150	3.383105
2.709677	6.766211
2.730205	10.149316
2.750733	13.532421
2.771261	16.915527
2.791789	20.298632
2.812317	23.681737
2.832845	27.064843
2.853372	30.447948
2.873900	33.831054
2.894428	40.447948
2.914956	47.064843
2.935484	53.681737
2.956012	60.298632
2.976540	66.915527
2.997067	73.532421
3.017595	80.149316
3.038123	86.766211
3.058651	93.383105
3.079179	100.000000
3.099707	97.783074
3.120235	95.566148
3.140762	93.349222
3.161290	91.132296
3.181818	88.915370
3.202346	86.698444
3.222874	84.481518
3.243402	82.264592
3.263930	80.047666
3.284457	77.830740
3.304985	73.527558
3.325513	69.224376
3.346041	64.921194
3.366569	60.618012
3.387097	56.314830
3.407625	52.011648
3.428152	47.708466
3.448680	43.405283
3.469208	39.102101
3.489736	34.798919
3.510264	33.795413
3.530792	32.791907
3.551320	31.788401
3.571848	30.784895
3.592375	29.781388
3.612903	28.777882
3.633431	27.774376
3.653959	26.770870
3.674487	25.767364
3.695015	24.763857
3.715543	23.648630
3.736070	22.533403
3.756598	21.418176
3.777126	20.302949
3.797654	19.187722
3.818182	18.072495
3.838710	16.957268
3.859238	15.842041
3.879765	14.726814
3.900293	13.611587
3.920821	12.511658
3.941349	11.411728
3.961877	10.311798
3.982405	9.211869
4.002933	8.111939
4.023460	7.012009
4.043988	5.912080
4.064516	4.812150
4.085044	3.712220
4.105572	2.612291
4.126100	2.609503
4.146628	2.606715
4.167155	2.603927
4.187683	2.601138
4.208211	2.598350
4.228739	2.595562
4.249267	2.592774
4.269795	2.589986
4.290323	2.587198
4.310850	2.584410
4.331378	2.432866
4.351906	2.281322
4.372434	2.129779
4.392962	1.978235
4.413490	1.826691
4.434018	1.675147
4.454545	1.523603
4.475073	1.372060
4.495601	1.220516
4.516129	1.068972
4.536657	1.050953
4.557185	1.032934
4.577713	1.014915
4.598240	0.996896
4.618768	0.978878
4.639296	0.960859
4.659824	0.942840
4.680352	0.924821
4.700880	0.906802
4.721408	0.888783
4.741935	0.804349
4.762463	0.719914
4.782991	0.635480
4.803519	0.551046
4.824047	0.466611
4.844575	0.382177
4.865103	0.297742
4.885630	0.213308
4.906158	0.128874
4.926686	0.044439
4.947214	0.102868
4.967742	0.161296
4.988270	0.219724
5.008798	0.278153
5.029326	0.336581
5.049853	0.395009
5.070381	0.453438
5.090909	0.511866
5.111437	0.570295
5.131965	0.628723
5.152493	0.568994
5.173021	0.509266
5.193548	0.449537
5.214076	0.389808
5.234604	0.330080
5.255132	0.270351
5.275660	0.210622
5.296188	0.150894
5.316716	0.091165
5.337243	0.031436
5.357771	0.091100
5.378299	0.150763
5.398827	0.210427
5.419355	0.270091
5.439883	0.329754
5.460411	0.389418
5.480938	0.449082
5.501466	0.508745
5.521994	0.568409
5.542522	0.628073
5.563050	0.672823
5.583578	0.717573
5.604106	0.762323
5.624633	0.807072
5.645161	0.851822
5.665689	0.896572
5.686217	0.941322
5.706745	0.986072
5.727273	1.030822
5.747801	1.075572
5.768328	1.083030
5.788856	1.090489
5.809384	1.097947
5.829912	1.105405
5.850440	1.112864
5.870968	1.120322
5.891496	1.127780
5.912023	1.135239
5.932551	1.142697
5.953079	1.150155
5.973607	1.129645
5.994135	1.109134
6.014663	1.088624
6.035191	1.068114
6.055718	1.047603
6.076246	1.027093
6.096774	1.006582
6.117302	0.986072
6.137830	0.965561
6.158358	0.945051
6.178886	0.959688
6.199413	0.974325
6.219941	0.988962
6.240469	1.003599
6.260997	1.018236
6.281525	1.032873
6.302053	1.047510
6.322581	1.062147
6.343109	1.076784
6.363636	1.091421
6.384164	1.029503
6.404692	0.967584
6.425220	0.905666
6.445748	0.843748
6.466276	0.781830
6.486804	0.719911
6.507331	0.657993
6.527859	0.596075
6.548387	0.534157
6.568915	0.472238
6.589443	0.443038
6.609971	0.413838
6.630499	0.384638
6.651026	0.355438
6.671554	0.326238
6.692082	0.297038
6.712610	0.267838
6.733138	0.238637
6.753666	0.209437
6.774194	0.180237
6.794721	0.163115
6.815249	0.145992
6.835777	0.128870
6.856305	0.111747
6.876833	0.094625
6.897361	0.077502
6.917889	0.060379
6.938416	0.043257
6.958944	0.026134
6.979472	0.009012
