0.000000	0.000000
0.020528	0.000000
0.041056	0.000000
0.061584	0.000000
0.082111	0.000000
0.102639	0.000000
0.123167	0.000000
0.143695	0.000000
0.164223	0.000000
0.184751	0.000000
0.205279	0.000000
0.225806	0.000000
0.246334	0.000000
0.266862	0.000000
0.287390	0.000000
0.307918	0.000000
0.328446	0.000000
0.348974	0.000000
0.369501	0.000000
0.390029	0.000000
0.410557	0.000000
0.431085	0.000000
0.451613	0.000000
0.472141	0.000000
0.492669	0.000000
0.513196	0.000000
0.533724	0.000000
0.554252	0.000000
0.574780	0.000000
0.595308	0.000000
0.615836	0.000000
0.636364	0.000000
0.656891	0.000000
0.677419	0.000000
0.697947	0.000000
0.718475	0.000000
0.739003	0.000000
0.759531	0.000000
0.780059	0.000000
0.800587	0.000000
0.821114	0.000000
0.841642	0.000000
0.862170	0.000000
0.882698	0.000000
0.903226	0.000000
0.923754	0.000000
0.944282	0.000000
0.964809	0.000000
0.985337	0.000000
1.005865	0.000000
1.026393	0.000000
1.046921	0.000000
1.067449	0.000000
1.087977	0.000000
1.108504	0.000000
1.129032	0.000000
1.149560	0.000000
1.170088	0.000000
1.190616	0.000000
1.211144	0.000000
1.231672	0.000000
1.252199	0.000000
1.272727	0.000000
1.293255	0.000000
1.313783	0.000000
1.334311	0.000000
1.354839	0.000000
1.375367	0.000000
1.395894	0.000000
1.416422	0.000000
1.436950	0.000000
1.457478	0.000000
1.478006	0.000000
1.498534	0.000000
1.519062	0.000000
1.539589	0.000000
1.560117	0.000000
1.580645	0.000000
1.601173	0.000000
1.621701	0.000000
1.642229	0.000000
1.662757	0.000000
1.683284	0.000000
1.703812	0.000000
1.724340	0.000000
1.744868	0.000000
1.765396	0.000000
1.785924	0.000000
1.806452	0.000000
1.826979	0.000000
1.847507	0.000000
1.868035	0.000000
1.888563	0.000000
1.909091	0.000000
1.929619	0.000000
1.950147	0.000000
1.970674	0.000000
1.991202	0.000000
2.011730	0.000000
2.032258	0.000000
2.052786	0.000000
2.073314	0.000000
2.093842	0.000000
2.114370	0.000000
2.134897	0.000000
2.155425	0.000000
2.175953	0.000000
2.196481	0.000000
2.217009	0.000000
2.237537	0.000000
2.258065	0.000000
2.278592	0.206702
2.299120	0.413404
2.319648	0.620106
2.340176	0.826808
2.360704	1.033510
2.381232	1.240212
2.401760	1.446914
2.422287	1.653616
2.442815	1.860318
2.463343	2.067020
2.483871	6.254913
2.504399	10.442805
2.524927	14.630697
2.545455	18.818589
2.565982	23.006481
2.586510	27.194373
2.607038	31.382266
2.627566	35.570158
2.648094	39.758050
2.668622	43.945942
2.689150	49.551348
2.709677	55.156754
2.730205	60.762159
2.750733	66.367565
2.771261	71.972971
2.791789	77.578377
2.812317	83.183783
2.832845	88.789188
2.853372	94.394594
2.873900	100.000000
2.894428	95.912330
2.914956	91.824660
2.935484	87.736989
2.956012	83.649319
2.976540	79.561649
2.997067	75.473979
3.017595	71.386308
3.038123	67.298638
3.058651	63.210968
3.079179	59.123298
3.099707	56.346018
3.120235	53.568738
3.140762	50.791458
3.161290	48.014178
3.181818	45.236898
3.202346	42.459618
3.222874	39.682338
3.243402	36.905058
3.263930	34.127778
3.284457	31.350498
3.304985	29.753841
3.325513	28.157183
3.346041	26.560526
3.366569	24.963869
3.387097	23.367211
3.407625	21.770554
3.428152	20.173897
3.448680	18.577239
3.469208	16.980582
3.489736	15.383925
3.510264	14.814534
3.530792	14.245144
3.551320	13.675754
3.571848	13.106363
3.592375	12.536973
3.612903	11.967583
3.633431	11.398192
3.653959	10.828802
3.674487	10.259412
3.695015	9.690021
3.715543	9.090401
3.736070	8.490781
3.756598	7.891161
3.777126	7.291542
3.797654	6.691922
3.818182	6.092302
3.838710	5.492682
3.859238	4.893062
3.879765	4.293442
3.900293	3.693822
3.920821	3.484337
3.941349	3.274851
3.961877	3.065366
3.982405	2.855881
4.002933	2.646395
4.023460	2.436910
4.043988	2.227424
4.064516	2.017939
4.085044	1.808454
4.105572	1.598968
4.126100	1.528659
4.146628	1.458350
4.167155	1.388041
4.187683	1.317732
4.208211	1.247423
4.228739	1.177114
4.249267	1.106805
4.269795	1.036496
4.290323	0.966187
4.310850	0.895878
4.331378	0.810769
4.351906	0.725661
4.372434	0.640552
4.392962	0.555444
4.413490	0.470336
4.434018	0.385227
4.454545	0.300119
4.475073	0.215011
4.495601	0.129902
4.516129	0.044794
4.536657	0.040538
4.557185	0.036283
4.577713	0.032028
4.598240	0.027772
4.618768	0.023517
4.639296	0.019261
4.659824	0.015006
4.680352	0.010751
4.700880	0.006495
4.721408	0.002240
4.741935	0.023785
4.762463	0.045330
4.782991	0.066876
4.803519	0.088421
4.824047	0.109966
4.844575	0.131512
4.865103	0.153057
4.885630	0.174602
4.906158	0.196148
4.926686	0.217693
4.947214	0.322121
4.967742	0.426550
4.988270	0.530978
5.008798	0.635406
5.029326	0.739835
5.049853	0.844263
5.070381	0.948691
5.090909	1.053119
5.111437	1.157548
5.131965	1.261976
5.152493	1.299835
5.173021	1.337693
5.193548	1.375552
5.214076	1.413410
5.234604	1.451269
5.255132	1.489127
5.275660	1.526986
5.296188	1.564845
5.316716	1.602703
5.337243	1.640562
5.357771	1.522785
5.378299	1.405008
5.398827	1.287232
5.419355	1.169455
5.439883	1.051678
5.460411	0.933902
5.480938	0.816125
5.501466	0.698348
5.521994	0.580572
5.542522	0.462795
5.563050	0.587455
5.583578	0.712115
5.604106	0.836774
5.624633	0.961434
5.645161	1.086094
5.665689	1.210754
5.686217	1.335414
5.706745	1.460074
5.727273	1.584733
5.747801	1.709393
5.768328	1.568759
5.788856	1.428125
5.809384	1.287491
5.829912	1.146856
5.850440	1.006222
5.870968	0.865588
5.891496	0.724954
5.912023	0.584319
5.932551	0.443685
5.953079	0.303051
5.973607	0.290580
5.994135	0.278108
6.014663	0.265637
6.035191	0.253166
6.055718	0.240695
6.076246	0.228223
6.096774	0.215752
6.117302	0.203281
6.137830	0.190810
6.158358	0.178338
6.178886	0.183154
6.199413	0.187970
6.219941	0.192786
6.240469	0.197602
6.260997	0.202418
6.281525	0.207234
6.302053	0.212050
6.322581	0.216866
6.343109	0.221682
6.363636	0.226498
6.384164	0.210420
6.404692	0.194342
6.425220	0.178265
6.445748	0.162187
6.466276	0.146109
6.486804	0.130031
6.507331	0.113954
6.527859	0.097876
6.548387	0.081798
6.568915	0.065720
6.589443	0.064916
6.609971	0.064112
6.630499	0.063309
6.651026	0.062505
6.671554	0.061701
6.692082	0.060897
6.712610	0.060093
6.733138	0.059289
6.753666	0.058485
6.774194	0.057681
6.794721	0.057641
6.815249	0.057601
6.835777	0.057561
6.856305	0.057521
6.876833	0.057480
6.897361	0.057440
6.917889	0.057400
6.938416	0.057360
6.958944	0.057320
6.979472	0.057279
