0.000000	0.000000
0.020528	0.000000
0.041056	0.000000
0.061584	0.000000
0.082111	0.000000
0.102639	0.000000
0.123167	0.000000
0.143695	0.000000
0.164223	0.000000
0.184751	0.000000
0.205279	0.000000
0.225806	0.000000
0.246334	0.000000
0.266862	0.000000
0.287390	0.000000
0.307918	0.000000
0.328446	0.000000
0.348974	0.000000
0.369501	0.000000
0.390029	0.000000
0.410557	0.000000
0.431085	0.000000
0.451613	0.000000
0.472141	0.000000
0.492669	0.000000
0.513196	0.000000
0.533724	0.000000
0.554252	0.000000
0.574780	0.000000
0.595308	0.000000
0.615836	0.000000
0.636364	0.000000
0.656891	0.000000
0.677419	0.000000
0.697947	0.000000
0.718475	0.000000
0.739003	0.000000
0.759531	0.000000
0.780059	0.000000
0.800587	0.000000
0.821114	0.000000
0.841642	0.000000
0.862170	0.000000
0.882698	0.000000
0.903226	0.000000
0.923754	0.000000
0.944282	0.000000
0.964809	0.000000
0.985337	0.000000
1.005865	0.000000
1.026393	0.000000
1.046921	0.000000
1.067449	0.000000
1.087977	0.000000
1.108504	0.000000
1.129032	0.000000
1.149560	0.000000
1.170088	0.000000
1.190616	0.000000
1.211144	0.000000
1.231672	0.000000
1.252199	0.000000
1.272727	0.000000
1.293255	0.000000
1.313783	0.000000
1.334311	0.000000
1.354839	0.000000
1.375367	0.000000
1.395894	0.000000
1.416422	0.000000
1.436950	0.000000
1.457478	0.000000
1.478006	0.000000
1.498534	0.000000
1.519062	0.000000
1.539589	0.000000
1.560117	0.000000
1.580645	0.000000
1.601173	0.000000
1.621701	0.000000
1.642229	0.000000
1.662757	0.000000
1.683284	0.000000
1.703812	0.000000
1.724340	0.000000
1.744868	0.000000
1.765396	0.000000
1.785924	0.000000
1.806452	0.000000
1.826979	0.000000
1.847507	0.000000
1.868035	0.000000
1.888563	0.000000
1.909091	0.000000
1.929619	0.000000
1.950147	0.000000
1.970674	0.000000
1.991202	0.000000
2.011730	0.000000
2.032258	0.000000
2.052786	0.000000
2.073314	0.000000
2.093842	0.000000
2.114370	0.000000
2.134897	0.000000
2.155425	0.000000
2.175953	0.000000
2.196481	0.000000
2.217009	0.000000
2.237537	0.000000
2.258065	0.000000
2.278592	0.049837
2.299120	0.099675
2.319648	0.149512
2.340176	0.199349
2.360704	0.249187
2.381232	0.299024
2.401760	0.348862
2.422287	0.398699
2.442815	0.448536
2.463343	0.498374
2.483871	1.995987
2.504399	3.493600
2.524927	4.991213
2.545455	6.488826
2.565982	7.986439
2.586510	9.484052
2.607038	10.981665
2.627566	12.479279
2.648094	13.976892
2.668622	15.474505
2.689150	18.689140
2.709677	21.903775
2.730205	25.118410
2.750733	28.333046
2.771261	31.547681
2.791789	34.762316
2.812317	37.976951
2.832845	41.191587
2.853372	44.406222
2.873900	47.620857
2.894428	52.858771
2.914956	58.096686
2.935484	63.334600
2.956012	68.572514
2.976540	73.810429
2.997067	79.048343
3.017595	84.286257
3.038123	89.524171
3.058651	94.762086
3.079179	100.000000
3.099707	99.682536
3.120235	99.365072
3.140762	99.047609
3.161290	98.730145
3.181818	98.412681
3.202346	98.095217
3.222874	97.777754
3.243402	97.460290
3.263930	97.142826
3.284457	96.825362
3.304985	90.648344
3.325513	84.471325
3.346041	78.294307
3.366569	72.117288
3.387097	65.940269
3.407625	59.763251
3.428152	53.586232
3.448680	47.409214
3.469208	41.232195
3.489736	35.055176
3.510264	33.307271
3.530792	31.559366
3.551320	29.811461
3.571848	28.063556
3.592375	26.315651
3.612903	24.567746
3.633431	22.819841
3.653959	21.071935
3.674487	19.324030
3.695015	17.576125
3.715543	17.283151
3.736070	16.990176
3.756598	16.697202
3.777126	16.404227
3.797654	16.111253
3.818182	15.818279
3.838710	15.525304
3.859238	15.232330
3.879765	14.939355
3.900293	14.646381
3.920821	13.454324
3.941349	12.262268
3.961877	11.070211
3.982405	9.878154
4.002933	8.686097
4.023460	7.494041
4.043988	6.301984
4.064516	5.109927
4.085044	3.917871
4.105572	2.725814
4.126100	2.659982
4.146628	2.594149
4.167155	2.528317
4.187683	2.462484
4.208211	2.396651
4.228739	2.330819
4.249267	2.264986
4.269795	2.199154
4.290323	2.133321
4.310850	2.067489
4.331378	1.945834
4.351906	1.824178
4.372434	1.702523
4.392962	1.580867
4.413490	1.459212
4.434018	1.337557
4.454545	1.215901
4.475073	1.094246
4.495601	0.972590
4.516129	0.850935
4.536657	0.770096
4.557185	0.689257
4.577713	0.608419
4.598240	0.527580
4.618768	0.446741
4.639296	0.365902
4.659824	0.285063
4.680352	0.204224
4.700880	0.123386
4.721408	0.042547
4.741935	0.038505
4.762463	0.034463
4.782991	0.030421
4.803519	0.026379
4.824047	0.022337
4.844575	0.018295
4.865103	0.014253
4.885630	0.010211
4.906158	0.006169
4.926686	0.002127
4.947214	0.076681
4.967742	0.151235
4.988270	0.225789
5.008798	0.300343
5.029326	0.374897
5.049853	0.449451
5.070381	0.524005
5.090909	0.598559
5.111437	0.673113
5.131965	0.747667
5.152493	0.720246
5.173021	0.692826
5.193548	0.665405
5.214076	0.637984
5.234604	0.610564
5.255132	0.583143
5.275660	0.555722
5.296188	0.528302
5.316716	0.500881
5.337243	0.473460
5.357771	0.565534
5.378299	0.657608
5.398827	0.749683
5.419355	0.841757
5.439883	0.933831
5.460411	1.025905
5.480938	1.117979
5.501466	1.210053
5.521994	1.302127
5.542522	1.394201
5.563050	1.373886
5.583578	1.353571
5.604106	1.333256
5.624633	1.312941
5.645161	1.292626
5.665689	1.272311
5.686217	1.251996
5.706745	1.231681
5.727273	1.211366
5.747801	1.191051
5.768328	1.146428
5.788856	1.101804
5.809384	1.057181
5.829912	1.012557
5.850440	0.967934
5.870968	0.923310
5.891496	0.878687
5.912023	0.834063
5.932551	0.789440
5.953079	0.744816
5.973607	0.804882
5.994135	0.864948
6.014663	0.925013
6.035191	0.985079
6.055718	1.045144
6.076246	1.105210
6.096774	1.165275
6.117302	1.225341
6.137830	1.285406
6.158358	1.345472
6.178886	1.242571
6.199413	1.139670
6.219941	1.036768
6.240469	0.933867
6.260997	0.830966
6.281525	0.728065
6.302053	0.625164
6.322581	0.522263
6.343109	0.419362
6.363636	0.316460
6.384164	0.305086
6.404692	0.293711
6.425220	0.282336
6.445748	0.270962
6.466276	0.259587
6.486804	0.248212
6.507331	0.236837
6.527859	0.225463
6.548387	0.214088
6.568915	0.202713
6.589443	0.195915
6.609971	0.189116
6.630499	0.182318
6.651026	0.175520
6.671554	0.168721
6.692082	0.161923
6.712610	0.155124
6.733138	0.148326
6.753666	0.141528
6.774194	0.134729
6.794721	0.121930
6.815249	0.109131
6.835777	0.096331
6.856305	0.083532
6.876833	0.070733
6.897361	0.057934
6.917889	0.045134
6.938416	0.032335
6.958944	0.019536
6.979472	0.006736
