0.000000	0.069767
0.020528	0.063139
0.041056	0.056511
0.061584	0.049883
0.082111	0.043256
0.102639	0.036628
0.123167	0.030000
0.143695	0.023372
0.164223	0.016744
0.184751	0.010116
0.205279	0.003488
0.225806	0.003157
0.246334	0.002826
0.266862	0.002494
0.287390	0.002163
0.307918	0.001831
0.328446	0.001500
0.348974	0.001169
0.369501	0.000837
0.390029	0.000506
0.410557	0.000174
0.431085	0.000158
0.451613	0.000141
0.472141	0.000125
0.492669	0.000108
0.513196	0.000092
0.533724	0.000075
0.554252	0.000058
0.574780	0.000042
0.595308	0.000025
0.615836	0.000009
0.636364	0.000008
0.656891	0.000007
0.677419	0.000006
0.697947	0.000005
0.718475	0.000005
0.739003	0.000004
0.759531	0.000003
0.780059	0.000002
0.800587	0.000001
0.821114	0.000000
0.841642	0.000000
0.862170	0.000000
0.882698	0.000000
0.903226	0.000000
0.923754	0.000000
0.944282	0.000000
0.964809	0.000000
0.985337	0.000000
1.005865	0.000000
1.026393	0.000000
1.046921	0.000000
1.067449	0.000000
1.087977	0.000000
1.108504	0.000000
1.129032	0.000000
1.149560	0.000000
1.170088	0.000000
1.190616	0.000000
1.211144	0.000000
1.231672	0.000000
1.252199	0.005233
1.272727	0.010465
1.293255	0.015698
1.313783	0.020930
1.334311	0.026163
1.354839	0.031395
1.375367	0.036628
1.395894	0.041860
1.416422	0.047093
1.436950	0.052325
1.457478	0.047354
1.478006	0.042383
1.498534	0.037413
1.519062	0.032442
1.539589	0.027471
1.560117	0.022500
1.580645	0.017529
1.601173	0.012558
1.621701	0.007587
1.642229	0.002616
1.662757	0.004112
1.683284	0.005608
1.703812	0.007103
1.724340	0.008599
1.744868	0.010094
1.765396	0.011590
1.785924	0.013086
1.806452	0.014581
1.826979	0.016077
1.847507	0.017573
1.868035	0.017647
1.888563	0.017722
1.909091	0.017797
1.929619	0.017872
1.950147	0.017946
1.970674	0.018021
1.991202	0.018096
2.011730	0.018171
2.032258	0.018246
2.052786	0.018320
2.073314	0.020068
2.093842	0.021816
2.114370	0.023564
2.134897	0.025312
2.155425	0.027060
2.175953	0.028808
2.196481	0.030556
2.217009	0.032304
2.237537	0.034052
2.258065	0.035800
2.278592	0.084288
2.299120	0.132776
2.319648	0.181264
2.340176	0.229752
2.360704	0.278241
2.381232	0.326729
2.401760	0.375217
2.422287	0.423705
2.442815	0.472194
2.463343	0.520682
2.483871	0.813075
2.504399	1.105469
2.524927	1.397862
2.545455	1.690255
2.565982	1.982649
2.586510	2.275042
2.607038	2.567436
2.627566	2.859829
2.648094	3.152223
2.668622	3.444616
2.689150	3.961122
2.709677	4.477628
2.730205	4.994134
2.750733	5.510639
2.771261	6.027145
2.791789	6.543651
2.812317	7.060157
2.832845	7.576663
2.853372	8.093169
2.873900	8.609675
2.894428	13.901162
2.914956	19.192650
2.935484	24.484138
2.956012	29.775626
2.976540	35.067114
2.997067	40.358602
3.017595	45.650090
3.038123	50.941577
3.058651	56.233065
3.079179	61.524553
3.099707	65.372098
3.120235	69.219642
3.140762	73.067187
3.161290	76.914732
3.181818	80.762277
3.202346	84.609821
3.222874	88.457366
3.243402	92.304911
3.263930	96.152455
3.284457	100.000000
3.304985	98.563318
3.325513	97.126637
3.346041	95.689955
3.366569	94.253273
3.387097	92.816592
3.407625	91.379910
3.428152	89.943228
3.448680	88.506547
3.469208	87.069865
3.489736	85.633183
3.510264	82.509044
3.530792	79.384905
3.551320	76.260765
3.571848	73.136626
3.592375	70.012487
3.612903	66.888347
3.633431	63.764208
3.653959	60.640069
3.674487	57.515929
3.695015	54.391790
3.715543	51.619758
3.736070	48.847725
3.756598	46.075693
3.777126	43.303660
3.797654	40.531627
3.818182	37.759595
3.838710	34.987562
3.859238	32.215530
3.879765	29.443497
3.900293	26.671465
3.920821	26.468329
3.941349	26.265193
3.961877	26.062056
3.982405	25.858920
4.002933	25.655784
4.023460	25.452648
4.043988	25.249512
4.064516	25.046376
4.085044	24.843240
4.105572	24.640104
4.126100	25.976014
4.146628	27.311923
4.167155	28.647833
4.187683	29.983743
4.208211	31.319653
4.228739	32.655563
4.249267	33.991472
4.269795	35.327382
4.290323	36.663292
4.310850	37.999202
4.331378	39.544185
4.351906	41.089169
4.372434	42.634152
4.392962	44.179135
4.413490	45.724118
4.434018	47.269102
4.454545	48.814085
4.475073	50.359068
4.495601	51.904052
4.516129	53.449035
4.536657	54.054769
4.557185	54.660503
4.577713	55.266237
4.598240	55.871971
4.618768	56.477705
4.639296	57.083439
4.659824	57.689173
4.680352	58.294907
4.700880	58.900641
4.721408	59.506375
4.741935	57.219962
4.762463	54.933549
4.782991	52.647136
4.803519	50.360723
4.824047	48.074310
4.844575	45.787897
4.865103	43.501484
4.885630	41.215071
4.906158	38.928658
4.926686	36.642245
4.947214	35.746099
4.967742	34.849952
4.988270	33.953805
5.008798	33.057658
5.029326	32.161511
5.049853	31.265364
5.070381	30.369218
5.090909	29.473071
5.111437	28.576924
5.131965	27.680777
5.152493	26.600366
5.173021	25.519955
5.193548	24.439544
5.214076	23.359134
5.234604	22.278723
5.255132	21.198312
5.275660	20.117901
5.296188	19.037490
5.316716	17.957079
5.337243	16.876668
5.357771	16.114513
5.378299	15.352357
5.398827	14.590202
5.419355	13.828047
5.439883	13.065891
5.460411	12.303736
5.480938	11.541581
5.501466	10.779425
5.521994	10.017270
5.542522	9.255115
5.563050	8.957125
5.583578	8.659135
5.604106	8.361145
5.624633	8.063156
5.645161	7.765166
5.665689	7.467176
5.686217	7.169186
5.706745	6.871196
5.727273	6.573207
5.747801	6.275217
5.768328	6.077179
5.788856	5.879141
5.809384	5.681104
5.829912	5.483066
5.850440	5.285028
5.870968	5.086990
5.891496	4.888952
5.912023	4.690915
5.932551	4.492877
5.953079	4.294839
5.973607	4.257030
5.994135	4.219222
6.014663	4.181413
6.035191	4.143604
6.055718	4.105796
6.076246	4.067987
6.096774	4.030178
6.117302	3.992370
6.137830	3.954561
6.158358	3.916752
6.178886	3.763555
6.199413	3.610357
6.219941	3.457159
6.240469	3.303962
6.260997	3.150764
6.281525	2.997567
6.302053	2.844369
6.322581	2.691172
6.343109	2.537974
6.363636	2.384777
6.384164	2.204879
6.404692	2.024982
6.425220	1.845085
6.445748	1.665188
6.466276	1.485291
6.486804	1.305394
6.507331	1.125497
6.527859	0.945600
6.548387	0.765703
6.568915	0.585805
6.589443	0.582915
6.609971	0.580025
6.630499	0.577135
6.651026	0.574245
6.671554	0.571354
6.692082	0.568464
6.712610	0.565574
6.733138	0.562684
6.753666	0.559793
6.774194	0.556903
6.794721	0.562427
6.815249	0.567951
6.835777	0.573475
6.856305	0.578999
6.876833	0.584523
6.897361	0.590047
6.917889	0.595571
6.938416	0.601095
6.958944	0.606620
6.979472	0.612144
