0.000000	0.000000
0.020528	0.000000
0.041056	0.000000
0.061584	0.000000
0.082111	0.000000
0.102639	0.000000
0.123167	0.000000
0.143695	0.000000
0.164223	0.000000
0.184751	0.000000
0.205279	0.000000
0.225806	0.000000
0.246334	0.000000
0.266862	0.000000
0.287390	0.000000
0.307918	0.000000
0.328446	0.000000
0.348974	0.000000
0.369501	0.000000
0.390029	0.000000
0.410557	0.000000
0.431085	0.000000
0.451613	0.000000
0.472141	0.000000
0.492669	0.000000
0.513196	0.000000
0.533724	0.000000
0.554252	0.000000
0.574780	0.000000
0.595308	0.000000
0.615836	0.000000
0.636364	0.000000
0.656891	0.000000
0.677419	0.000000
0.697947	0.000000
0.718475	0.000000
0.739003	0.000000
0.759531	0.000000
0.780059	0.000000
0.800587	0.000000
0.821114	0.000000
0.841642	0.000000
0.862170	0.000000
0.882698	0.000000
0.903226	0.000000
0.923754	0.000000
0.944282	0.000000
0.964809	0.000000
0.985337	0.000000
1.005865	0.000000
1.026393	0.000000
1.046921	0.000000
1.067449	0.000000
1.087977	0.000000
1.108504	0.000000
1.129032	0.000000
1.149560	0.000000
1.170088	0.000000
1.190616	0.000000
1.211144	0.000000
1.231672	0.000000
1.252199	0.000000
1.272727	0.000000
1.293255	0.000000
1.313783	0.000000
1.334311	0.000000
1.354839	0.000000
1.375367	0.000000
1.395894	0.000000
1.416422	0.000000
1.436950	0.000000
1.457478	0.000000
1.478006	0.000000
1.498534	0.000000
1.519062	0.000000
1.539589	0.000000
1.560117	0.000000
1.580645	0.000000
1.601173	0.000000
1.621701	0.000000
1.642229	0.000000
1.662757	0.000000
1.683284	0.000000
1.703812	0.000000
1.724340	0.000000
1.744868	0.000000
1.765396	0.000000
1.785924	0.000000
1.806452	0.000000
1.826979	0.000000
1.847507	0.000000
1.868035	0.000000
1.888563	0.000000
1.909091	0.000000
1.929619	0.000000
1.950147	0.000000
1.970674	0.000000
1.991202	0.000000
2.011730	0.000000
2.032258	0.000000
2.052786	0.000000
2.073314	0.000000
2.093842	0.000000
2.114370	0.000000
2.134897	0.000000
2.155425	0.000000
2.175953	0.000000
2.196481	0.000000
2.217009	0.000000
2.237537	0.000000
2.258065	0.000000
2.278592	0.000000
2.299120	0.000000
2.319648	0.000000
2.340176	0.000000
2.360704	0.000000
2.381232	0.000000
2.401760	0.000000
2.422287	0.000000
2.442815	0.000000
2.463343	0.000000
2.483871	2.146865
2.504399	4.293730
2.524927	6.440595
2.545455	8.587460
2.565982	10.734325
2.586510	12.881191
2.607038	15.028056
2.627566	17.174921
2.648094	19.321786
2.668622	21.468651
2.689150	29.321786
2.709677	37.174921
2.730205	45.028056
2.750733	52.881191
2.771261	60.734325
2.791789	68.587460
2.812317	76.440595
2.832845	84.293730
2.853372	92.146865
2.873900	100.000000
2.894428	99.416809
2.914956	98.833618
2.935484	98.250427
2.956012	97.667236
2.976540	97.084045
2.997067	96.500854
3.017595	95.917663
3.038123	95.334472
3.058651	94.751281
3.079179	94.168090
3.099707	88.350933
3.120235	82.533777
3.140762	76.716620
3.161290	70.899463
3.181818	65.082307
3.202346	59.265150
3.222874	53.447993
3.243402	47.630837
3.263930	41.813680
3.284457	35.996524
3.304985	34.473658
3.325513	32.950792
3.346041	31.427927
3.366569	29.905061
3.387097	28.382195
3.407625	26.859330
3.428152	25.336464
3.448680	23.813598
3.469208	22.290733
3.489736	20.767867
3.510264	20.240394
3.530792	19.712921
3.551320	19.185449
3.571848	18.657976
3.592375	18.130503
3.612903	17.603030
3.633431	17.075557
3.653959	16.548084
3.674487	16.020611
3.695015	15.493138
3.715543	14.350639
3.736070	13.208139
3.756598	12.065640
3.777126	10.923140
3.797654	9.780641
3.818182	8.638141
3.838710	7.495642
3.859238	6.353142
3.879765	5.210643
3.900293	4.068143
3.920821	3.870740
3.941349	3.673337
3.961877	3.475934
3.982405	3.278531
4.002933	3.081128
4.023460	2.883725
4.043988	2.686321
4.064516	2.488918
4.085044	2.291515
4.105572	2.094112
4.126100	2.084242
4.146628	2.074372
4.167155	2.064502
4.187683	2.054632
4.208211	2.044761
4.228739	2.034891
4.249267	2.025021
4.269795	2.015151
4.290323	2.005281
4.310850	1.995411
4.331378	1.805847
4.351906	1.616283
4.372434	1.426719
4.392962	1.237155
4.413490	1.047591
4.434018	0.858027
4.454545	0.668463
4.475073	0.478899
4.495601	0.289335
4.516129	0.099771
4.536657	0.090292
4.557185	0.080814
4.577713	0.071336
4.598240	0.061858
4.618768	0.052380
4.639296	0.042901
4.659824	0.033423
4.680352	0.023945
4.700880	0.014467
4.721408	0.004989
4.741935	0.004515
4.762463	0.004041
4.782991	0.003567
4.803519	0.003093
4.824047	0.002619
4.844575	0.002145
4.865103	0.001671
4.885630	0.001197
4.906158	0.000723
4.926686	0.000249
4.947214	0.055117
4.967742	0.109985
4.988270	0.164853
5.008798	0.219720
5.029326	0.274588
5.049853	0.329456
5.070381	0.384324
5.090909	0.439191
5.111437	0.494059
5.131965	0.548927
5.152493	0.722444
5.173021	0.895960
5.193548	1.069477
5.214076	1.242994
5.234604	1.416511
5.255132	1.590027
5.275660	1.763544
5.296188	1.937061
5.316716	2.110578
5.337243	2.284094
5.357771	2.128096
5.378299	1.972097
5.398827	1.816099
5.419355	1.660100
5.439883	1.504102
5.460411	1.348103
5.480938	1.192105
5.501466	1.036107
5.521994	0.880108
5.542522	0.724110
5.563050	0.807795
5.583578	0.891481
5.604106	0.975167
5.624633	1.058853
5.645161	1.142539
5.665689	1.226224
5.686217	1.309910
5.706745	1.393596
5.727273	1.477282
5.747801	1.560968
5.768328	1.540756
5.788856	1.520544
5.809384	1.500332
5.829912	1.480120
5.850440	1.459908
5.870968	1.439696
5.891496	1.419484
5.912023	1.399272
5.932551	1.379060
5.953079	1.358849
5.973607	1.248055
5.994135	1.137262
6.014663	1.026468
6.035191	0.915675
6.055718	0.804881
6.076246	0.694088
6.096774	0.583294
6.117302	0.472501
6.137830	0.361707
6.158358	0.250914
6.178886	0.233176
6.199413	0.215438
6.219941	0.197701
6.240469	0.179963
6.260997	0.162225
6.281525	0.144487
6.302053	0.126749
6.322581	0.109012
6.343109	0.091274
6.363636	0.073536
6.384164	0.072649
6.404692	0.071762
6.425220	0.070876
6.445748	0.069989
6.466276	0.069102
6.486804	0.068215
6.507331	0.067328
6.527859	0.066441
6.548387	0.065554
6.568915	0.064667
6.589443	0.064623
6.609971	0.064579
6.630499	0.064534
6.651026	0.064490
6.671554	0.064446
6.692082	0.064401
6.712610	0.064357
6.733138	0.064313
6.753666	0.064268
6.774194	0.064224
6.794721	0.100816
6.815249	0.137408
6.835777	0.174000
6.856305	0.210592
6.876833	0.247184
6.897361	0.283776
6.917889	0.320368
6.938416	0.356960
6.958944	0.393553
6.979472	0.430145
