0.000000	0.000000
0.020528	0.000000
0.041056	0.000000
0.061584	0.000000
0.082111	0.000000
0.102639	0.000000
0.123167	0.000000
0.143695	0.000000
0.164223	0.000000
0.184751	0.000000
0.205279	0.000000
0.225806	0.000000
0.246334	0.000000
0.266862	0.000000
0.287390	0.000000
0.307918	0.000000
0.328446	0.000000
0.348974	0.000000
0.369501	0.000000
0.390029	0.000000
0.410557	0.000000
0.431085	0.000000
0.451613	0.000000
0.472141	0.000000
0.492669	0.000000
0.513196	0.000000
0.533724	0.000000
0.554252	0.000000
0.574780	0.000000
0.595308	0.000000
0.615836	0.000000
0.636364	0.000000
0.656891	0.000000
0.677419	0.000000
0.697947	0.000000
0.718475	0.000000
0.739003	0.000000
0.759531	0.000000
0.780059	0.000000
0.800587	0.000000
0.821114	0.000000
0.841642	0.000000
0.862170	0.000000
0.882698	0.000000
0.903226	0.000000
0.923754	0.000000
0.944282	0.000000
0.964809	0.000000
0.985337	0.000000
1.005865	0.000000
1.026393	0.000000
1.046921	0.000000
1.067449	0.000000
1.087977	0.000000
1.108504	0.000000
1.129032	0.000000
1.149560	0.000000
1.170088	0.000000
1.190616	0.000000
1.211144	0.000000
1.231672	0.000000
1.252199	0.000000
1.272727	0.000000
1.293255	0.000000
1.313783	0.000000
1.334311	0.000000
1.354839	0.000000
1.375367	0.000000
1.395894	0.000000
1.416422	0.000000
1.436950	0.000000
1.457478	0.000000
1.478006	0.000000
1.498534	0.000000
1.519062	0.000000
1.539589	0.000000
1.560117	0.000000
1.580645	0.000000
1.601173	0.000000
1.621701	0.000000
1.642229	0.000000
1.662757	0.000000
1.683284	0.000000
1.703812	0.000000
1.724340	0.000000
1.744868	0.000000
1.765396	0.000000
1.785924	0.000000
1.806452	0.000000
1.826979	0.000000
1.847507	0.000000
1.868035	0.000000
1.888563	0.000000
1.909091	0.000000
1.929619	0.000000
1.950147	0.000000
1.970674	0.000000
1.991202	0.000000
2.011730	0.000000
2.032258	0.000000
2.052786	0.000000
2.073314	0.000000
2.093842	0.000000
2.114370	0.000000
2.134897	0.000000
2.155425	0.000000
2.175953	0.000000
2.196481	0.000000
2.217009	0.000000
2.237537	0.000000
2.258065	0.000000
2.278592	0.000000
2.299120	0.000000
2.319648	0.000000
2.340176	0.000000
2.360704	0.000000
2.381232	0.000000
2.401760	0.000000
2.422287	0.000000
2.442815	0.000000
2.463343	0.000000
2.483871	1.380406
2.504399	2.760812
2.524927	4.141219
2.545455	5.521625
2.565982	6.902031
2.586510	8.282437
2.607038	9.662843
2.627566	11.043249
2.648094	12.423656
2.668622	13.804062
2.689150	22.423656
2.709677	31.043249
2.730205	39.662843
2.750733	48.282437
2.771261	56.902031
2.791789	65.521625
2.812317	74.141219
2.832845	82.760812
2.853372	91.380406
2.873900	100.000000
2.894428	91.930061
2.914956	83.860122
2.935484	75.790183
2.956012	67.720244
2.976540	59.650305
2.997067	51.580366
3.017595	43.510428
3.038123	35.440489
3.058651	27.370550
3.079179	19.300611
3.099707	18.102635
3.120235	16.904660
3.140762	15.706685
3.161290	14.508709
3.181818	13.310734
3.202346	12.112759
3.222874	10.914784
3.243402	9.716808
3.263930	8.518833
3.284457	7.320858
3.304985	6.903444
3.325513	6.486029
3.346041	6.068615
3.366569	5.651201
3.387097	5.233787
3.407625	4.816373
3.428152	4.398959
3.448680	3.981545
3.469208	3.564131
3.489736	3.146717
3.510264	2.966951
3.530792	2.787184
3.551320	2.607418
3.571848	2.427652
3.592375	2.247885
3.612903	2.068119
3.633431	1.888353
3.653959	1.708586
3.674487	1.528820
3.695015	1.349053
3.715543	1.220893
3.736070	1.092733
3.756598	0.964573
3.777126	0.836413
3.797654	0.708253
3.818182	0.580093
3.838710	0.451933
3.859238	0.323773
3.879765	0.195613
3.900293	0.067453
3.920821	0.061045
3.941349	0.054637
3.961877	0.048229
3.982405	0.041821
4.002933	0.035413
4.023460	0.029005
4.043988	0.022597
4.064516	0.016189
4.085044	0.009781
4.105572	0.003373
4.126100	0.241396
4.146628	0.479419
4.167155	0.717442
4.187683	0.955465
4.208211	1.193488
4.228739	1.431511
4.249267	1.669534
4.269795	1.907558
4.290323	2.145581
4.310850	2.383604
4.331378	2.236609
4.351906	2.089615
4.372434	1.942620
4.392962	1.795626
4.413490	1.648631
4.434018	1.501637
4.454545	1.354642
4.475073	1.207648
4.495601	1.060653
4.516129	0.913659
4.536657	0.995688
4.557185	1.077717
4.577713	1.159746
4.598240	1.241775
4.618768	1.323804
4.639296	1.405833
4.659824	1.487862
4.680352	1.569891
4.700880	1.651920
4.721408	1.733949
4.741935	2.780804
4.762463	3.827658
4.782991	4.874512
4.803519	5.921367
4.824047	6.968221
4.844575	8.015075
4.865103	9.061930
4.885630	10.108784
4.906158	11.155638
4.926686	12.202493
4.947214	11.043256
4.967742	9.884019
4.988270	8.724782
5.008798	7.565545
5.029326	6.406309
5.049853	5.247072
5.070381	4.087835
5.090909	2.928598
5.111437	1.769361
5.131965	0.610125
5.152493	0.552163
5.173021	0.494201
5.193548	0.436239
5.214076	0.378277
5.234604	0.320315
5.255132	0.262354
5.275660	0.204392
5.296188	0.146430
5.316716	0.088468
5.337243	0.030506
5.357771	0.037539
5.378299	0.044572
5.398827	0.051605
5.419355	0.058638
5.439883	0.065671
5.460411	0.072704
5.480938	0.079736
5.501466	0.086769
5.521994	0.093802
5.542522	0.100835
5.563050	0.091256
5.583578	0.081676
5.604106	0.072097
5.624633	0.062518
5.645161	0.052938
5.665689	0.043359
5.686217	0.033780
5.706745	0.024200
5.727273	0.014621
5.747801	0.005042
5.768328	0.004563
5.788856	0.004084
5.809384	0.003605
5.829912	0.003126
5.850440	0.002647
5.870968	0.002168
5.891496	0.001689
5.912023	0.001210
5.932551	0.000731
5.953079	0.000252
5.973607	0.010159
5.994135	0.020066
6.014663	0.029973
6.035191	0.039880
6.055718	0.049787
6.076246	0.059694
6.096774	0.069601
6.117302	0.079508
6.137830	0.089415
6.158358	0.099322
6.178886	0.099818
6.199413	0.100313
6.219941	0.100808
6.240469	0.101304
6.260997	0.101799
6.281525	0.102295
6.302053	0.102790
6.322581	0.103285
6.343109	0.103781
6.363636	0.104276
6.384164	0.094370
6.404692	0.084463
6.425220	0.074557
6.445748	0.064651
6.466276	0.054745
6.486804	0.044839
6.507331	0.034932
6.527859	0.025026
6.548387	0.015120
6.568915	0.005214
6.589443	0.004718
6.609971	0.004223
6.630499	0.003728
6.651026	0.003233
6.671554	0.002737
6.692082	0.002242
6.712610	0.001747
6.733138	0.001251
6.753666	0.000756
6.774194	0.000261
6.794721	0.000236
6.815249	0.000211
6.835777	0.000186
6.856305	0.000162
6.876833	0.000137
6.897361	0.000112
6.917889	0.000087
6.938416	0.000063
6.958944	0.000038
6.979472	0.000013
