0.000000	0.000000
0.020528	0.000000
0.041056	0.000000
0.061584	0.000000
0.082111	0.000000
0.102639	0.000000
0.123167	0.000000
0.143695	0.000000
0.164223	0.000000
0.184751	0.000000
0.205279	0.000000
0.225806	0.000000
0.246334	0.000000
0.266862	0.000000
0.287390	0.000000
0.307918	0.000000
0.328446	0.000000
0.348974	0.000000
0.369501	0.000000
0.390029	0.000000
0.410557	0.000000
0.431085	0.000000
0.451613	0.000000
0.472141	0.000000
0.492669	0.000000
0.513196	0.000000
0.533724	0.000000
0.554252	0.000000
0.574780	0.000000
0.595308	0.000000
0.615836	0.000000
0.636364	0.000000
0.656891	0.000000
0.677419	0.000000
0.697947	0.000000
0.718475	0.000000
0.739003	0.000000
0.759531	0.000000
0.780059	0.000000
0.800587	0.000000
0.821114	0.000000
0.841642	0.000000
0.862170	0.000000
0.882698	0.000000
0.903226	0.000000
0.923754	0.000000
0.944282	0.000000
0.964809	0.000000
0.985337	0.000000
1.005865	0.000000
1.026393	0.000000
1.046921	0.000000
1.067449	0.000000
1.087977	0.000000
1.108504	0.000000
1.129032	0.000000
1.149560	0.000000
1.170088	0.000000
1.190616	0.000000
1.211144	0.000000
1.231672	0.000000
1.252199	0.000000
1.272727	0.000000
1.293255	0.000000
1.313783	0.000000
1.334311	0.000000
1.354839	0.000000
1.375367	0.000000
1.395894	0.000000
1.416422	0.000000
1.436950	0.000000
1.457478	0.000000
1.478006	0.000000
1.498534	0.000000
1.519062	0.000000
1.539589	0.000000
1.560117	0.000000
1.580645	0.000000
1.601173	0.000000
1.621701	0.000000
1.642229	0.000000
1.662757	0.000000
1.683284	0.000000
1.703812	0.000000
1.724340	0.000000
1.744868	0.000000
1.765396	0.000000
1.785924	0.000000
1.806452	0.000000
1.826979	0.000000
1.847507	0.000000
1.868035	0.000000
1.888563	0.000000
1.909091	0.000000
1.929619	0.000000
1.950147	0.000000
1.970674	0.000000
1.991202	0.000000
2.011730	0.000000
2.032258	0.000000
2.052786	0.000000
2.073314	0.000000
2.093842	0.000000
2.114370	0.000000
2.134897	0.000000
2.155425	0.000000
2.175953	0.000000
2.196481	0.000000
2.217009	0.000000
2.237537	0.000000
2.258065	0.000000
2.278592	0.204802
2.299120	0.409603
2.319648	0.614405
2.340176	0.819206
2.360704	1.024008
2.381232	1.228809
2.401760	1.433611
2.422287	1.638413
2.442815	1.843214
2.463343	2.048016
2.483871	4.526115
2.504399	7.004214
2.524927	9.482313
2.545455	11.960412
2.565982	14.438511
2.586510	16.916610
2.607038	19.394709
2.627566	21.872808
2.648094	24.350907
2.668622	26.829006
2.689150	34.090246
2.709677	41.351486
2.730205	48.612725
2.750733	55.873965
2.771261	63.135205
2.791789	70.396445
2.812317	77.657684
2.832845	84.918924
2.853372	92.180164
2.873900	99.441404
2.894428	99.497263
2.914956	99.553123
2.935484	99.608983
2.956012	99.664842
2.976540	99.720702
2.997067	99.776561
3.017595	99.832421
3.038123	99.888281
3.058651	99.944140
3.079179	100.000000
3.099707	94.237629
3.120235	88.475257
3.140762	82.712886
3.161290	76.950515
3.181818	71.188144
3.202346	65.425772
3.222874	59.663401
3.243402	53.901030
3.263930	48.138658
3.284457	42.376287
3.304985	39.840471
3.325513	37.304655
3.346041	34.768840
3.366569	32.233024
3.387097	29.697208
3.407625	27.161392
3.428152	24.625576
3.448680	22.089760
3.469208	19.553945
3.489736	17.018129
3.510264	17.024459
3.530792	17.030789
3.551320	17.037119
3.571848	17.043450
3.592375	17.049780
3.612903	17.056110
3.633431	17.062440
3.653959	17.068771
3.674487	17.075101
3.695015	17.081431
3.715543	16.073100
3.736070	15.064769
3.756598	14.056437
3.777126	13.048106
3.797654	12.039775
3.818182	11.031444
3.838710	10.023112
3.859238	9.014781
3.879765	8.006450
3.900293	6.998119
3.920821	6.538099
3.941349	6.078079
3.961877	5.618060
3.982405	5.158040
4.002933	4.698020
4.023460	4.238000
4.043988	3.777981
4.064516	3.317961
4.085044	2.857941
4.105572	2.397922
4.126100	2.246920
4.146628	2.095918
4.167155	1.944916
4.187683	1.793914
4.208211	1.642912
4.228739	1.491910
4.249267	1.340908
4.269795	1.189906
4.290323	1.038904
4.310850	0.887902
4.331378	0.946912
4.351906	1.005923
4.372434	1.064933
4.392962	1.123944
4.413490	1.182954
4.434018	1.241964
4.454545	1.300975
4.475073	1.359985
4.495601	1.418996
4.516129	1.478006
4.536657	1.337596
4.557185	1.197185
4.577713	1.056774
4.598240	0.916364
4.618768	0.775953
4.639296	0.635543
4.659824	0.495132
4.680352	0.354721
4.700880	0.214311
4.721408	0.073900
4.741935	0.077120
4.762463	0.080339
4.782991	0.083559
4.803519	0.086779
4.824047	0.089998
4.844575	0.093218
4.865103	0.096437
4.885630	0.099657
4.906158	0.102876
4.926686	0.106096
4.947214	0.218898
4.967742	0.331699
4.988270	0.444501
5.008798	0.557303
5.029326	0.670105
5.049853	0.782907
5.070381	0.895709
5.090909	1.008511
5.111437	1.121312
5.131965	1.234114
5.152493	1.229514
5.173021	1.224914
5.193548	1.220314
5.214076	1.215714
5.234604	1.211114
5.255132	1.206514
5.275660	1.201914
5.296188	1.197314
5.316716	1.192714
5.337243	1.188114
5.357771	1.131564
5.378299	1.075013
5.398827	1.018463
5.419355	0.961913
5.439883	0.905362
5.460411	0.848812
5.480938	0.792261
5.501466	0.735711
5.521994	0.679160
5.542522	0.622610
5.563050	0.681223
5.583578	0.739836
5.604106	0.798449
5.624633	0.857062
5.645161	0.915675
5.665689	0.974288
5.686217	1.032901
5.706745	1.091514
5.727273	1.150127
5.747801	1.208740
5.768328	1.150230
5.788856	1.091720
5.809384	1.033210
5.829912	0.974700
5.850440	0.916190
5.870968	0.857681
5.891496	0.799171
5.912023	0.740661
5.932551	0.682151
5.953079	0.623641
5.973607	0.589996
5.994135	0.556350
6.014663	0.522704
6.035191	0.489058
6.055718	0.455413
6.076246	0.421767
6.096774	0.388121
6.117302	0.354475
6.137830	0.320830
6.158358	0.287184
6.178886	0.280382
6.199413	0.273579
6.219941	0.266777
6.240469	0.259975
6.260997	0.253172
6.281525	0.246370
6.302053	0.239568
6.322581	0.232765
6.343109	0.225963
6.363636	0.219161
6.384164	0.208581
6.404692	0.198000
6.425220	0.187420
6.445748	0.176840
6.466276	0.166260
6.486804	0.155680
6.507331	0.145099
6.527859	0.134519
6.548387	0.123939
6.568915	0.113359
6.589443	0.102590
6.609971	0.091821
6.630499	0.081052
6.651026	0.070282
6.671554	0.059513
6.692082	0.048744
6.712610	0.037975
6.733138	0.027206
6.753666	0.016437
6.774194	0.005668
6.794721	0.010250
6.815249	0.014831
6.835777	0.019413
6.856305	0.023994
6.876833	0.028576
6.897361	0.033157
6.917889	0.037739
6.938416	0.042321
6.958944	0.046902
6.979472	0.051484
