0.000000	0.000000
0.020528	0.000000
0.041056	0.000000
0.061584	0.000000
0.082111	0.000000
0.102639	0.000000
0.123167	0.000000
0.143695	0.000000
0.164223	0.000000
0.184751	0.000000
0.205279	0.000000
0.225806	0.000000
0.246334	0.000000
0.266862	0.000000
0.287390	0.000000
0.307918	0.000000
0.328446	0.000000
0.348974	0.000000
0.369501	0.000000
0.390029	0.000000
0.410557	0.000000
0.431085	0.000000
0.451613	0.000000
0.472141	0.000000
0.492669	0.000000
0.513196	0.000000
0.533724	0.000000
0.554252	0.000000
0.574780	0.000000
0.595308	0.000000
0.615836	0.000000
0.636364	0.000000
0.656891	0.000000
0.677419	0.000000
0.697947	0.000000
0.718475	0.000000
0.739003	0.000000
0.759531	0.000000
0.780059	0.000000
0.800587	0.000000
0.821114	0.000000
0.841642	0.000000
0.862170	0.000000
0.882698	0.000000
0.903226	0.000000
0.923754	0.000000
0.944282	0.000000
0.964809	0.000000
0.985337	0.000000
1.005865	0.000000
1.026393	0.000000
1.046921	0.000000
1.067449	0.000000
1.087977	0.000000
1.108504	0.000000
1.129032	0.000000
1.149560	0.000000
1.170088	0.000000
1.190616	0.000000
1.211144	0.000000
1.231672	0.000000
1.252199	0.000000
1.272727	0.000000
1.293255	0.000000
1.313783	0.000000
1.334311	0.000000
1.354839	0.000000
1.375367	0.000000
1.395894	0.000000
1.416422	0.000000
1.436950	0.000000
1.457478	0.000000
1.478006	0.000000
1.498534	0.000000
1.519062	0.000000
1.539589	0.000000
1.560117	0.000000
1.580645	0.000000
1.601173	0.000000
1.621701	0.000000
1.642229	0.000000
1.662757	0.000000
1.683284	0.000000
1.703812	0.000000
1.724340	0.000000
1.744868	0.000000
1.765396	0.000000
1.785924	0.000000
1.806452	0.000000
1.826979	0.000000
1.847507	0.000000
1.868035	0.000000
1.888563	0.000000
1.909091	0.000000
1.929619	0.000000
1.950147	0.000000
1.970674	0.000000
1.991202	0.000000
2.011730	0.000000
2.032258	0.000000
2.052786	0.000000
2.073314	0.594663
2.093842	1.189326
2.114370	1.783989
2.134897	2.378652
2.155425	2.973315
2.175953	3.567977
2.196481	4.162640
2.217009	4.757303
2.237537	5.351966
2.258065	5.946629
2.278592	14.613841
2.299120	23.281053
2.319648	31.948264
2.340176	40.615476
2.360704	49.282688
2.381232	57.949900
2.401760	66.617111
2.422287	75.284323
2.442815	83.951535
2.463343	92.618747
2.483871	93.356872
2.504399	94.094997
2.524927	94.833123
2.545455	95.571248
2.565982	96.309373
2.586510	97.047499
2.607038	97.785624
2.627566	98.523749
2.648094	99.261875
2.668622	100.000000
2.689150	96.193897
2.709677	92.387795
2.730205	88.581692
2.750733	84.775589
2.771261	80.969486
2.791789	77.163384
2.812317	73.357281
2.832845	69.551178
2.853372	65.745075
2.873900	61.938973
2.894428	58.299623
2.914956	54.660273
2.935484	51.020923
2.956012	47.381573
2.976540	43.742223
2.997067	40.102873
3.017595	36.463523
3.038123	32.824173
3.058651	29.184823
3.079179	25.545473
3.099707	24.568144
3.120235	23.590815
3.140762	22.613486
3.161290	21.636157
3.181818	20.658827
3.202346	19.681498
3.222874	18.704169
3.243402	17.726840
3.263930	16.749511
3.284457	15.772182
3.304985	15.470584
3.325513	15.168985
3.346041	14.867387
3.366569	14.565789
3.387097	14.264191
3.407625	13.962593
3.428152	13.660995
3.448680	13.359396
3.469208	13.057798
3.489736	12.756200
3.510264	11.994075
3.530792	11.231950
3.551320	10.469824
3.571848	9.707699
3.592375	8.945574
3.612903	8.183449
3.633431	7.421324
3.653959	6.659199
3.674487	5.897073
3.695015	5.134948
3.715543	4.803227
3.736070	4.471506
3.756598	4.139785
3.777126	3.808064
3.797654	3.476343
3.818182	3.144622
3.838710	2.812901
3.859238	2.481180
3.879765	2.149459
3.900293	1.817738
3.920821	1.793718
3.941349	1.769699
3.961877	1.745680
3.982405	1.721660
4.002933	1.697641
4.023460	1.673621
4.043988	1.649602
4.064516	1.625583
4.085044	1.601563
4.105572	1.577544
4.126100	1.539177
4.146628	1.500809
4.167155	1.462442
4.187683	1.424075
4.208211	1.385707
4.228739	1.347340
4.249267	1.308972
4.269795	1.270605
4.290323	1.232238
4.310850	1.193870
4.331378	1.128769
4.351906	1.063668
4.372434	0.998566
4.392962	0.933465
4.413490	0.868364
4.434018	0.803262
4.454545	0.738161
4.475073	0.673060
4.495601	0.607958
4.516129	0.542857
4.536657	0.539602
4.557185	0.536347
4.577713	0.533092
4.598240	0.529837
4.618768	0.526582
4.639296	0.523327
4.659824	0.520072
4.680352	0.516817
4.700880	0.513562
4.721408	0.510306
4.741935	0.547310
4.762463	0.584314
4.782991	0.621317
4.803519	0.658321
4.824047	0.695325
4.844575	0.732329
4.865103	0.769332
4.885630	0.806336
4.906158	0.843340
4.926686	0.880343
4.947214	0.926793
4.967742	0.973243
4.988270	1.019693
5.008798	1.066143
5.029326	1.112593
5.049853	1.159043
5.070381	1.205493
5.090909	1.251942
5.111437	1.298392
5.131965	1.344842
5.152493	1.321148
5.173021	1.297454
5.193548	1.273760
5.214076	1.250066
5.234604	1.226372
5.255132	1.202678
5.275660	1.178984
5.296188	1.155290
5.316716	1.131596
5.337243	1.107902
5.357771	1.125301
5.378299	1.142699
5.398827	1.160098
5.419355	1.177496
5.439883	1.194895
5.460411	1.212293
5.480938	1.229692
5.501466	1.247090
5.521994	1.264489
5.542522	1.281887
5.563050	1.197274
5.583578	1.112662
5.604106	1.028049
5.624633	0.943436
5.645161	0.858823
5.665689	0.774210
5.686217	0.689597
5.706745	0.604984
5.727273	0.520372
5.747801	0.435759
5.768328	0.427811
5.788856	0.419864
5.809384	0.411917
5.829912	0.403970
5.850440	0.396022
5.870968	0.388075
5.891496	0.380128
5.912023	0.372180
5.932551	0.364233
5.953079	0.356286
5.973607	0.348455
5.994135	0.340625
6.014663	0.332794
6.035191	0.324963
6.055718	0.317133
6.076246	0.309302
6.096774	0.301471
6.117302	0.293641
6.137830	0.285810
6.158358	0.277979
6.178886	0.277588
6.199413	0.277196
6.219941	0.276805
6.240469	0.276413
6.260997	0.276022
6.281525	0.275630
6.302053	0.275239
6.322581	0.274847
6.343109	0.274456
6.363636	0.274064
6.384164	0.266611
6.404692	0.259158
6.425220	0.251705
6.445748	0.244253
6.466276	0.236800
6.486804	0.229347
6.507331	0.221894
6.527859	0.214441
6.548387	0.206988
6.568915	0.199535
6.589443	0.195446
6.609971	0.191357
6.630499	0.187267
6.651026	0.183178
6.671554	0.179089
6.692082	0.175000
6.712610	0.170910
6.733138	0.166821
6.753666	0.162732
6.774194	0.158642
6.794721	0.214188
6.815249	0.269733
6.835777	0.325278
6.856305	0.380823
6.876833	0.436368
6.897361	0.491914
6.917889	0.547459
6.938416	0.603004
6.958944	0.658549
6.979472	0.714094
