0.000000	0.000000
0.020528	0.000000
0.041056	0.000000
0.061584	0.000000
0.082111	0.000000
0.102639	0.000000
0.123167	0.000000
0.143695	0.000000
0.164223	0.000000
0.184751	0.000000
0.205279	0.000000
0.225806	0.000000
0.246334	0.000000
0.266862	0.000000
0.287390	0.000000
0.307918	0.000000
0.328446	0.000000
0.348974	0.000000
0.369501	0.000000
0.390029	0.000000
0.410557	0.000000
0.431085	0.000000
0.451613	0.000000
0.472141	0.000000
0.492669	0.000000
0.513196	0.000000
0.533724	0.000000
0.554252	0.000000
0.574780	0.000000
0.595308	0.000000
0.615836	0.000000
0.636364	0.000000
0.656891	0.000000
0.677419	0.000000
0.697947	0.000000
0.718475	0.000000
0.739003	0.000000
0.759531	0.000000
0.780059	0.000000
0.800587	0.000000
0.821114	0.000000
0.841642	0.000000
0.862170	0.000000
0.882698	0.000000
0.903226	0.000000
0.923754	0.000000
0.944282	0.000000
0.964809	0.000000
0.985337	0.000000
1.005865	0.000000
1.026393	0.000000
1.046921	0.000000
1.067449	0.000000
1.087977	0.000000
1.108504	0.000000
1.129032	0.000000
1.149560	0.000000
1.170088	0.000000
1.190616	0.000000
1.211144	0.000000
1.231672	0.000000
1.252199	0.000000
1.272727	0.000000
1.293255	0.000000
1.313783	0.000000
1.334311	0.000000
1.354839	0.000000
1.375367	0.000000
1.395894	0.000000
1.416422	0.000000
1.436950	0.000000
1.457478	0.000000
1.478006	0.000000
1.498534	0.000000
1.519062	0.000000
1.539589	0.000000
1.560117	0.000000
1.580645	0.000000
1.601173	0.000000
1.621701	0.000000
1.642229	0.000000
1.662757	0.000000
1.683284	0.000000
1.703812	0.000000
1.724340	0.000000
1.744868	0.000000
1.765396	0.000000
1.785924	0.000000
1.806452	0.000000
1.826979	0.000000
1.847507	0.000000
1.868035	0.000000
1.888563	0.000000
1.909091	0.000000
1.929619	0.000000
1.950147	0.000000
1.970674	0.000000
1.991202	0.000000
2.011730	0.000000
2.032258	0.000000
2.052786	0.000000
2.073314	0.000000
2.093842	0.000000
2.114370	0.000000
2.134897	0.000000
2.155425	0.000000
2.175953	0.000000
2.196481	0.000000
2.217009	0.000000
2.237537	0.000000
2.258065	0.000000
2.278592	0.023700
2.299120	0.047400
2.319648	0.071100
2.340176	0.094800
2.360704	0.118500
2.381232	0.142199
2.401760	0.165899
2.422287	0.189599
2.442815	0.213299
2.463343	0.236999
2.483871	1.446879
2.504399	2.656759
2.524927	3.866639
2.545455	5.076520
2.565982	6.286400
2.586510	7.496280
2.607038	8.706160
2.627566	9.916040
2.648094	11.125920
2.668622	12.335800
2.689150	16.407503
2.709677	20.479206
2.730205	24.550909
2.750733	28.622612
2.771261	32.694315
2.791789	36.766018
2.812317	40.837721
2.832845	44.909423
2.853372	48.981126
2.873900	53.052829
2.894428	57.747546
2.914956	62.442263
2.935484	67.136980
2.956012	71.831697
2.976540	76.526415
2.997067	81.221132
3.017595	85.915849
3.038123	90.610566
3.058651	95.305283
3.079179	100.000000
3.099707	95.515492
3.120235	91.030985
3.140762	86.546477
3.161290	82.061969
3.181818	77.577462
3.202346	73.092954
3.222874	68.608446
3.243402	64.123939
3.263930	59.639431
3.284457	55.154923
3.304985	52.074859
3.325513	48.994796
3.346041	45.914732
3.366569	42.834668
3.387097	39.754604
3.407625	36.674540
3.428152	33.594476
3.448680	30.514412
3.469208	27.434348
3.489736	24.354284
3.510264	23.504096
3.530792	22.653909
3.551320	21.803721
3.571848	20.953533
3.592375	20.103345
3.612903	19.253157
3.633431	18.402969
3.653959	17.552781
3.674487	16.702593
3.695015	15.852405
3.715543	14.681188
3.736070	13.509971
3.756598	12.338753
3.777126	11.167536
3.797654	9.996319
3.818182	8.825101
3.838710	7.653884
3.859238	6.482667
3.879765	5.311449
3.900293	4.140232
3.920821	4.075746
3.941349	4.011260
3.961877	3.946774
3.982405	3.882288
4.002933	3.817803
4.023460	3.753317
4.043988	3.688831
4.064516	3.624345
4.085044	3.559859
4.105572	3.495373
4.126100	3.258113
4.146628	3.020852
4.167155	2.783591
4.187683	2.546330
4.208211	2.309069
4.228739	2.071808
4.249267	1.834547
4.269795	1.597287
4.290323	1.360026
4.310850	1.122765
4.331378	1.084239
4.351906	1.045714
4.372434	1.007189
4.392962	0.968663
4.413490	0.930138
4.434018	0.891612
4.454545	0.853087
4.475073	0.814561
4.495601	0.776036
4.516129	0.737511
4.536657	0.702997
4.557185	0.668483
4.577713	0.633970
4.598240	0.599456
4.618768	0.564942
4.639296	0.530429
4.659824	0.495915
4.680352	0.461401
4.700880	0.426888
4.721408	0.392374
4.741935	0.405461
4.762463	0.418548
4.782991	0.431634
4.803519	0.444721
4.824047	0.457808
4.844575	0.470895
4.865103	0.483981
4.885630	0.497068
4.906158	0.510155
4.926686	0.523242
4.947214	0.473534
4.967742	0.423826
4.988270	0.374118
5.008798	0.324410
5.029326	0.274702
5.049853	0.224994
5.070381	0.175286
5.090909	0.125578
5.111437	0.075870
5.131965	0.026162
5.152493	0.029602
5.173021	0.033041
5.193548	0.036481
5.214076	0.039920
5.234604	0.043360
5.255132	0.046800
5.275660	0.050239
5.296188	0.053679
5.316716	0.057118
5.337243	0.060558
5.357771	0.096280
5.378299	0.132002
5.398827	0.167723
5.419355	0.203445
5.439883	0.239167
5.460411	0.274889
5.480938	0.310611
5.501466	0.346333
5.521994	0.382054
5.542522	0.417776
5.563050	0.455112
5.583578	0.492448
5.604106	0.529784
5.624633	0.567120
5.645161	0.604456
5.665689	0.641792
5.686217	0.679128
5.706745	0.716464
5.727273	0.753800
5.747801	0.791136
5.768328	0.810777
5.788856	0.830419
5.809384	0.850061
5.829912	0.869703
5.850440	0.889344
5.870968	0.908986
5.891496	0.928628
5.912023	0.948270
5.932551	0.967911
5.953079	0.987553
5.973607	0.973723
5.994135	0.959892
6.014663	0.946062
6.035191	0.932232
6.055718	0.918401
6.076246	0.904571
6.096774	0.890740
6.117302	0.876910
6.137830	0.863080
6.158358	0.849249
6.178886	0.854483
6.199413	0.859716
6.219941	0.864950
6.240469	0.870183
6.260997	0.875417
6.281525	0.880650
6.302053	0.885884
6.322581	0.891117
6.343109	0.896351
6.363636	0.901584
6.384164	0.827783
6.404692	0.753983
6.425220	0.680182
6.445748	0.606382
6.466276	0.532581
6.486804	0.458781
6.507331	0.384980
6.527859	0.311180
6.548387	0.237379
6.568915	0.163579
6.589443	0.151001
6.609971	0.138424
6.630499	0.125846
6.651026	0.113269
6.671554	0.100691
6.692082	0.088114
6.712610	0.075536
6.733138	0.062959
6.753666	0.050381
6.774194	0.037804
6.794721	0.051987
6.815249	0.066171
6.835777	0.080355
6.856305	0.094538
6.876833	0.108722
6.897361	0.122905
6.917889	0.137089
6.938416	0.151272
6.958944	0.165456
6.979472	0.179639
