0.000000	0.000000
0.020528	0.000000
0.041056	0.000000
0.061584	0.000000
0.082111	0.000000
0.102639	0.000000
0.123167	0.000000
0.143695	0.000000
0.164223	0.000000
0.184751	0.000000
0.205279	0.000000
0.225806	0.000000
0.246334	0.000000
0.266862	0.000000
0.287390	0.000000
0.307918	0.000000
0.328446	0.000000
0.348974	0.000000
0.369501	0.000000
0.390029	0.000000
0.410557	0.000000
0.431085	0.000000
0.451613	0.000000
0.472141	0.000000
0.492669	0.000000
0.513196	0.000000
0.533724	0.000000
0.554252	0.000000
0.574780	0.000000
0.595308	0.000000
0.615836	0.000000
0.636364	0.000000
0.656891	0.000000
0.677419	0.000000
0.697947	0.000000
0.718475	0.000000
0.739003	0.000000
0.759531	0.000000
0.780059	0.000000
0.800587	0.000000
0.821114	0.000000
0.841642	0.000000
0.862170	0.000000
0.882698	0.000000
0.903226	0.000000
0.923754	0.000000
0.944282	0.000000
0.964809	0.000000
0.985337	0.000000
1.005865	0.000000
1.026393	0.000000
1.046921	0.000000
1.067449	0.000000
1.087977	0.000000
1.108504	0.000000
1.129032	0.000000
1.149560	0.000000
1.170088	0.000000
1.190616	0.000000
1.211144	0.000000
1.231672	0.000000
1.252199	0.016225
1.272727	0.032449
1.293255	0.048674
1.313783	0.064899
1.334311	0.081124
1.354839	0.097348
1.375367	0.113573
1.395894	0.129798
1.416422	0.146023
1.436950	0.162247
1.457478	0.146834
1.478006	0.131420
1.498534	0.116007
1.519062	0.100593
1.539589	0.085180
1.560117	0.069766
1.580645	0.054353
1.601173	0.038939
1.621701	0.023526
1.642229	0.008112
1.662757	0.023566
1.683284	0.039020
1.703812	0.054475
1.724340	0.069929
1.744868	0.085383
1.765396	0.100837
1.785924	0.116291
1.806452	0.131745
1.826979	0.147199
1.847507	0.162653
1.868035	0.155313
1.888563	0.147974
1.909091	0.140634
1.929619	0.133294
1.950147	0.125955
1.970674	0.118615
1.991202	0.111275
2.011730	0.103936
2.032258	0.096596
2.052786	0.089256
2.073314	0.080777
2.093842	0.072298
2.114370	0.063818
2.134897	0.055339
2.155425	0.046860
2.175953	0.038380
2.196481	0.029901
2.217009	0.021422
2.237537	0.012942
2.258065	0.004463
2.278592	0.004039
2.299120	0.003615
2.319648	0.003191
2.340176	0.002767
2.360704	0.002343
2.381232	0.001919
2.401760	0.001495
2.422287	0.001071
2.442815	0.000647
2.463343	0.000223
2.483871	0.967602
2.504399	1.934981
2.524927	2.902359
2.545455	3.869738
2.565982	4.837117
2.586510	5.804496
2.607038	6.771874
2.627566	7.739253
2.648094	8.706632
2.668622	9.674011
2.689150	13.766395
2.709677	17.858780
2.730205	21.951164
2.750733	26.043549
2.771261	30.135934
2.791789	34.228318
2.812317	38.320703
2.832845	42.413088
2.853372	46.505472
2.873900	50.597857
2.894428	55.538071
2.914956	60.478285
2.935484	65.418500
2.956012	70.358714
2.976540	75.298928
2.997067	80.239143
3.017595	85.179357
3.038123	90.119571
3.058651	95.059786
3.079179	100.000000
3.099707	93.671936
3.120235	87.343872
3.140762	81.015808
3.161290	74.687744
3.181818	68.359680
3.202346	62.031616
3.222874	55.703553
3.243402	49.375489
3.263930	43.047425
3.284457	36.719361
3.304985	34.750062
3.325513	32.780764
3.346041	30.811466
3.366569	28.842168
3.387097	26.872869
3.407625	24.903571
3.428152	22.934273
3.448680	20.964975
3.469208	18.995676
3.489736	17.026378
3.510264	16.382356
3.530792	15.738335
3.551320	15.094313
3.571848	14.450291
3.592375	13.806270
3.612903	13.162248
3.633431	12.518226
3.653959	11.874204
3.674487	11.230183
3.695015	10.586161
3.715543	9.870493
3.736070	9.154825
3.756598	8.439157
3.777126	7.723489
3.797654	7.007820
3.818182	6.292152
3.838710	5.576484
3.859238	4.860816
3.879765	4.145148
3.900293	3.429480
3.920821	3.318657
3.941349	3.207834
3.961877	3.097011
3.982405	2.986189
4.002933	2.875366
4.023460	2.764543
4.043988	2.653720
4.064516	2.542897
4.085044	2.432074
4.105572	2.321252
4.126100	2.212278
4.146628	2.103304
4.167155	1.994330
4.187683	1.885356
4.208211	1.776382
4.228739	1.667409
4.249267	1.558435
4.269795	1.449461
4.290323	1.340487
4.310850	1.231513
4.331378	1.122632
4.351906	1.013750
4.372434	0.904869
4.392962	0.795988
4.413490	0.687106
4.434018	0.578225
4.454545	0.469344
4.475073	0.360462
4.495601	0.251581
4.516129	0.142699
4.536657	0.129143
4.557185	0.115586
4.577713	0.102030
4.598240	0.088474
4.618768	0.074917
4.639296	0.061361
4.659824	0.047804
4.680352	0.034248
4.700880	0.020691
4.721408	0.007135
4.741935	0.014570
4.762463	0.022004
4.782991	0.029439
4.803519	0.036873
4.824047	0.044308
4.844575	0.051742
4.865103	0.059177
4.885630	0.066611
4.906158	0.074046
4.926686	0.081480
4.947214	0.077796
4.967742	0.074112
4.988270	0.070427
5.008798	0.066743
5.029326	0.063058
5.049853	0.059374
5.070381	0.055689
5.090909	0.052005
5.111437	0.048320
5.131965	0.044636
5.152493	0.054592
5.173021	0.064548
5.193548	0.074505
5.214076	0.084461
5.234604	0.094417
5.255132	0.104373
5.275660	0.114330
5.296188	0.124286
5.316716	0.134242
5.337243	0.144198
5.357771	0.181202
5.378299	0.218205
5.398827	0.255209
5.419355	0.292212
5.439883	0.329216
5.460411	0.366219
5.480938	0.403223
5.501466	0.440226
5.521994	0.477229
5.542522	0.514233
5.563050	0.524195
5.583578	0.534158
5.604106	0.544121
5.624633	0.554083
5.645161	0.564046
5.665689	0.574008
5.686217	0.583971
5.706745	0.593933
5.727273	0.603896
5.747801	0.613858
5.768328	0.573795
5.788856	0.533731
5.809384	0.493667
5.829912	0.453604
5.850440	0.413540
5.870968	0.373476
5.891496	0.333412
5.912023	0.293349
5.932551	0.253285
5.953079	0.213221
5.973607	0.263948
5.994135	0.314676
6.014663	0.365403
6.035191	0.416130
6.055718	0.466857
6.076246	0.517584
6.096774	0.568312
6.117302	0.619039
6.137830	0.669766
6.158358	0.720493
6.178886	0.666243
6.199413	0.611993
6.219941	0.557743
6.240469	0.503492
6.260997	0.449242
6.281525	0.394992
6.302053	0.340742
6.322581	0.286492
6.343109	0.232241
6.363636	0.177991
6.384164	0.177307
6.404692	0.176622
6.425220	0.175938
6.445748	0.175253
6.466276	0.174569
6.486804	0.173885
6.507331	0.173200
6.527859	0.172516
6.548387	0.171831
6.568915	0.171147
6.589443	0.158944
6.609971	0.146741
6.630499	0.134539
6.651026	0.122336
6.671554	0.110133
6.692082	0.097930
6.712610	0.085728
6.733138	0.073525
6.753666	0.061322
6.774194	0.049119
6.794721	0.046481
6.815249	0.043843
6.835777	0.041204
6.856305	0.038566
6.876833	0.035928
6.897361	0.033290
6.917889	0.030652
6.938416	0.028013
6.958944	0.025375
6.979472	0.022737
