0.000000	0.000000
0.020528	0.000000
0.041056	0.000000
0.061584	0.000000
0.082111	0.000000
0.102639	0.000000
0.123167	0.000000
0.143695	0.000000
0.164223	0.000000
0.184751	0.000000
0.205279	0.000000
0.225806	0.000000
0.246334	0.000000
0.266862	0.000000
0.287390	0.000000
0.307918	0.000000
0.328446	0.000000
0.348974	0.000000
0.369501	0.000000
0.390029	0.000000
0.410557	0.000000
0.431085	0.000000
0.451613	0.000000
0.472141	0.000000
0.492669	0.000000
0.513196	0.000000
0.533724	0.000000
0.554252	0.000000
0.574780	0.000000
0.595308	0.000000
0.615836	0.000000
0.636364	0.000000
0.656891	0.000000
0.677419	0.000000
0.697947	0.000000
0.718475	0.000000
0.739003	0.000000
0.759531	0.000000
0.780059	0.000000
0.800587	0.000000
0.821114	0.000000
0.841642	0.000000
0.862170	0.000000
0.882698	0.000000
0.903226	0.000000
0.923754	0.000000
0.944282	0.000000
0.964809	0.000000
0.985337	0.000000
1.005865	0.000000
1.026393	0.000000
1.046921	0.000000
1.067449	0.000000
1.087977	0.000000
1.108504	0.000000
1.129032	0.000000
1.149560	0.000000
1.170088	0.000000
1.190616	0.000000
1.211144	0.000000
1.231672	0.000000
1.252199	0.000000
1.272727	0.000000
1.293255	0.000000
1.313783	0.000000
1.334311	0.000000
1.354839	0.000000
1.375367	0.000000
1.395894	0.000000
1.416422	0.000000
1.436950	0.000000
1.457478	0.000000
1.478006	0.000000
1.498534	0.000000
1.519062	0.000000
1.539589	0.000000
1.560117	0.000000
1.580645	0.000000
1.601173	0.000000
1.621701	0.000000
1.642229	0.000000
1.662757	0.000000
1.683284	0.000000
1.703812	0.000000
1.724340	0.000000
1.744868	0.000000
1.765396	0.000000
1.785924	0.000000
1.806452	0.000000
1.826979	0.000000
1.847507	0.000000
1.868035	0.000000
1.888563	0.000000
1.909091	0.000000
1.929619	0.000000
1.950147	0.000000
1.970674	0.000000
1.991202	0.000000
2.011730	0.000000
2.032258	0.000000
2.052786	0.000000
2.073314	0.000000
2.093842	0.000000
2.114370	0.000000
2.134897	0.000000
2.155425	0.000000
2.175953	0.000000
2.196481	0.000000
2.217009	0.000000
2.237537	0.000000
2.258065	0.000000
2.278592	0.000000
2.299120	0.000000
2.319648	0.000000
2.340176	0.000000
2.360704	0.000000
2.381232	0.000000
2.401760	0.000000
2.422287	0.000000
2.442815	0.000000
2.463343	0.000000
2.483871	0.000000
2.504399	0.000000
2.524927	0.000000
2.545455	0.000000
2.565982	0.000000
2.586510	0.000000
2.607038	0.000000
2.627566	0.000000
2.648094	0.000000
2.668622	0.000000
2.689150	0.872384
2.709677	1.744768
2.730205	2.617151
2.750733	3.489535
2.771261	4.361919
2.791789	5.234303
2.812317	6.106687
2.832845	6.979070
2.853372	7.851454
2.873900	8.723838
2.894428	16.027295
2.914956	23.330751
2.935484	30.634208
2.956012	37.937665
2.976540	45.241121
2.997067	52.544578
3.017595	59.848035
3.038123	67.151491
3.058651	74.454948
3.079179	81.758405
3.099707	83.582564
3.120235	85.406724
3.140762	87.230883
3.161290	89.055043
3.181818	90.879202
3.202346	92.703362
3.222874	94.527521
3.243402	96.351681
3.263930	98.175840
3.284457	100.000000
3.304985	94.320439
3.325513	88.640879
3.346041	82.961318
3.366569	77.281757
3.387097	71.602197
3.407625	65.922636
3.428152	60.243075
3.448680	54.563515
3.469208	48.883954
3.489736	43.204394
3.510264	41.120497
3.530792	39.036601
3.551320	36.952705
3.571848	34.868808
3.592375	32.784912
3.612903	30.701016
3.633431	28.617119
3.653959	26.533223
3.674487	24.449327
3.695015	22.365430
3.715543	21.438989
3.736070	20.512547
3.756598	19.586106
3.777126	18.659664
3.797654	17.733222
3.818182	16.806781
3.838710	15.880339
3.859238	14.953898
3.879765	14.027456
3.900293	13.101014
3.920821	12.041925
3.941349	10.982835
3.961877	9.923746
3.982405	8.864656
4.002933	7.805567
4.023460	6.746478
4.043988	5.687388
4.064516	4.628299
4.085044	3.569209
4.105572	2.510120
4.126100	2.457165
4.146628	2.404211
4.167155	2.351256
4.187683	2.298302
4.208211	2.245347
4.228739	2.192393
4.249267	2.139438
4.269795	2.086484
4.290323	2.033529
4.310850	1.980575
4.331378	1.947845
4.351906	1.915115
4.372434	1.882385
4.392962	1.849655
4.413490	1.816925
4.434018	1.784195
4.454545	1.751465
4.475073	1.718736
4.495601	1.686006
4.516129	1.653276
4.536657	1.596489
4.557185	1.539701
4.577713	1.482914
4.598240	1.426127
4.618768	1.369340
4.639296	1.312553
4.659824	1.255765
4.680352	1.198978
4.700880	1.142191
4.721408	1.085404
4.741935	0.982290
4.762463	0.879177
4.782991	0.776064
4.803519	0.672950
4.824047	0.569837
4.844575	0.466724
4.865103	0.363610
4.885630	0.260497
4.906158	0.157384
4.926686	0.054270
4.947214	0.049115
4.967742	0.043959
4.988270	0.038803
5.008798	0.033648
5.029326	0.028492
5.049853	0.023336
5.070381	0.018181
5.090909	0.013025
5.111437	0.007869
5.131965	0.002714
5.152493	0.002456
5.173021	0.002198
5.193548	0.001940
5.214076	0.001682
5.234604	0.001425
5.255132	0.001167
5.275660	0.000909
5.296188	0.000651
5.316716	0.000393
5.337243	0.000136
5.357771	0.000123
5.378299	0.000110
5.398827	0.000097
5.419355	0.000084
5.439883	0.000071
5.460411	0.000058
5.480938	0.000045
5.501466	0.000033
5.521994	0.000020
5.542522	0.000007
5.563050	0.065184
5.583578	0.130362
5.604106	0.195539
5.624633	0.260717
5.645161	0.325894
5.665689	0.391072
5.686217	0.456249
5.706745	0.521426
5.727273	0.586604
5.747801	0.651781
5.768328	0.755314
5.788856	0.858847
5.809384	0.962380
5.829912	1.065913
5.850440	1.169446
5.870968	1.272979
5.891496	1.376511
5.912023	1.480044
5.932551	1.583577
5.953079	1.687110
5.973607	1.727383
5.994135	1.767655
6.014663	1.807928
6.035191	1.848200
6.055718	1.888473
6.076246	1.928745
6.096774	1.969018
6.117302	2.009290
6.137830	2.049563
6.158358	2.089835
6.178886	2.006616
6.199413	1.923397
6.219941	1.840178
6.240469	1.756958
6.260997	1.673739
6.281525	1.590520
6.302053	1.507301
6.322581	1.424081
6.343109	1.340862
6.363636	1.257643
6.384164	1.193317
6.404692	1.128992
6.425220	1.064667
6.445748	1.000341
6.466276	0.936016
6.486804	0.871691
6.507331	0.807365
6.527859	0.743040
6.548387	0.678714
6.568915	0.614389
6.589443	0.576077
6.609971	0.537765
6.630499	0.499453
6.651026	0.461140
6.671554	0.422828
6.692082	0.384516
6.712610	0.346204
6.733138	0.307892
6.753666	0.269580
6.774194	0.231267
6.794721	0.214311
6.815249	0.197354
6.835777	0.180397
6.856305	0.163441
6.876833	0.146484
6.897361	0.129527
6.917889	0.112570
6.938416	0.095614
6.958944	0.078657
6.979472	0.061700
