0.000000	0.000000
0.020528	0.000000
0.041056	0.000000
0.061584	0.000000
0.082111	0.000000
0.102639	0.000000
0.123167	0.000000
0.143695	0.000000
0.164223	0.000000
0.184751	0.000000
0.205279	0.000000
0.225806	0.000000
0.246334	0.000000
0.266862	0.000000
0.287390	0.000000
0.307918	0.000000
0.328446	0.000000
0.348974	0.000000
0.369501	0.000000
0.390029	0.000000
0.410557	0.000000
0.431085	0.000000
0.451613	0.000000
0.472141	0.000000
0.492669	0.000000
0.513196	0.000000
0.533724	0.000000
0.554252	0.000000
0.574780	0.000000
0.595308	0.000000
0.615836	0.000000
0.636364	0.000000
0.656891	0.000000
0.677419	0.000000
0.697947	0.000000
0.718475	0.000000
0.739003	0.000000
0.759531	0.000000
0.780059	0.000000
0.800587	0.000000
0.821114	0.000000
0.841642	0.000000
0.862170	0.000000
0.882698	0.000000
0.903226	0.000000
0.923754	0.000000
0.944282	0.000000
0.964809	0.000000
0.985337	0.000000
1.005865	0.000000
1.026393	0.000000
1.046921	0.000000
1.067449	0.000000
1.087977	0.000000
1.108504	0.000000
1.129032	0.000000
1.149560	0.000000
1.170088	0.000000
1.190616	0.000000
1.211144	0.000000
1.231672	0.000000
1.252199	0.000000
1.272727	0.000000
1.293255	0.000000
1.313783	0.000000
1.334311	0.000000
1.354839	0.000000
1.375367	0.000000
1.395894	0.000000
1.416422	0.000000
1.436950	0.000000
1.457478	0.000000
1.478006	0.000000
1.498534	0.000000
1.519062	0.000000
1.539589	0.000000
1.560117	0.000000
1.580645	0.000000
1.601173	0.000000
1.621701	0.000000
1.642229	0.000000
1.662757	0.000000
1.683284	0.000000
1.703812	0.000000
1.724340	0.000000
1.744868	0.000000
1.765396	0.000000
1.785924	0.000000
1.806452	0.000000
1.826979	0.000000
1.847507	0.000000
1.868035	0.000000
1.888563	0.000000
1.909091	0.000000
1.929619	0.000000
1.950147	0.000000
1.970674	0.000000
1.991202	0.000000
2.011730	0.000000
2.032258	0.000000
2.052786	0.000000
2.073314	0.000000
2.093842	0.000000
2.114370	0.000000
2.134897	0.000000
2.155425	0.000000
2.175953	0.000000
2.196481	0.000000
2.217009	0.000000
2.237537	0.000000
2.258065	0.000000
2.278592	0.000000
2.299120	0.000000
2.319648	0.000000
2.340176	0.000000
2.360704	0.000000
2.381232	0.000000
2.401760	0.000000
2.422287	0.000000
2.442815	0.000000
2.463343	0.000000
2.483871	0.000000
2.504399	0.000000
2.524927	0.000000
2.545455	0.000000
2.565982	0.000000
2.586510	0.000000
2.607038	0.000000
2.627566	0.000000
2.648094	0.000000
2.668622	0.000000
2.689150	0.000000
2.709677	0.000000
2.730205	0.000000
2.750733	0.000000
2.771261	0.000000
2.791789	0.000000
2.812317	0.000000
2.832845	0.000000
2.853372	0.000000
2.873900	0.000000
2.894428	2.218223
2.914956	4.436447
2.935484	6.654670
2.956012	8.872894
2.976540	11.091117
2.997067	13.309340
3.017595	15.527564
3.038123	17.745787
3.058651	19.964010
3.079179	22.182234
3.099707	28.472482
3.120235	34.762729
3.140762	41.052977
3.161290	47.343225
3.181818	53.633473
3.202346	59.923720
3.222874	66.213968
3.243402	72.504216
3.263930	78.794463
3.284457	85.084711
3.304985	86.576240
3.325513	88.067769
3.346041	89.559298
3.366569	91.050827
3.387097	92.542356
3.407625	94.033884
3.428152	95.525413
3.448680	97.016942
3.469208	98.508471
3.489736	100.000000
3.510264	94.545994
3.530792	89.091988
3.551320	83.637983
3.571848	78.183977
3.592375	72.729971
3.612903	67.275965
3.633431	61.821959
3.653959	56.367953
3.674487	50.913948
3.695015	45.459942
3.715543	43.795193
3.736070	42.130445
3.756598	40.465696
3.777126	38.800947
3.797654	37.136199
3.818182	35.471450
3.838710	33.806701
3.859238	32.141953
3.879765	30.477204
3.900293	28.812455
3.920821	26.890130
3.941349	24.967804
3.961877	23.045478
3.982405	21.123153
4.002933	19.200827
4.023460	17.278501
4.043988	15.356176
4.064516	13.433850
4.085044	11.511524
4.105572	9.589198
4.126100	9.040384
4.146628	8.491569
4.167155	7.942754
4.187683	7.393939
4.208211	6.845124
4.228739	6.296309
4.249267	5.747494
4.269795	5.198679
4.290323	4.649864
4.310850	4.101049
4.331378	3.892529
4.351906	3.684009
4.372434	3.475489
4.392962	3.266968
4.413490	3.058448
4.434018	2.849928
4.454545	2.641408
4.475073	2.432887
4.495601	2.224367
4.516129	2.015847
4.536657	1.880929
4.557185	1.746011
4.577713	1.611093
4.598240	1.476174
4.618768	1.341256
4.639296	1.206338
4.659824	1.071420
4.680352	0.936502
4.700880	0.801584
4.721408	0.666666
4.741935	0.603332
4.762463	0.539999
4.782991	0.476666
4.803519	0.413333
4.824047	0.349999
4.844575	0.286666
4.865103	0.223333
4.885630	0.160000
4.906158	0.096667
4.926686	0.033333
4.947214	0.030167
4.967742	0.027000
4.988270	0.023833
5.008798	0.020667
5.029326	0.017500
5.049853	0.014333
5.070381	0.011167
5.090909	0.008000
5.111437	0.004833
5.131965	0.001667
5.152493	0.001508
5.173021	0.001350
5.193548	0.001192
5.214076	0.001033
5.234604	0.000875
5.255132	0.000717
5.275660	0.000558
5.296188	0.000400
5.316716	0.000242
5.337243	0.000083
5.357771	0.000075
5.378299	0.000067
5.398827	0.000060
5.419355	0.000052
5.439883	0.000044
5.460411	0.000036
5.480938	0.000028
5.501466	0.000020
5.521994	0.000012
5.542522	0.000004
5.563050	0.000004
5.583578	0.000003
5.604106	0.000003
5.624633	0.000003
5.645161	0.000002
5.665689	0.000002
5.686217	0.000001
5.706745	0.000001
5.727273	0.000001
5.747801	0.000000
5.768328	0.011318
5.788856	0.022635
5.809384	0.033953
5.829912	0.045270
5.850440	0.056587
5.870968	0.067905
5.891496	0.079222
5.912023	0.090540
5.932551	0.101857
5.953079	0.113175
5.973607	0.175987
5.994135	0.238799
6.014663	0.301610
6.035191	0.364422
6.055718	0.427234
6.076246	0.490046
6.096774	0.552858
6.117302	0.615670
6.137830	0.678482
6.158358	0.741294
6.178886	0.840633
6.199413	0.939972
6.219941	1.039311
6.240469	1.138650
6.260997	1.237989
6.281525	1.337328
6.302053	1.436667
6.322581	1.536007
6.343109	1.635346
6.363636	1.734685
6.384164	1.666088
6.404692	1.597491
6.425220	1.528895
6.445748	1.460298
6.466276	1.391702
6.486804	1.323105
6.507331	1.254509
6.527859	1.185912
6.548387	1.117315
6.568915	1.048719
6.589443	1.090559
6.609971	1.132399
6.630499	1.174239
6.651026	1.216079
6.671554	1.257919
6.692082	1.299759
6.712610	1.341599
6.733138	1.383439
6.753666	1.425279
6.774194	1.467119
6.794721	1.327743
6.815249	1.188367
6.835777	1.048990
6.856305	0.909614
6.876833	0.770238
6.897361	0.630861
6.917889	0.491485
6.938416	0.352109
6.958944	0.212732
6.979472	0.073356
