0.000000	0.000000
0.020528	0.000000
0.041056	0.000000
0.061584	0.000000
0.082111	0.000000
0.102639	0.000000
0.123167	0.000000
0.143695	0.000000
0.164223	0.000000
0.184751	0.000000
0.205279	0.000000
0.225806	0.000000
0.246334	0.000000
0.266862	0.000000
0.287390	0.000000
0.307918	0.000000
0.328446	0.000000
0.348974	0.000000
0.369501	0.000000
0.390029	0.000000
0.410557	0.000000
0.431085	0.000000
0.451613	0.000000
0.472141	0.000000
0.492669	0.000000
0.513196	0.000000
0.533724	0.000000
0.554252	0.000000
0.574780	0.000000
0.595308	0.000000
0.615836	0.000000
0.636364	0.000000
0.656891	0.000000
0.677419	0.000000
0.697947	0.000000
0.718475	0.000000
0.739003	0.000000
0.759531	0.000000
0.780059	0.000000
0.800587	0.000000
0.821114	0.000000
0.841642	0.000000
0.862170	0.000000
0.882698	0.000000
0.903226	0.000000
0.923754	0.000000
0.944282	0.000000
0.964809	0.000000
0.985337	0.000000
1.005865	0.000000
1.026393	0.000000
1.046921	0.000000
1.067449	0.000000
1.087977	0.000000
1.108504	0.000000
1.129032	0.000000
1.149560	0.000000
1.170088	0.000000
1.190616	0.000000
1.211144	0.000000
1.231672	0.000000
1.252199	0.000000
1.272727	0.000000
1.293255	0.000000
1.313783	0.000000
1.334311	0.000000
1.354839	0.000000
1.375367	0.000000
1.395894	0.000000
1.416422	0.000000
1.436950	0.000000
1.457478	0.000000
1.478006	0.000000
1.498534	0.000000
1.519062	0.000000
1.539589	0.000000
1.560117	0.000000
1.580645	0.000000
1.601173	0.000000
1.621701	0.000000
1.642229	0.000000
1.662757	0.000000
1.683284	0.000000
1.703812	0.000000
1.724340	0.000000
1.744868	0.000000
1.765396	0.000000
1.785924	0.000000
1.806452	0.000000
1.826979	0.000000
1.847507	0.000000
1.868035	0.000000
1.888563	0.000000
1.909091	0.000000
1.929619	0.000000
1.950147	0.000000
1.970674	0.000000
1.991202	0.000000
2.011730	0.000000
2.032258	0.000000
2.052786	0.000000
2.073314	0.000000
2.093842	0.000000
2.114370	0.000000
2.134897	0.000000
2.155425	0.000000
2.175953	0.000000
2.196481	0.000000
2.217009	0.000000
2.237537	0.000000
2.258065	0.000000
2.278592	0.000000
2.299120	0.000000
2.319648	0.000000
2.340176	0.000000
2.360704	0.000000
2.381232	0.000000
2.401760	0.000000
2.422287	0.000000
2.442815	0.000000
2.463343	0.000000
2.483871	0.000000
2.504399	0.000000
2.524927	0.000000
2.545455	0.000000
2.565982	0.000000
2.586510	0.000000
2.607038	0.000000
2.627566	0.000000
2.648094	0.000000
2.668622	0.000000
2.689150	0.394839
2.709677	0.789677
2.730205	1.184516
2.750733	1.579354
2.771261	1.974193
2.791789	2.369031
2.812317	2.763870
2.832845	3.158709
2.853372	3.553547
2.873900	3.948386
2.894428	8.547159
2.914956	13.145931
2.935484	17.744704
2.956012	22.343477
2.976540	26.942249
2.997067	31.541022
3.017595	36.139795
3.038123	40.738568
3.058651	45.337340
3.079179	49.936113
3.099707	54.942502
3.120235	59.948890
3.140762	64.955279
3.161290	69.961668
3.181818	74.968056
3.202346	79.974445
3.222874	84.980834
3.243402	89.987223
3.263930	94.993611
3.284457	100.000000
3.304985	94.459354
3.325513	88.918707
3.346041	83.378061
3.366569	77.837414
3.387097	72.296768
3.407625	66.756121
3.428152	61.215475
3.448680	55.674828
3.469208	50.134182
3.489736	44.593536
3.510264	43.570697
3.530792	42.547859
3.551320	41.525020
3.571848	40.502181
3.592375	39.479343
3.612903	38.456504
3.633431	37.433666
3.653959	36.410827
3.674487	35.387989
3.695015	34.365150
3.715543	32.679815
3.736070	30.994480
3.756598	29.309145
3.777126	27.623810
3.797654	25.938476
3.818182	24.253141
3.838710	22.567806
3.859238	20.882471
3.879765	19.197136
3.900293	17.511801
3.920821	16.385599
3.941349	15.259397
3.961877	14.133195
3.982405	13.006993
4.002933	11.880791
4.023460	10.754589
4.043988	9.628388
4.064516	8.502186
4.085044	7.375984
4.105572	6.249782
4.126100	5.930246
4.146628	5.610710
4.167155	5.291174
4.187683	4.971639
4.208211	4.652103
4.228739	4.332567
4.249267	4.013031
4.269795	3.693495
4.290323	3.373960
4.310850	3.054424
4.331378	2.934253
4.351906	2.814083
4.372434	2.693913
4.392962	2.573742
4.413490	2.453572
4.434018	2.333402
4.454545	2.213232
4.475073	2.093061
4.495601	1.972891
4.516129	1.852721
4.536657	1.698648
4.557185	1.544575
4.577713	1.390502
4.598240	1.236429
4.618768	1.082356
4.639296	0.928283
4.659824	0.774210
4.680352	0.620137
4.700880	0.466064
4.721408	0.311991
4.741935	0.353642
4.762463	0.395293
4.782991	0.436944
4.803519	0.478595
4.824047	0.520247
4.844575	0.561898
4.865103	0.603549
4.885630	0.645200
4.906158	0.686851
4.926686	0.728503
4.947214	0.670263
4.967742	0.612023
4.988270	0.553783
5.008798	0.495543
5.029326	0.437303
5.049853	0.379063
5.070381	0.320823
5.090909	0.262583
5.111437	0.204343
5.131965	0.146103
5.152493	0.132223
5.173021	0.118343
5.193548	0.104463
5.214076	0.090584
5.234604	0.076704
5.255132	0.062824
5.275660	0.048944
5.296188	0.035065
5.316716	0.021185
5.337243	0.007305
5.357771	0.006611
5.378299	0.005917
5.398827	0.005223
5.419355	0.004529
5.439883	0.003835
5.460411	0.003141
5.480938	0.002447
5.501466	0.001753
5.521994	0.001059
5.542522	0.000365
5.563050	0.038718
5.583578	0.077070
5.604106	0.115422
5.624633	0.153775
5.645161	0.192127
5.665689	0.230480
5.686217	0.268832
5.706745	0.307184
5.727273	0.345537
5.747801	0.383889
5.768328	0.446129
5.788856	0.508369
5.809384	0.570610
5.829912	0.632850
5.850440	0.695090
5.870968	0.757330
5.891496	0.819570
5.912023	0.881811
5.932551	0.944051
5.953079	1.006291
5.973607	1.080693
5.994135	1.155096
6.014663	1.229498
6.035191	1.303900
6.055718	1.378302
6.076246	1.452705
6.096774	1.527107
6.117302	1.601509
6.137830	1.675912
6.158358	1.750314
6.178886	1.688228
6.199413	1.626141
6.219941	1.564055
6.240469	1.501969
6.260997	1.439882
6.281525	1.377796
6.302053	1.315710
6.322581	1.253623
6.343109	1.191537
6.363636	1.129451
6.384164	1.115379
6.404692	1.101307
6.425220	1.087235
6.445748	1.073163
6.466276	1.059091
6.486804	1.045019
6.507331	1.030946
6.527859	1.016874
6.548387	1.002802
6.568915	0.988730
6.589443	0.911253
6.609971	0.833775
6.630499	0.756297
6.651026	0.678819
6.671554	0.601341
6.692082	0.523864
6.712610	0.446386
6.733138	0.368908
6.753666	0.291430
6.774194	0.213953
6.794721	0.193627
6.815249	0.173302
6.835777	0.152976
6.856305	0.132651
6.876833	0.112325
6.897361	0.092000
6.917889	0.071674
6.938416	0.051349
6.958944	0.031023
6.979472	0.010698
