0.000000	0.000000
0.020528	0.000000
0.041056	0.000000
0.061584	0.000000
0.082111	0.000000
0.102639	0.000000
0.123167	0.000000
0.143695	0.000000
0.164223	0.000000
0.184751	0.000000
0.205279	0.000000
0.225806	0.000000
0.246334	0.000000
0.266862	0.000000
0.287390	0.000000
0.307918	0.000000
0.328446	0.000000
0.348974	0.000000
0.369501	0.000000
0.390029	0.000000
0.410557	0.000000
0.431085	0.000000
0.451613	0.000000
0.472141	0.000000
0.492669	0.000000
0.513196	0.000000
0.533724	0.000000
0.554252	0.000000
0.574780	0.000000
0.595308	0.000000
0.615836	0.000000
0.636364	0.000000
0.656891	0.000000
0.677419	0.000000
0.697947	0.000000
0.718475	0.000000
0.739003	0.000000
0.759531	0.000000
0.780059	0.000000
0.800587	0.000000
0.821114	0.000000
0.841642	0.000000
0.862170	0.000000
0.882698	0.000000
0.903226	0.000000
0.923754	0.000000
0.944282	0.000000
0.964809	0.000000
0.985337	0.000000
1.005865	0.000000
1.026393	0.000000
1.046921	0.000000
1.067449	0.000000
1.087977	0.000000
1.108504	0.000000
1.129032	0.000000
1.149560	0.000000
1.170088	0.000000
1.190616	0.000000
1.211144	0.000000
1.231672	0.000000
1.252199	0.000000
1.272727	0.000000
1.293255	0.000000
1.313783	0.000000
1.334311	0.000000
1.354839	0.000000
1.375367	0.000000
1.395894	0.000000
1.416422	0.000000
1.436950	0.000000
1.457478	0.000000
1.478006	0.000000
1.498534	0.000000
1.519062	0.000000
1.539589	0.000000
1.560117	0.000000
1.580645	0.000000
1.601173	0.000000
1.621701	0.000000
1.642229	0.000000
1.662757	0.000000
1.683284	0.000000
1.703812	0.000000
1.724340	0.000000
1.744868	0.000000
1.765396	0.000000
1.785924	0.000000
1.806452	0.000000
1.826979	0.000000
1.847507	0.000000
1.868035	0.000000
1.888563	0.000000
1.909091	0.000000
1.929619	0.000000
1.950147	0.000000
1.970674	0.000000
1.991202	0.000000
2.011730	0.000000
2.032258	0.000000
2.052786	0.000000
2.073314	0.000000
2.093842	0.000000
2.114370	0.000000
2.134897	0.000000
2.155425	0.000000
2.175953	0.000000
2.196481	0.000000
2.217009	0.000000
2.237537	0.000000
2.258065	0.000000
2.278592	0.000000
2.299120	0.000000
2.319648	0.000000
2.340176	0.000000
2.360704	0.000000
2.381232	0.000000
2.401760	0.000000
2.422287	0.000000
2.442815	0.000000
2.463343	0.000000
2.483871	0.000000
2.504399	0.000000
2.524927	0.000000
2.545455	0.000000
2.565982	0.000000
2.586510	0.000000
2.607038	0.000000
2.627566	0.000000
2.648094	0.000000
2.668622	0.000000
2.689150	1.565966
2.709677	3.131933
2.730205	4.697899
2.750733	6.263865
2.771261	7.829832
2.791789	9.395798
2.812317	10.961764
2.832845	12.527731
2.853372	14.093697
2.873900	15.659663
2.894428	21.551018
2.914956	27.442374
2.935484	33.333729
2.956012	39.225084
2.976540	45.116439
2.997067	51.007794
3.017595	56.899149
3.038123	62.790505
3.058651	68.681860
3.079179	74.573215
3.099707	77.115893
3.120235	79.658572
3.140762	82.201250
3.161290	84.743929
3.181818	87.286607
3.202346	89.829286
3.222874	92.371964
3.243402	94.914643
3.263930	97.457321
3.284457	100.000000
3.304985	93.928517
3.325513	87.857034
3.346041	81.785552
3.366569	75.714069
3.387097	69.642586
3.407625	63.571103
3.428152	57.499620
3.448680	51.428138
3.469208	45.356655
3.489736	39.285172
3.510264	37.380041
3.530792	35.474911
3.551320	33.569780
3.571848	31.664649
3.592375	29.759519
3.612903	27.854388
3.633431	25.949258
3.653959	24.044127
3.674487	22.138996
3.695015	20.233866
3.715543	19.800503
3.736070	19.367140
3.756598	18.933777
3.777126	18.500414
3.797654	18.067051
3.818182	17.633688
3.838710	17.200326
3.859238	16.766963
3.879765	16.333600
3.900293	15.900237
3.920821	14.567665
3.941349	13.235093
3.961877	11.902521
3.982405	10.569950
4.002933	9.237378
4.023460	7.904806
4.043988	6.572234
4.064516	5.239663
4.085044	3.907091
4.105572	2.574519
4.126100	2.590934
4.146628	2.607349
4.167155	2.623764
4.187683	2.640179
4.208211	2.656594
4.228739	2.673010
4.249267	2.689425
4.269795	2.705840
4.290323	2.722255
4.310850	2.738670
4.331378	2.662379
4.351906	2.586087
4.372434	2.509796
4.392962	2.433505
4.413490	2.357214
4.434018	2.280922
4.454545	2.204631
4.475073	2.128340
4.495601	2.052049
4.516129	1.975758
4.536657	1.977875
4.557185	1.979992
4.577713	1.982109
4.598240	1.984226
4.618768	1.986343
4.639296	1.988460
4.659824	1.990577
4.680352	1.992695
4.700880	1.994812
4.721408	1.996929
4.741935	1.807221
4.762463	1.617512
4.782991	1.427804
4.803519	1.238096
4.824047	1.048388
4.844575	0.858679
4.865103	0.668971
4.885630	0.479263
4.906158	0.289555
4.926686	0.099846
4.947214	0.090361
4.967742	0.080876
4.988270	0.071390
5.008798	0.061905
5.029326	0.052419
5.049853	0.042934
5.070381	0.033449
5.090909	0.023963
5.111437	0.014478
5.131965	0.004992
5.152493	0.004518
5.173021	0.004044
5.193548	0.003570
5.214076	0.003095
5.234604	0.002621
5.255132	0.002147
5.275660	0.001672
5.296188	0.001198
5.316716	0.000724
5.337243	0.000250
5.357771	0.035816
5.378299	0.071382
5.398827	0.106949
5.419355	0.142515
5.439883	0.178082
5.460411	0.213648
5.480938	0.249215
5.501466	0.284781
5.521994	0.320347
5.542522	0.355914
5.563050	0.464463
5.583578	0.573011
5.604106	0.681560
5.624633	0.790109
5.645161	0.898658
5.665689	1.007206
5.686217	1.115755
5.706745	1.224304
5.727273	1.332853
5.747801	1.441401
5.768328	1.417170
5.788856	1.392939
5.809384	1.368708
5.829912	1.344477
5.850440	1.320246
5.870968	1.296015
5.891496	1.271784
5.912023	1.247553
5.932551	1.223322
5.953079	1.199091
5.973607	1.221607
5.994135	1.244122
6.014663	1.266637
6.035191	1.289152
6.055718	1.311667
6.076246	1.334183
6.096774	1.356698
6.117302	1.379213
6.137830	1.401728
6.158358	1.424243
6.178886	1.371984
6.199413	1.319725
6.219941	1.267465
6.240469	1.215206
6.260997	1.162946
6.281525	1.110687
6.302053	1.058427
6.322581	1.006168
6.343109	0.953908
6.363636	0.901649
6.384164	0.833787
6.404692	0.765926
6.425220	0.698064
6.445748	0.630203
6.466276	0.562341
6.486804	0.494479
6.507331	0.426618
6.527859	0.358756
6.548387	0.290895
6.568915	0.223033
6.589443	0.225572
6.609971	0.228110
6.630499	0.230649
6.651026	0.233188
6.671554	0.235726
6.692082	0.238265
6.712610	0.240803
6.733138	0.243342
6.753666	0.245881
6.774194	0.248419
6.794721	0.230751
6.815249	0.213083
6.835777	0.195415
6.856305	0.177747
6.876833	0.160079
6.897361	0.142410
6.917889	0.124742
6.938416	0.107074
6.958944	0.089406
6.979472	0.071738
