0.000000	0.000000
0.020528	0.000000
0.041056	0.000000
0.061584	0.000000
0.082111	0.000000
0.102639	0.000000
0.123167	0.000000
0.143695	0.000000
0.164223	0.000000
0.184751	0.000000
0.205279	0.000000
0.225806	0.000000
0.246334	0.000000
0.266862	0.000000
0.287390	0.000000
0.307918	0.000000
0.328446	0.000000
0.348974	0.000000
0.369501	0.000000
0.390029	0.000000
0.410557	0.000000
0.431085	0.000000
0.451613	0.000000
0.472141	0.000000
0.492669	0.000000
0.513196	0.000000
0.533724	0.000000
0.554252	0.000000
0.574780	0.000000
0.595308	0.000000
0.615836	0.000000
0.636364	0.000000
0.656891	0.000000
0.677419	0.000000
0.697947	0.000000
0.718475	0.000000
0.739003	0.000000
0.759531	0.000000
0.780059	0.000000
0.800587	0.000000
0.821114	0.000000
0.841642	0.000000
0.862170	0.000000
0.882698	0.000000
0.903226	0.000000
0.923754	0.000000
0.944282	0.000000
0.964809	0.000000
0.985337	0.000000
1.005865	0.000000
1.026393	0.000000
1.046921	0.000000
1.067449	0.000000
1.087977	0.000000
1.108504	0.000000
1.129032	0.000000
1.149560	0.000000
1.170088	0.000000
1.190616	0.000000
1.211144	0.000000
1.231672	0.000000
1.252199	0.000000
1.272727	0.000000
1.293255	0.000000
1.313783	0.000000
1.334311	0.000000
1.354839	0.000000
1.375367	0.000000
1.395894	0.000000
1.416422	0.000000
1.436950	0.000000
1.457478	0.000000
1.478006	0.000000
1.498534	0.000000
1.519062	0.000000
1.539589	0.000000
1.560117	0.000000
1.580645	0.000000
1.601173	0.000000
1.621701	0.000000
1.642229	0.000000
1.662757	0.000000
1.683284	0.000000
1.703812	0.000000
1.724340	0.000000
1.744868	0.000000
1.765396	0.000000
1.785924	0.000000
1.806452	0.000000
1.826979	0.000000
1.847507	0.000000
1.868035	0.000000
1.888563	0.000000
1.909091	0.000000
1.929619	0.000000
1.950147	0.000000
1.970674	0.000000
1.991202	0.000000
2.011730	0.000000
2.032258	0.000000
2.052786	0.000000
2.073314	0.000000
2.093842	0.000000
2.114370	0.000000
2.134897	0.000000
2.155425	0.000000
2.175953	0.000000
2.196481	0.000000
2.217009	0.000000
2.237537	0.000000
2.258065	0.000000
2.278592	0.000000
2.299120	0.000000
2.319648	0.000000
2.340176	0.000000
2.360704	0.000000
2.381232	0.000000
2.401760	0.000000
2.422287	0.000000
2.442815	0.000000
2.463343	0.000000
2.483871	0.000000
2.504399	0.000000
2.524927	0.000000
2.545455	0.000000
2.565982	0.000000
2.586510	0.000000
2.607038	0.000000
2.627566	0.000000
2.648094	0.000000
2.668622	0.000000
2.689150	0.611396
2.709677	1.222791
2.730205	1.834187
2.750733	2.445583
2.771261	3.056978
2.791789	3.668374
2.812317	4.279769
2.832845	4.891165
2.853372	5.502561
2.873900	6.113956
2.894428	9.769844
2.914956	13.425732
2.935484	17.081619
2.956012	20.737507
2.976540	24.393394
2.997067	28.049282
3.017595	31.705170
3.038123	35.361057
3.058651	39.016945
3.079179	42.672832
3.099707	48.405549
3.120235	54.138266
3.140762	59.870983
3.161290	65.603699
3.181818	71.336416
3.202346	77.069133
3.222874	82.801850
3.243402	88.534566
3.263930	94.267283
3.284457	100.000000
3.304985	99.158568
3.325513	98.317136
3.346041	97.475703
3.366569	96.634271
3.387097	95.792839
3.407625	94.951407
3.428152	94.109975
3.448680	93.268543
3.469208	92.427110
3.489736	91.585678
3.510264	86.441467
3.530792	81.297256
3.551320	76.153044
3.571848	71.008833
3.592375	65.864622
3.612903	60.720411
3.633431	55.576199
3.653959	50.431988
3.674487	45.287777
3.695015	40.143565
3.715543	38.405227
3.736070	36.666889
3.756598	34.928551
3.777126	33.190213
3.797654	31.451875
3.818182	29.713537
3.838710	27.975199
3.859238	26.236861
3.879765	24.498523
3.900293	22.760185
3.920821	20.864915
3.941349	18.969645
3.961877	17.074375
3.982405	15.179104
4.002933	13.283834
4.023460	11.388564
4.043988	9.493294
4.064516	7.598024
4.085044	5.702753
4.105572	3.807483
4.126100	3.643830
4.146628	3.480177
4.167155	3.316524
4.187683	3.152871
4.208211	2.989217
4.228739	2.825564
4.249267	2.661911
4.269795	2.498258
4.290323	2.334605
4.310850	2.170952
4.331378	2.145547
4.351906	2.120141
4.372434	2.094736
4.392962	2.069331
4.413490	2.043926
4.434018	2.018521
4.454545	1.993116
4.475073	1.967711
4.495601	1.942306
4.516129	1.916901
4.536657	1.786463
4.557185	1.656024
4.577713	1.525586
4.598240	1.395147
4.618768	1.264709
4.639296	1.134271
4.659824	1.003832
4.680352	0.873394
4.700880	0.742956
4.721408	0.612517
4.741935	0.623218
4.762463	0.633918
4.782991	0.644619
4.803519	0.655319
4.824047	0.666020
4.844575	0.676720
4.865103	0.687421
4.885630	0.698121
4.906158	0.708822
4.926686	0.719522
4.947214	0.651168
4.967742	0.582813
4.988270	0.514458
5.008798	0.446104
5.029326	0.377749
5.049853	0.309395
5.070381	0.241040
5.090909	0.172685
5.111437	0.104331
5.131965	0.035976
5.152493	0.032558
5.173021	0.029141
5.193548	0.025723
5.214076	0.022305
5.234604	0.018887
5.255132	0.015470
5.275660	0.012052
5.296188	0.008634
5.316716	0.005217
5.337243	0.001799
5.357771	0.001628
5.378299	0.001457
5.398827	0.001286
5.419355	0.001115
5.439883	0.000944
5.460411	0.000773
5.480938	0.000603
5.501466	0.000432
5.521994	0.000261
5.542522	0.000090
5.563050	0.008693
5.583578	0.017295
5.604106	0.025898
5.624633	0.034501
5.645161	0.043103
5.665689	0.051706
5.686217	0.060309
5.706745	0.068911
5.727273	0.077514
5.747801	0.086117
5.768328	0.164048
5.788856	0.241979
5.809384	0.319910
5.829912	0.397841
5.850440	0.475772
5.870968	0.553702
5.891496	0.631633
5.912023	0.709564
5.932551	0.787495
5.953079	0.865426
5.973607	0.933907
5.994135	1.002388
6.014663	1.070868
6.035191	1.139349
6.055718	1.207829
6.076246	1.276310
6.096774	1.344791
6.117302	1.413271
6.137830	1.481752
6.158358	1.550232
6.178886	1.527823
6.199413	1.505413
6.219941	1.483004
6.240469	1.460594
6.260997	1.438184
6.281525	1.415775
6.302053	1.393365
6.322581	1.370956
6.343109	1.348546
6.363636	1.326137
6.384164	1.329322
6.404692	1.332507
6.425220	1.335692
6.445748	1.338877
6.466276	1.342062
6.486804	1.345247
6.507331	1.348432
6.527859	1.351618
6.548387	1.354803
6.568915	1.357988
6.589443	1.259118
6.609971	1.160249
6.630499	1.061379
6.651026	0.962509
6.671554	0.863640
6.692082	0.764770
6.712610	0.665900
6.733138	0.567031
6.753666	0.468161
6.774194	0.369292
6.794721	0.342820
6.815249	0.316349
6.835777	0.289877
6.856305	0.263406
6.876833	0.236934
6.897361	0.210463
6.917889	0.183991
6.938416	0.157520
6.958944	0.131048
6.979472	0.104577
