0.000000	0.000000
0.020528	0.000000
0.041056	0.000000
0.061584	0.000000
0.082111	0.000000
0.102639	0.000000
0.123167	0.000000
0.143695	0.000000
0.164223	0.000000
0.184751	0.000000
0.205279	0.000000
0.225806	0.000000
0.246334	0.000000
0.266862	0.000000
0.287390	0.000000
0.307918	0.000000
0.328446	0.000000
0.348974	0.000000
0.369501	0.000000
0.390029	0.000000
0.410557	0.000000
0.431085	0.000000
0.451613	0.000000
0.472141	0.000000
0.492669	0.000000
0.513196	0.000000
0.533724	0.000000
0.554252	0.000000
0.574780	0.000000
0.595308	0.000000
0.615836	0.000000
0.636364	0.000000
0.656891	0.000000
0.677419	0.000000
0.697947	0.000000
0.718475	0.000000
0.739003	0.000000
0.759531	0.000000
0.780059	0.000000
0.800587	0.000000
0.821114	0.000000
0.841642	0.000000
0.862170	0.000000
0.882698	0.000000
0.903226	0.000000
0.923754	0.000000
0.944282	0.000000
0.964809	0.000000
0.985337	0.000000
1.005865	0.000000
1.026393	0.000000
1.046921	0.000000
1.067449	0.000000
1.087977	0.000000
1.108504	0.000000
1.129032	0.000000
1.149560	0.000000
1.170088	0.000000
1.190616	0.000000
1.211144	0.000000
1.231672	0.000000
1.252199	0.000000
1.272727	0.000000
1.293255	0.000000
1.313783	0.000000
1.334311	0.000000
1.354839	0.000000
1.375367	0.000000
1.395894	0.000000
1.416422	0.000000
1.436950	0.000000
1.457478	0.000000
1.478006	0.000000
1.498534	0.000000
1.519062	0.000000
1.539589	0.000000
1.560117	0.000000
1.580645	0.000000
1.601173	0.000000
1.621701	0.000000
1.642229	0.000000
1.662757	0.000000
1.683284	0.000000
1.703812	0.000000
1.724340	0.000000
1.744868	0.000000
1.765396	0.000000
1.785924	0.000000
1.806452	0.000000
1.826979	0.000000
1.847507	0.000000
1.868035	0.000000
1.888563	0.000000
1.909091	0.000000
1.929619	0.000000
1.950147	0.000000
1.970674	0.000000
1.991202	0.000000
2.011730	0.000000
2.032258	0.000000
2.052786	0.000000
2.073314	0.000000
2.093842	0.000000
2.114370	0.000000
2.134897	0.000000
2.155425	0.000000
2.175953	0.000000
2.196481	0.000000
2.217009	0.000000
2.237537	0.000000
2.258065	0.000000
2.278592	0.000000
2.299120	0.000000
2.319648	0.000000
2.340176	0.000000
2.360704	0.000000
2.381232	0.000000
2.401760	0.000000
2.422287	0.000000
2.442815	0.000000
2.463343	0.000000
2.483871	0.000000
2.504399	0.000000
2.524927	0.000000
2.545455	0.000000
2.565982	0.000000
2.586510	0.000000
2.607038	0.000000
2.627566	0.000000
2.648094	0.000000
2.668622	0.000000
2.689150	0.490134
2.709677	0.980267
2.730205	1.470401
2.750733	1.960535
2.771261	2.450668
2.791789	2.940802
2.812317	3.430936
2.832845	3.921070
2.853372	4.411203
2.873900	4.901337
2.894428	8.262095
2.914956	11.622852
2.935484	14.983610
2.956012	18.344367
2.976540	21.705125
2.997067	25.065883
3.017595	28.426640
3.038123	31.787398
3.058651	35.148155
3.079179	38.508913
3.099707	40.943819
3.120235	43.378725
3.140762	45.813632
3.161290	48.248538
3.181818	50.683444
3.202346	53.118350
3.222874	55.553257
3.243402	57.988163
3.263930	60.423069
3.284457	62.857975
3.304985	66.572178
3.325513	70.286380
3.346041	74.000583
3.366569	77.714785
3.387097	81.428988
3.407625	85.143190
3.428152	88.857393
3.448680	92.571595
3.469208	96.285798
3.489736	100.000000
3.510264	94.493476
3.530792	88.986951
3.551320	83.480427
3.571848	77.973903
3.592375	72.467378
3.612903	66.960854
3.633431	61.454330
3.653959	55.947805
3.674487	50.441281
3.695015	44.934757
3.715543	42.810290
3.736070	40.685823
3.756598	38.561356
3.777126	36.436889
3.797654	34.312422
3.818182	32.187955
3.838710	30.063488
3.859238	27.939021
3.879765	25.814554
3.900293	23.690087
3.920821	22.241566
3.941349	20.793044
3.961877	19.344523
3.982405	17.896002
4.002933	16.447480
4.023460	14.998959
4.043988	13.550438
4.064516	12.101916
4.085044	10.653395
4.105572	9.204874
4.126100	8.553199
4.146628	7.901524
4.167155	7.249849
4.187683	6.598174
4.208211	5.946499
4.228739	5.294824
4.249267	4.643149
4.269795	3.991474
4.290323	3.339799
4.310850	2.688124
4.331378	2.599843
4.351906	2.511563
4.372434	2.423282
4.392962	2.335001
4.413490	2.246720
4.434018	2.158440
4.454545	2.070159
4.475073	1.981878
4.495601	1.893597
4.516129	1.805317
4.536657	1.789763
4.557185	1.774210
4.577713	1.758656
4.598240	1.743103
4.618768	1.727549
4.639296	1.711996
4.659824	1.696442
4.680352	1.680889
4.700880	1.665336
4.721408	1.649782
4.741935	1.493053
4.762463	1.336324
4.782991	1.179594
4.803519	1.022865
4.824047	0.866136
4.844575	0.709406
4.865103	0.552677
4.885630	0.395948
4.906158	0.239218
4.926686	0.082489
4.947214	0.074653
4.967742	0.066816
4.988270	0.058980
5.008798	0.051143
5.029326	0.043307
5.049853	0.035470
5.070381	0.027634
5.090909	0.019797
5.111437	0.011961
5.131965	0.004124
5.152493	0.003733
5.173021	0.003341
5.193548	0.002949
5.214076	0.002557
5.234604	0.002165
5.255132	0.001774
5.275660	0.001382
5.296188	0.000990
5.316716	0.000598
5.337243	0.000206
5.357771	0.022465
5.378299	0.044725
5.398827	0.066984
5.419355	0.089243
5.439883	0.111502
5.460411	0.133762
5.480938	0.156021
5.501466	0.178280
5.521994	0.200539
5.542522	0.222798
5.563050	0.201633
5.583578	0.180467
5.604106	0.159301
5.624633	0.138135
5.645161	0.116969
5.665689	0.095803
5.686217	0.074637
5.706745	0.053472
5.727273	0.032306
5.747801	0.011140
5.768328	0.054639
5.788856	0.098139
5.809384	0.141638
5.829912	0.185137
5.850440	0.228636
5.870968	0.272136
5.891496	0.315635
5.912023	0.359134
5.932551	0.402634
5.953079	0.446133
5.973607	0.515144
5.994135	0.584156
6.014663	0.653167
6.035191	0.722179
6.055718	0.791190
6.076246	0.860201
6.096774	0.929213
6.117302	0.998224
6.137830	1.067235
6.158358	1.136247
6.178886	1.134128
6.199413	1.132009
6.219941	1.129889
6.240469	1.127770
6.260997	1.125651
6.281525	1.123532
6.302053	1.121413
6.322581	1.119294
6.343109	1.117175
6.363636	1.115056
6.384164	1.153937
6.404692	1.192819
6.425220	1.231701
6.445748	1.270583
6.466276	1.309465
6.486804	1.348347
6.507331	1.387229
6.527859	1.426111
6.548387	1.464993
6.568915	1.503875
6.589443	1.550377
6.609971	1.596878
6.630499	1.643380
6.651026	1.689882
6.671554	1.736384
6.692082	1.782885
6.712610	1.829387
6.733138	1.875889
6.753666	1.922390
6.774194	1.968892
6.794721	1.792987
6.815249	1.617081
6.835777	1.441176
6.856305	1.265271
6.876833	1.089365
6.897361	0.913460
6.917889	0.737555
6.938416	0.561649
6.958944	0.385744
6.979472	0.209839
