0.000000	0.000000
0.020528	0.000000
0.041056	0.000000
0.061584	0.000000
0.082111	0.000000
0.102639	0.000000
0.123167	0.000000
0.143695	0.000000
0.164223	0.000000
0.184751	0.000000
0.205279	0.000000
0.225806	0.000000
0.246334	0.000000
0.266862	0.000000
0.287390	0.000000
0.307918	0.000000
0.328446	0.000000
0.348974	0.000000
0.369501	0.000000
0.390029	0.000000
0.410557	0.000000
0.431085	0.000000
0.451613	0.000000
0.472141	0.000000
0.492669	0.000000
0.513196	0.000000
0.533724	0.000000
0.554252	0.000000
0.574780	0.000000
0.595308	0.000000
0.615836	0.000000
0.636364	0.000000
0.656891	0.000000
0.677419	0.000000
0.697947	0.000000
0.718475	0.000000
0.739003	0.000000
0.759531	0.000000
0.780059	0.000000
0.800587	0.000000
0.821114	0.000000
0.841642	0.000000
0.862170	0.000000
0.882698	0.000000
0.903226	0.000000
0.923754	0.000000
0.944282	0.000000
0.964809	0.000000
0.985337	0.000000
1.005865	0.000000
1.026393	0.000000
1.046921	0.000000
1.067449	0.000000
1.087977	0.000000
1.108504	0.000000
1.129032	0.000000
1.149560	0.000000
1.170088	0.000000
1.190616	0.000000
1.211144	0.000000
1.231672	0.000000
1.252199	0.000000
1.272727	0.000000
1.293255	0.000000
1.313783	0.000000
1.334311	0.000000
1.354839	0.000000
1.375367	0.000000
1.395894	0.000000
1.416422	0.000000
1.436950	0.000000
1.457478	0.000000
1.478006	0.000000
1.498534	0.000000
1.519062	0.000000
1.539589	0.000000
1.560117	0.000000
1.580645	0.000000
1.601173	0.000000
1.621701	0.000000
1.642229	0.000000
1.662757	0.000000
1.683284	0.000000
1.703812	0.000000
1.724340	0.000000
1.744868	0.000000
1.765396	0.000000
1.785924	0.000000
1.806452	0.000000
1.826979	0.000000
1.847507	0.000000
1.868035	0.000000
1.888563	0.000000
1.909091	0.000000
1.929619	0.000000
1.950147	0.000000
1.970674	0.000000
1.991202	0.000000
2.011730	0.000000
2.032258	0.000000
2.052786	0.000000
2.073314	0.000000
2.093842	0.000000
2.114370	0.000000
2.134897	0.000000
2.155425	0.000000
2.175953	0.000000
2.196481	0.000000
2.217009	0.000000
2.237537	0.000000
2.258065	0.000000
2.278592	0.000000
2.299120	0.000000
2.319648	0.000000
2.340176	0.000000
2.360704	0.000000
2.381232	0.000000
2.401760	0.000000
2.422287	0.000000
2.442815	0.000000
2.463343	0.000000
2.483871	0.000000
2.504399	0.000000
2.524927	0.000000
2.545455	0.000000
2.565982	0.000000
2.586510	0.000000
2.607038	0.000000
2.627566	0.000000
2.648094	0.000000
2.668622	0.000000
2.689150	2.211134
2.709677	4.422268
2.730205	6.633402
2.750733	8.844536
2.771261	11.055671
2.791789	13.266805
2.812317	15.477939
2.832845	17.689073
2.853372	19.900207
2.873900	22.111341
2.894428	23.171017
2.914956	24.230692
2.935484	25.290368
2.956012	26.350043
2.976540	27.409719
2.997067	28.469395
3.017595	29.529070
3.038123	30.588746
3.058651	31.648421
3.079179	32.708097
3.099707	36.380248
3.120235	40.052400
3.140762	43.724551
3.161290	47.396702
3.181818	51.068854
3.202346	54.741005
3.222874	58.413157
3.243402	62.085308
3.263930	65.757459
3.284457	69.429611
3.304985	72.486650
3.325513	75.543689
3.346041	78.600728
3.366569	81.657767
3.387097	84.714805
3.407625	87.771844
3.428152	90.828883
3.448680	93.885922
3.469208	96.942961
3.489736	100.000000
3.510264	94.844044
3.530792	89.688088
3.551320	84.532132
3.571848	79.376176
3.592375	74.220221
3.612903	69.064265
3.633431	63.908309
3.653959	58.752353
3.674487	53.596397
3.695015	48.440441
3.715543	45.277922
3.736070	42.115404
3.756598	38.952885
3.777126	35.790366
3.797654	32.627847
3.818182	29.465329
3.838710	26.302810
3.859238	23.140291
3.879765	19.977772
3.900293	16.815253
3.920821	15.749728
3.941349	14.684203
3.961877	13.618678
3.982405	12.553152
4.002933	11.487627
4.023460	10.422102
4.043988	9.356576
4.064516	8.291051
4.085044	7.225526
4.105572	6.160000
4.126100	5.788613
4.146628	5.417225
4.167155	5.045838
4.187683	4.674450
4.208211	4.303063
4.228739	3.931675
4.249267	3.560288
4.269795	3.188900
4.290323	2.817513
4.310850	2.446125
4.331378	2.333687
4.351906	2.221248
4.372434	2.108810
4.392962	1.996372
4.413490	1.883934
4.434018	1.771495
4.454545	1.659057
4.475073	1.546619
4.495601	1.434180
4.516129	1.321742
4.536657	1.321335
4.557185	1.320928
4.577713	1.320521
4.598240	1.320114
4.618768	1.319707
4.639296	1.319300
4.659824	1.318893
4.680352	1.318486
4.700880	1.318079
4.721408	1.317672
4.741935	1.192494
4.762463	1.067315
4.782991	0.942136
4.803519	0.816957
4.824047	0.691778
4.844575	0.566599
4.865103	0.441420
4.885630	0.316241
4.906158	0.191063
4.926686	0.065884
4.947214	0.059625
4.967742	0.053366
4.988270	0.047107
5.008798	0.040848
5.029326	0.034589
5.049853	0.028330
5.070381	0.022071
5.090909	0.015812
5.111437	0.009553
5.131965	0.003294
5.152493	0.023841
5.173021	0.044388
5.193548	0.064935
5.214076	0.085481
5.234604	0.106028
5.255132	0.126575
5.275660	0.147122
5.296188	0.167669
5.316716	0.188215
5.337243	0.208762
5.357771	0.188930
5.378299	0.169097
5.398827	0.149265
5.419355	0.129433
5.439883	0.109600
5.460411	0.089768
5.480938	0.069935
5.501466	0.050103
5.521994	0.030271
5.542522	0.010438
5.563050	0.082456
5.583578	0.154473
5.604106	0.226491
5.624633	0.298508
5.645161	0.370526
5.665689	0.442543
5.686217	0.514561
5.706745	0.586578
5.727273	0.658596
5.747801	0.730613
5.768328	0.781149
5.788856	0.831684
5.809384	0.882219
5.829912	0.932755
5.850440	0.983290
5.870968	1.033825
5.891496	1.084361
5.912023	1.134896
5.932551	1.185431
5.953079	1.235967
5.973607	1.217634
5.994135	1.199301
6.014663	1.180968
6.035191	1.162635
6.055718	1.144302
6.076246	1.125969
6.096774	1.107636
6.117302	1.089303
6.137830	1.070970
6.158358	1.052637
6.178886	1.041290
6.199413	1.029944
6.219941	1.018597
6.240469	1.007251
6.260997	0.995904
6.281525	0.984558
6.302053	0.973211
6.322581	0.961865
6.343109	0.950518
6.363636	0.939171
6.384164	0.985539
6.404692	1.031906
6.425220	1.078273
6.445748	1.124640
6.466276	1.171007
6.486804	1.217374
6.507331	1.263741
6.527859	1.310108
6.548387	1.356476
6.568915	1.402843
6.589443	1.295647
6.609971	1.188452
6.630499	1.081257
6.651026	0.974061
6.671554	0.866866
6.692082	0.759671
6.712610	0.652475
6.733138	0.545280
6.753666	0.438084
6.774194	0.330889
6.794721	0.299455
6.815249	0.268020
6.835777	0.236586
6.856305	0.205151
6.876833	0.173717
6.897361	0.142282
6.917889	0.110848
6.938416	0.079413
6.958944	0.047979
6.979472	0.016544
