0.000000	0.000000
0.020528	0.000000
0.041056	0.000000
0.061584	0.000000
0.082111	0.000000
0.102639	0.000000
0.123167	0.000000
0.143695	0.000000
0.164223	0.000000
0.184751	0.000000
0.205279	0.000000
0.225806	0.000000
0.246334	0.000000
0.266862	0.000000
0.287390	0.000000
0.307918	0.000000
0.328446	0.000000
0.348974	0.000000
0.369501	0.000000
0.390029	0.000000
0.410557	0.000000
0.431085	0.000000
0.451613	0.000000
0.472141	0.000000
0.492669	0.000000
0.513196	0.000000
0.533724	0.000000
0.554252	0.000000
0.574780	0.000000
0.595308	0.000000
0.615836	0.000000
0.636364	0.000000
0.656891	0.000000
0.677419	0.000000
0.697947	0.000000
0.718475	0.000000
0.739003	0.000000
0.759531	0.000000
0.780059	0.000000
0.800587	0.000000
0.821114	0.000000
0.841642	0.000000
0.862170	0.000000
0.882698	0.000000
0.903226	0.000000
0.923754	0.000000
0.944282	0.000000
0.964809	0.000000
0.985337	0.000000
1.005865	0.000000
1.026393	0.000000
1.046921	0.000000
1.067449	0.000000
1.087977	0.000000
1.108504	0.000000
1.129032	0.000000
1.149560	0.000000
1.170088	0.000000
1.190616	0.000000
1.211144	0.000000
1.231672	0.000000
1.252199	0.000000
1.272727	0.000000
1.293255	0.000000
1.313783	0.000000
1.334311	0.000000
1.354839	0.000000
1.375367	0.000000
1.395894	0.000000
1.416422	0.000000
1.436950	0.000000
1.457478	0.000000
1.478006	0.000000
1.498534	0.000000
1.519062	0.000000
1.539589	0.000000
1.560117	0.000000
1.580645	0.000000
1.601173	0.000000
1.621701	0.000000
1.642229	0.000000
1.662757	0.000000
1.683284	0.000000
1.703812	0.000000
1.724340	0.000000
1.744868	0.000000
1.765396	0.000000
1.785924	0.000000
1.806452	0.000000
1.826979	0.000000
1.847507	0.000000
1.868035	0.000000
1.888563	0.000000
1.909091	0.000000
1.929619	0.000000
1.950147	0.000000
1.970674	0.000000
1.991202	0.000000
2.011730	0.000000
2.032258	0.000000
2.052786	0.000000
2.073314	0.000000
2.093842	0.000000
2.114370	0.000000
2.134897	0.000000
2.155425	0.000000
2.175953	0.000000
2.196481	0.000000
2.217009	0.000000
2.237537	0.000000
2.258065	0.000000
2.278592	0.000000
2.299120	0.000000
2.319648	0.000000
2.340176	0.000000
2.360704	0.000000
2.381232	0.000000
2.401760	0.000000
2.422287	0.000000
2.442815	0.000000
2.463343	0.000000
2.483871	0.924858
2.504399	1.849716
2.524927	2.774574
2.545455	3.699432
2.565982	4.624289
2.586510	5.549147
2.607038	6.474005
2.627566	7.398863
2.648094	8.323721
2.668622	9.248579
2.689150	12.182643
2.709677	15.116708
2.730205	18.050772
2.750733	20.984837
2.771261	23.918901
2.791789	26.852966
2.812317	29.787030
2.832845	32.721095
2.853372	35.655159
2.873900	38.589224
2.894428	39.440581
2.914956	40.291937
2.935484	41.143294
2.956012	41.994651
2.976540	42.846008
2.997067	43.697365
3.017595	44.548722
3.038123	45.400079
3.058651	46.251435
3.079179	47.102792
3.099707	52.392513
3.120235	57.682234
3.140762	62.971955
3.161290	68.261675
3.181818	73.551396
3.202346	78.841117
3.222874	84.130838
3.243402	89.420558
3.263930	94.710279
3.284457	100.000000
3.304985	95.747153
3.325513	91.494306
3.346041	87.241459
3.366569	82.988612
3.387097	78.735765
3.407625	74.482918
3.428152	70.230071
3.448680	65.977223
3.469208	61.724376
3.489736	57.471529
3.510264	54.824057
3.530792	52.176585
3.551320	49.529112
3.571848	46.881640
3.592375	44.234168
3.612903	41.586695
3.633431	38.939223
3.653959	36.291751
3.674487	33.644279
3.695015	30.996806
3.715543	28.568017
3.736070	26.139227
3.756598	23.710438
3.777126	21.281648
3.797654	18.852859
3.818182	16.424069
3.838710	13.995280
3.859238	11.566490
3.879765	9.137701
3.900293	6.708912
3.920821	6.323227
3.941349	5.937542
3.961877	5.551858
3.982405	5.166173
4.002933	4.780489
4.023460	4.394804
4.043988	4.009119
4.064516	3.623435
4.085044	3.237750
4.105572	2.852066
4.126100	2.826490
4.146628	2.800914
4.167155	2.775338
4.187683	2.749763
4.208211	2.724187
4.228739	2.698611
4.249267	2.673035
4.269795	2.647459
4.290323	2.621884
4.310850	2.596308
4.331378	2.462907
4.351906	2.329505
4.372434	2.196104
4.392962	2.062703
4.413490	1.929301
4.434018	1.795900
4.454545	1.662498
4.475073	1.529097
4.495601	1.395696
4.516129	1.262294
4.536657	1.167543
4.557185	1.072791
4.577713	0.978039
4.598240	0.883287
4.618768	0.788536
4.639296	0.693784
4.659824	0.599032
4.680352	0.504280
4.700880	0.409529
4.721408	0.314777
4.741935	0.284873
4.762463	0.254969
4.782991	0.225065
4.803519	0.195162
4.824047	0.165258
4.844575	0.135354
4.865103	0.105450
4.885630	0.075546
4.906158	0.045643
4.926686	0.015739
4.947214	0.014244
4.967742	0.012748
4.988270	0.011253
5.008798	0.009758
5.029326	0.008263
5.049853	0.006768
5.070381	0.005273
5.090909	0.003777
5.111437	0.002282
5.131965	0.000787
5.152493	0.000712
5.173021	0.000637
5.193548	0.000563
5.214076	0.000488
5.234604	0.000413
5.255132	0.000338
5.275660	0.000264
5.296188	0.000189
5.316716	0.000114
5.337243	0.000039
5.357771	0.050368
5.378299	0.100697
5.398827	0.151025
5.419355	0.201354
5.439883	0.251683
5.460411	0.302011
5.480938	0.352340
5.501466	0.402669
5.521994	0.452997
5.542522	0.503326
5.563050	0.486968
5.583578	0.470610
5.604106	0.454251
5.624633	0.437893
5.645161	0.421535
5.665689	0.405177
5.686217	0.388818
5.706745	0.372460
5.727273	0.356102
5.747801	0.339744
5.768328	0.452174
5.788856	0.564604
5.809384	0.677034
5.829912	0.789464
5.850440	0.901894
5.870968	1.014324
5.891496	1.126754
5.912023	1.239184
5.932551	1.351614
5.953079	1.464044
5.973607	1.526289
5.994135	1.588535
6.014663	1.650780
6.035191	1.713026
6.055718	1.775271
6.076246	1.837516
6.096774	1.899762
6.117302	1.962007
6.137830	2.024253
6.158358	2.086498
6.178886	1.951196
6.199413	1.815895
6.219941	1.680593
6.240469	1.545291
6.260997	1.409989
6.281525	1.274687
6.302053	1.139385
6.322581	1.004084
6.343109	0.868782
6.363636	0.733480
6.384164	0.726715
6.404692	0.719950
6.425220	0.713185
6.445748	0.706420
6.466276	0.699654
6.486804	0.692889
6.507331	0.686124
6.527859	0.679359
6.548387	0.672594
6.568915	0.665829
6.589443	0.608867
6.609971	0.551905
6.630499	0.494942
6.651026	0.437980
6.671554	0.381018
6.692082	0.324056
6.712610	0.267094
6.733138	0.210131
6.753666	0.153169
6.774194	0.096207
6.794721	0.099650
6.815249	0.103094
6.835777	0.106537
6.856305	0.109981
6.876833	0.113424
6.897361	0.116868
6.917889	0.120311
6.938416	0.123754
6.958944	0.127198
6.979472	0.130641
