0.000000	0.000000
0.020528	0.000000
0.041056	0.000000
0.061584	0.000000
0.082111	0.000000
0.102639	0.000000
0.123167	0.000000
0.143695	0.000000
0.164223	0.000000
0.184751	0.000000
0.205279	0.000000
0.225806	0.000000
0.246334	0.000000
0.266862	0.000000
0.287390	0.000000
0.307918	0.000000
0.328446	0.000000
0.348974	0.000000
0.369501	0.000000
0.390029	0.000000
0.410557	0.000000
0.431085	0.000000
0.451613	0.000000
0.472141	0.000000
0.492669	0.000000
0.513196	0.000000
0.533724	0.000000
0.554252	0.000000
0.574780	0.000000
0.595308	0.000000
0.615836	0.000000
0.636364	0.000000
0.656891	0.000000
0.677419	0.000000
0.697947	0.000000
0.718475	0.000000
0.739003	0.000000
0.759531	0.000000
0.780059	0.000000
0.800587	0.000000
0.821114	0.000000
0.841642	0.000000
0.862170	0.000000
0.882698	0.000000
0.903226	0.000000
0.923754	0.000000
0.944282	0.000000
0.964809	0.000000
0.985337	0.000000
1.005865	0.000000
1.026393	0.000000
1.046921	0.000000
1.067449	0.000000
1.087977	0.000000
1.108504	0.000000
1.129032	0.000000
1.149560	0.000000
1.170088	0.000000
1.190616	0.000000
1.211144	0.000000
1.231672	0.000000
1.252199	0.000000
1.272727	0.000000
1.293255	0.000000
1.313783	0.000000
1.334311	0.000000
1.354839	0.000000
1.375367	0.000000
1.395894	0.000000
1.416422	0.000000
1.436950	0.000000
1.457478	0.000000
1.478006	0.000000
1.498534	0.000000
1.519062	0.000000
1.539589	0.000000
1.560117	0.000000
1.580645	0.000000
1.601173	0.000000
1.621701	0.000000
1.642229	0.000000
1.662757	0.000000
1.683284	0.000000
1.703812	0.000000
1.724340	0.000000
1.744868	0.000000
1.765396	0.000000
1.785924	0.000000
1.806452	0.000000
1.826979	0.000000
1.847507	0.000000
1.868035	0.000000
1.888563	0.000000
1.909091	0.000000
1.929619	0.000000
1.950147	0.000000
1.970674	0.000000
1.991202	0.000000
2.011730	0.000000
2.032258	0.000000
2.052786	0.000000
2.073314	0.000000
2.093842	0.000000
2.114370	0.000000
2.134897	0.000000
2.155425	0.000000
2.175953	0.000000
2.196481	0.000000
2.217009	0.000000
2.237537	0.000000
2.258065	0.000000
2.278592	0.000000
2.299120	0.000000
2.319648	0.000000
2.340176	0.000000
2.360704	0.000000
2.381232	0.000000
2.401760	0.000000
2.422287	0.000000
2.442815	0.000000
2.463343	0.000000
2.483871	0.000000
2.504399	0.000000
2.524927	0.000000
2.545455	0.000000
2.565982	0.000000
2.586510	0.000000
2.607038	0.000000
2.627566	0.000000
2.648094	0.000000
2.668622	0.000000
2.689150	0.252567
2.709677	0.505134
2.730205	0.757701
2.750733	1.010268
2.771261	1.262835
2.791789	1.515402
2.812317	1.767969
2.832845	2.020536
2.853372	2.273103
2.873900	2.525670
2.894428	3.194972
2.914956	3.864275
2.935484	4.533577
2.956012	5.202880
2.976540	5.872182
2.997067	6.541485
3.017595	7.210788
3.038123	7.880090
3.058651	8.549393
3.079179	9.218695
3.099707	13.192205
3.120235	17.165715
3.140762	21.139226
3.161290	25.112736
3.181818	29.086246
3.202346	33.059756
3.222874	37.033266
3.243402	41.006776
3.263930	44.980286
3.284457	48.953797
3.304985	52.233789
3.325513	55.513782
3.346041	58.793775
3.366569	62.073768
3.387097	65.353760
3.407625	68.633753
3.428152	71.913746
3.448680	75.193739
3.469208	78.473731
3.489736	81.753724
3.510264	83.578352
3.530792	85.402979
3.551320	87.227607
3.571848	89.052234
3.592375	90.876862
3.612903	92.701490
3.633431	94.526117
3.653959	96.350745
3.674487	98.175372
3.695015	100.000000
3.715543	94.661041
3.736070	89.322082
3.756598	83.983123
3.777126	78.644165
3.797654	73.305206
3.818182	67.966247
3.838710	62.627288
3.859238	57.288329
3.879765	51.949370
3.900293	46.610411
3.920821	44.405012
3.941349	42.199612
3.961877	39.994213
3.982405	37.788813
4.002933	35.583413
4.023460	33.378014
4.043988	31.172614
4.064516	28.967215
4.085044	26.761815
4.105572	24.556416
4.126100	23.240138
4.146628	21.923861
4.167155	20.607583
4.187683	19.291306
4.208211	17.975029
4.228739	16.658751
4.249267	15.342474
4.269795	14.026197
4.290323	12.709919
4.310850	11.393642
4.331378	10.500671
4.351906	9.607701
4.372434	8.714730
4.392962	7.821759
4.413490	6.928788
4.434018	6.035818
4.454545	5.142847
4.475073	4.249876
4.495601	3.356905
4.516129	2.463935
4.536657	2.419286
4.557185	2.374637
4.577713	2.329989
4.598240	2.285340
4.618768	2.240692
4.639296	2.196043
4.659824	2.151395
4.680352	2.106746
4.700880	2.062098
4.721408	2.017449
4.741935	1.901562
4.762463	1.785674
4.782991	1.669786
4.803519	1.553899
4.824047	1.438011
4.844575	1.322124
4.865103	1.206236
4.885630	1.090349
4.906158	0.974461
4.926686	0.858573
4.947214	0.852779
4.967742	0.846985
4.988270	0.841190
5.008798	0.835396
5.029326	0.829602
5.049853	0.823807
5.070381	0.818013
5.090909	0.812218
5.111437	0.806424
5.131965	0.800630
5.152493	0.724570
5.173021	0.648510
5.193548	0.572450
5.214076	0.496390
5.234604	0.420331
5.255132	0.344271
5.275660	0.268211
5.296188	0.192151
5.316716	0.116091
5.337243	0.040031
5.357771	0.036228
5.378299	0.032426
5.398827	0.028623
5.419355	0.024820
5.439883	0.021017
5.460411	0.017214
5.480938	0.013411
5.501466	0.009608
5.521994	0.005805
5.542522	0.002002
5.563050	0.001811
5.583578	0.001621
5.604106	0.001431
5.624633	0.001241
5.645161	0.001051
5.665689	0.000861
5.686217	0.000671
5.706745	0.000480
5.727273	0.000290
5.747801	0.000100
5.768328	0.000091
5.788856	0.000081
5.809384	0.000072
5.829912	0.000062
5.850440	0.000053
5.870968	0.000043
5.891496	0.000034
5.912023	0.000024
5.932551	0.000015
5.953079	0.000005
5.973607	0.025261
5.994135	0.050517
6.014663	0.075774
6.035191	0.101030
6.055718	0.126286
6.076246	0.151542
6.096774	0.176799
6.117302	0.202055
6.137830	0.227311
6.158358	0.252567
6.178886	0.323286
6.199413	0.394005
6.219941	0.464723
6.240469	0.535442
6.260997	0.606161
6.281525	0.676880
6.302053	0.747598
6.322581	0.818317
6.343109	0.889036
6.363636	0.959755
6.384164	1.095888
6.404692	1.232022
6.425220	1.368155
6.445748	1.504289
6.466276	1.640423
6.486804	1.776556
6.507331	1.912690
6.527859	2.048823
6.548387	2.184957
6.568915	2.321091
6.589443	2.233185
6.609971	2.145279
6.630499	2.057373
6.651026	1.969467
6.671554	1.881561
6.692082	1.793655
6.712610	1.705749
6.733138	1.617843
6.753666	1.529937
6.774194	1.442031
6.794721	1.374494
6.815249	1.306957
6.835777	1.239420
6.856305	1.171883
6.876833	1.104346
6.897361	1.036809
6.917889	0.969272
6.938416	0.901735
6.958944	0.834198
6.979472	0.766661
