0.000000	0.000000
0.020528	0.000000
0.041056	0.000000
0.061584	0.000000
0.082111	0.000000
0.102639	0.000000
0.123167	0.000000
0.143695	0.000000
0.164223	0.000000
0.184751	0.000000
0.205279	0.000000
0.225806	0.000000
0.246334	0.000000
0.266862	0.000000
0.287390	0.000000
0.307918	0.000000
0.328446	0.000000
0.348974	0.000000
0.369501	0.000000
0.390029	0.000000
0.410557	0.000000
0.431085	0.000000
0.451613	0.000000
0.472141	0.000000
0.492669	0.000000
0.513196	0.000000
0.533724	0.000000
0.554252	0.000000
0.574780	0.000000
0.595308	0.000000
0.615836	0.000000
0.636364	0.000000
0.656891	0.000000
0.677419	0.000000
0.697947	0.000000
0.718475	0.000000
0.739003	0.000000
0.759531	0.000000
0.780059	0.000000
0.800587	0.000000
0.821114	0.000000
0.841642	0.000000
0.862170	0.000000
0.882698	0.000000
0.903226	0.000000
0.923754	0.000000
0.944282	0.000000
0.964809	0.000000
0.985337	0.000000
1.005865	0.000000
1.026393	0.000000
1.046921	0.000000
1.067449	0.000000
1.087977	0.000000
1.108504	0.000000
1.129032	0.000000
1.149560	0.000000
1.170088	0.000000
1.190616	0.000000
1.211144	0.000000
1.231672	0.000000
1.252199	0.000000
1.272727	0.000000
1.293255	0.000000
1.313783	0.000000
1.334311	0.000000
1.354839	0.000000
1.375367	0.000000
1.395894	0.000000
1.416422	0.000000
1.436950	0.000000
1.457478	0.000000
1.478006	0.000000
1.498534	0.000000
1.519062	0.000000
1.539589	0.000000
1.560117	0.000000
1.580645	0.000000
1.601173	0.000000
1.621701	0.000000
1.642229	0.000000
1.662757	0.000000
1.683284	0.000000
1.703812	0.000000
1.724340	0.000000
1.744868	0.000000
1.765396	0.000000
1.785924	0.000000
1.806452	0.000000
1.826979	0.000000
1.847507	0.000000
1.868035	0.000000
1.888563	0.000000
1.909091	0.000000
1.929619	0.000000
1.950147	0.000000
1.970674	0.000000
1.991202	0.000000
2.011730	0.000000
2.032258	0.000000
2.052786	0.000000
2.073314	0.000000
2.093842	0.000000
2.114370	0.000000
2.134897	0.000000
2.155425	0.000000
2.175953	0.000000
2.196481	0.000000
2.217009	0.000000
2.237537	0.000000
2.258065	0.000000
2.278592	0.000000
2.299120	0.000000
2.319648	0.000000
2.340176	0.000000
2.360704	0.000000
2.381232	0.000000
2.401760	0.000000
2.422287	0.000000
2.442815	0.000000
2.463343	0.000000
2.483871	0.000000
2.504399	0.000000
2.524927	0.000000
2.545455	0.000000
2.565982	0.000000
2.586510	0.000000
2.607038	0.000000
2.627566	0.000000
2.648094	0.000000
2.668622	0.000000
2.689150	2.683973
2.709677	5.367947
2.730205	8.051920
2.750733	10.735893
2.771261	13.419867
2.791789	16.103840
2.812317	18.787813
2.832845	21.471787
2.853372	24.155760
2.873900	26.839733
2.894428	27.769183
2.914956	28.698633
2.935484	29.628083
2.956012	30.557533
2.976540	31.486983
2.997067	32.416433
3.017595	33.345883
3.038123	34.275333
3.058651	35.204783
3.079179	36.134233
3.099707	41.039195
3.120235	45.944156
3.140762	50.849117
3.161290	55.754078
3.181818	60.659040
3.202346	65.564001
3.222874	70.468962
3.243402	75.373923
3.263930	80.278885
3.284457	85.183846
3.304985	86.665461
3.325513	88.147077
3.346041	89.628692
3.366569	91.110308
3.387097	92.591923
3.407625	94.073538
3.428152	95.555154
3.448680	97.036769
3.469208	98.518385
3.489736	100.000000
3.510264	95.544876
3.530792	91.089752
3.551320	86.634627
3.571848	82.179503
3.592375	77.724379
3.612903	73.269255
3.633431	68.814130
3.653959	64.359006
3.674487	59.903882
3.695015	55.448758
3.715543	53.101189
3.736070	50.753621
3.756598	48.406053
3.777126	46.058484
3.797654	43.710916
3.818182	41.363347
3.838710	39.015779
3.859238	36.668210
3.879765	34.320642
3.900293	31.973074
3.920821	29.302193
3.941349	26.631312
3.961877	23.960431
3.982405	21.289550
4.002933	18.618669
4.023460	15.947789
4.043988	13.276908
4.064516	10.606027
4.085044	7.935146
4.105572	5.264265
4.126100	5.087231
4.146628	4.910197
4.167155	4.733162
4.187683	4.556128
4.208211	4.379094
4.228739	4.202059
4.249267	4.025025
4.269795	3.847991
4.290323	3.670956
4.310850	3.493922
4.331378	3.354599
4.351906	3.215277
4.372434	3.075954
4.392962	2.936631
4.413490	2.797309
4.434018	2.657986
4.454545	2.518663
4.475073	2.379341
4.495601	2.240018
4.516129	2.100695
4.536657	2.075091
4.557185	2.049486
4.577713	2.023881
4.598240	1.998276
4.618768	1.972671
4.639296	1.947066
4.659824	1.921462
4.680352	1.895857
4.700880	1.870252
4.721408	1.844647
4.741935	1.768812
4.762463	1.692977
4.782991	1.617142
4.803519	1.541307
4.824047	1.465472
4.844575	1.389637
4.865103	1.313802
4.885630	1.237967
4.906158	1.162132
4.926686	1.086297
4.947214	0.983098
4.967742	0.879900
4.988270	0.776702
5.008798	0.673504
5.029326	0.570306
5.049853	0.467108
5.070381	0.363909
5.090909	0.260711
5.111437	0.157513
5.131965	0.054315
5.152493	0.074007
5.173021	0.093698
5.193548	0.113390
5.214076	0.133082
5.234604	0.152773
5.255132	0.172465
5.275660	0.192157
5.296188	0.211848
5.316716	0.231540
5.337243	0.251232
5.357771	0.227365
5.378299	0.203498
5.398827	0.179631
5.419355	0.155764
5.439883	0.131897
5.460411	0.108030
5.480938	0.084163
5.501466	0.060296
5.521994	0.036429
5.542522	0.012562
5.563050	0.036220
5.583578	0.059878
5.604106	0.083536
5.624633	0.107195
5.645161	0.130853
5.665689	0.154511
5.686217	0.178169
5.706745	0.201828
5.727273	0.225486
5.747801	0.249144
5.768328	0.337308
5.788856	0.425471
5.809384	0.513635
5.829912	0.601798
5.850440	0.689962
5.870968	0.778125
5.891496	0.866289
5.912023	0.954452
5.932551	1.042616
5.953079	1.130779
5.973607	1.141401
5.994135	1.152022
6.014663	1.162643
6.035191	1.173264
6.055718	1.183885
6.076246	1.194506
6.096774	1.205127
6.117302	1.215748
6.137830	1.226369
6.158358	1.236990
6.178886	1.231308
6.199413	1.225627
6.219941	1.219945
6.240469	1.214263
6.260997	1.208581
6.281525	1.202899
6.302053	1.197217
6.322581	1.191535
6.343109	1.185854
6.363636	1.180172
6.384164	1.223378
6.404692	1.266584
6.425220	1.309790
6.445748	1.352997
6.466276	1.396203
6.486804	1.439409
6.507331	1.482615
6.527859	1.525821
6.548387	1.569028
6.568915	1.612234
6.589443	1.496349
6.609971	1.380464
6.630499	1.264579
6.651026	1.148695
6.671554	1.032810
6.692082	0.916925
6.712610	0.801040
6.733138	0.685155
6.753666	0.569271
6.774194	0.453386
6.794721	0.410314
6.815249	0.367242
6.835777	0.324171
6.856305	0.281099
6.876833	0.238028
6.897361	0.194956
6.917889	0.151884
6.938416	0.108813
6.958944	0.065741
6.979472	0.022669
