0.000000	0.000000
0.020528	0.000000
0.041056	0.000000
0.061584	0.000000
0.082111	0.000000
0.102639	0.000000
0.123167	0.000000
0.143695	0.000000
0.164223	0.000000
0.184751	0.000000
0.205279	0.000000
0.225806	0.000000
0.246334	0.000000
0.266862	0.000000
0.287390	0.000000
0.307918	0.000000
0.328446	0.000000
0.348974	0.000000
0.369501	0.000000
0.390029	0.000000
0.410557	0.000000
0.431085	0.000000
0.451613	0.000000
0.472141	0.000000
0.492669	0.000000
0.513196	0.000000
0.533724	0.000000
0.554252	0.000000
0.574780	0.000000
0.595308	0.000000
0.615836	0.000000
0.636364	0.000000
0.656891	0.000000
0.677419	0.000000
0.697947	0.000000
0.718475	0.000000
0.739003	0.000000
0.759531	0.000000
0.780059	0.000000
0.800587	0.000000
0.821114	0.000000
0.841642	0.000000
0.862170	0.000000
0.882698	0.000000
0.903226	0.000000
0.923754	0.000000
0.944282	0.000000
0.964809	0.000000
0.985337	0.000000
1.005865	0.000000
1.026393	0.000000
1.046921	0.000000
1.067449	0.000000
1.087977	0.000000
1.108504	0.000000
1.129032	0.000000
1.149560	0.000000
1.170088	0.000000
1.190616	0.000000
1.211144	0.000000
1.231672	0.000000
1.252199	0.000000
1.272727	0.000000
1.293255	0.000000
1.313783	0.000000
1.334311	0.000000
1.354839	0.000000
1.375367	0.000000
1.395894	0.000000
1.416422	0.000000
1.436950	0.000000
1.457478	0.000000
1.478006	0.000000
1.498534	0.000000
1.519062	0.000000
1.539589	0.000000
1.560117	0.000000
1.580645	0.000000
1.601173	0.000000
1.621701	0.000000
1.642229	0.000000
1.662757	0.000000
1.683284	0.000000
1.703812	0.000000
1.724340	0.000000
1.744868	0.000000
1.765396	0.000000
1.785924	0.000000
1.806452	0.000000
1.826979	0.000000
1.847507	0.000000
1.868035	0.000000
1.888563	0.000000
1.909091	0.000000
1.929619	0.000000
1.950147	0.000000
1.970674	0.000000
1.991202	0.000000
2.011730	0.000000
2.032258	0.000000
2.052786	0.000000
2.073314	0.000000
2.093842	0.000000
2.114370	0.000000
2.134897	0.000000
2.155425	0.000000
2.175953	0.000000
2.196481	0.000000
2.217009	0.000000
2.237537	0.000000
2.258065	0.000000
2.278592	0.403484
2.299120	0.806969
2.319648	1.210453
2.340176	1.613937
2.360704	2.017422
2.381232	2.420906
2.401760	2.824390
2.422287	3.227875
2.442815	3.631359
2.463343	4.034843
2.483871	10.700915
2.504399	17.366986
2.524927	24.033058
2.545455	30.699129
2.565982	37.365201
2.586510	44.031272
2.607038	50.697344
2.627566	57.363415
2.648094	64.029487
2.668622	70.695558
2.689150	73.626002
2.709677	76.556447
2.730205	79.486891
2.750733	82.417335
2.771261	85.347779
2.791789	88.278223
2.812317	91.208667
2.832845	94.139112
2.853372	97.069556
2.873900	100.000000
2.894428	93.022937
2.914956	86.045873
2.935484	79.068810
2.956012	72.091746
2.976540	65.114683
2.997067	58.137619
3.017595	51.160556
3.038123	44.183493
3.058651	37.206429
3.079179	30.229366
3.099707	29.495579
3.120235	28.761793
3.140762	28.028006
3.161290	27.294220
3.181818	26.560433
3.202346	25.826647
3.222874	25.092860
3.243402	24.359074
3.263930	23.625287
3.284457	22.891501
3.304985	21.945812
3.325513	21.000124
3.346041	20.054435
3.366569	19.108747
3.387097	18.163058
3.407625	17.217369
3.428152	16.271681
3.448680	15.325992
3.469208	14.380304
3.489736	13.434615
3.510264	12.668480
3.530792	11.902344
3.551320	11.136208
3.571848	10.370072
3.592375	9.603936
3.612903	8.837800
3.633431	8.071664
3.653959	7.305529
3.674487	6.539393
3.695015	5.773257
3.715543	5.368568
3.736070	4.963879
3.756598	4.559190
3.777126	4.154500
3.797654	3.749811
3.818182	3.345122
3.838710	2.940433
3.859238	2.535744
3.879765	2.131055
3.900293	1.726366
3.920821	1.618014
3.941349	1.509662
3.961877	1.401310
3.982405	1.292959
4.002933	1.184607
4.023460	1.076255
4.043988	0.967904
4.064516	0.859552
4.085044	0.751200
4.105572	0.642848
4.126100	0.623518
4.146628	0.604187
4.167155	0.584856
4.187683	0.565525
4.208211	0.546194
4.228739	0.526863
4.249267	0.507533
4.269795	0.488202
4.290323	0.468871
4.310850	0.449540
4.331378	0.406834
4.351906	0.364127
4.372434	0.321421
4.392962	0.278715
4.413490	0.236009
4.434018	0.193302
4.454545	0.150596
4.475073	0.107890
4.495601	0.065183
4.516129	0.022477
4.536657	0.024979
4.557185	0.027482
4.577713	0.029984
4.598240	0.032487
4.618768	0.034989
4.639296	0.037492
4.659824	0.039994
4.680352	0.042496
4.700880	0.044999
4.721408	0.047501
4.741935	0.094004
4.762463	0.140507
4.782991	0.187009
4.803519	0.233512
4.824047	0.280015
4.844575	0.326517
4.865103	0.373020
4.885630	0.419522
4.906158	0.466025
4.926686	0.512528
4.947214	0.672536
4.967742	0.832545
4.988270	0.992554
5.008798	1.152562
5.029326	1.312571
5.049853	1.472580
5.070381	1.632588
5.090909	1.792597
5.111437	1.952606
5.131965	2.112614
5.152493	1.986120
5.173021	1.859626
5.193548	1.733131
5.214076	1.606637
5.234604	1.480143
5.255132	1.353648
5.275660	1.227154
5.296188	1.100660
5.316716	0.974165
5.337243	0.847671
5.357771	0.878448
5.378299	0.909225
5.398827	0.940003
5.419355	0.970780
5.439883	1.001557
5.460411	1.032335
5.480938	1.063112
5.501466	1.093889
5.521994	1.124667
5.542522	1.155444
5.563050	1.124518
5.583578	1.093593
5.604106	1.062668
5.624633	1.031742
5.645161	1.000817
5.665689	0.969891
5.686217	0.938966
5.706745	0.908041
5.727273	0.877115
5.747801	0.846190
5.768328	0.779715
5.788856	0.713240
5.809384	0.646766
5.829912	0.580291
5.850440	0.513816
5.870968	0.447341
5.891496	0.380866
5.912023	0.314392
5.932551	0.247917
5.953079	0.181442
5.973607	0.168843
5.994135	0.156244
6.014663	0.143644
6.035191	0.131045
6.055718	0.118446
6.076246	0.105847
6.096774	0.093247
6.117302	0.080648
6.137830	0.068049
6.158358	0.055450
6.178886	0.054820
6.199413	0.054190
6.219941	0.053560
6.240469	0.052930
6.260997	0.052300
6.281525	0.051670
6.302053	0.051040
6.322581	0.050410
6.343109	0.049780
6.363636	0.049150
6.384164	0.049118
6.404692	0.049087
6.425220	0.049055
6.445748	0.049024
6.466276	0.048993
6.486804	0.048961
6.507331	0.048930
6.527859	0.048898
6.548387	0.048867
6.568915	0.048835
6.589443	0.044196
6.609971	0.039556
6.630499	0.034917
6.651026	0.030278
6.671554	0.025638
6.692082	0.020999
6.712610	0.016360
6.733138	0.011720
6.753666	0.007081
6.774194	0.002442
6.794721	0.006848
6.815249	0.011253
6.835777	0.015659
6.856305	0.020065
6.876833	0.024471
6.897361	0.028876
6.917889	0.033282
6.938416	0.037688
6.958944	0.042094
6.979472	0.046500
