0.000000	0.000000
0.020528	0.000000
0.041056	0.000000
0.061584	0.000000
0.082111	0.000000
0.102639	0.000000
0.123167	0.000000
0.143695	0.000000
0.164223	0.000000
0.184751	0.000000
0.205279	0.000000
0.225806	0.000000
0.246334	0.000000
0.266862	0.000000
0.287390	0.000000
0.307918	0.000000
0.328446	0.000000
0.348974	0.000000
0.369501	0.000000
0.390029	0.000000
0.410557	0.000000
0.431085	0.000000
0.451613	0.000000
0.472141	0.000000
0.492669	0.000000
0.513196	0.000000
0.533724	0.000000
0.554252	0.000000
0.574780	0.000000
0.595308	0.000000
0.615836	0.000000
0.636364	0.000000
0.656891	0.000000
0.677419	0.000000
0.697947	0.000000
0.718475	0.000000
0.739003	0.000000
0.759531	0.000000
0.780059	0.000000
0.800587	0.000000
0.821114	0.000000
0.841642	0.000000
0.862170	0.000000
0.882698	0.000000
0.903226	0.000000
0.923754	0.000000
0.944282	0.000000
0.964809	0.000000
0.985337	0.000000
1.005865	0.000000
1.026393	0.000000
1.046921	0.000000
1.067449	0.000000
1.087977	0.000000
1.108504	0.000000
1.129032	0.000000
1.149560	0.000000
1.170088	0.000000
1.190616	0.000000
1.211144	0.000000
1.231672	0.000000
1.252199	0.000000
1.272727	0.000000
1.293255	0.000000
1.313783	0.000000
1.334311	0.000000
1.354839	0.000000
1.375367	0.000000
1.395894	0.000000
1.416422	0.000000
1.436950	0.000000
1.457478	0.000000
1.478006	0.000000
1.498534	0.000000
1.519062	0.000000
1.539589	0.000000
1.560117	0.000000
1.580645	0.000000
1.601173	0.000000
1.621701	0.000000
1.642229	0.000000
1.662757	0.000000
1.683284	0.000000
1.703812	0.000000
1.724340	0.000000
1.744868	0.000000
1.765396	0.000000
1.785924	0.000000
1.806452	0.000000
1.826979	0.000000
1.847507	0.000000
1.868035	0.000000
1.888563	0.000000
1.909091	0.000000
1.929619	0.000000
1.950147	0.000000
1.970674	0.000000
1.991202	0.000000
2.011730	0.000000
2.032258	0.000000
2.052786	0.000000
2.073314	0.000000
2.093842	0.000000
2.114370	0.000000
2.134897	0.000000
2.155425	0.000000
2.175953	0.000000
2.196481	0.000000
2.217009	0.000000
2.237537	0.000000
2.258065	0.000000
2.278592	0.000000
2.299120	0.000000
2.319648	0.000000
2.340176	0.000000
2.360704	0.000000
2.381232	0.000000
2.401760	0.000000
2.422287	0.000000
2.442815	0.000000
2.463343	0.000000
2.483871	3.681480
2.504399	7.362960
2.524927	11.044441
2.545455	14.725921
2.565982	18.407401
2.586510	22.088881
2.607038	25.770362
2.627566	29.451842
2.648094	33.133322
2.668622	36.814802
2.689150	41.409481
2.709677	46.004160
2.730205	50.598838
2.750733	55.193517
2.771261	59.788195
2.791789	64.382874
2.812317	68.977553
2.832845	73.572231
2.853372	78.166910
2.873900	82.761588
2.894428	84.485429
2.914956	86.209271
2.935484	87.933112
2.956012	89.656953
2.976540	91.380794
2.997067	93.104635
3.017595	94.828476
3.038123	96.552318
3.058651	98.276159
3.079179	100.000000
3.099707	95.765234
3.120235	91.530468
3.140762	87.295702
3.161290	83.060936
3.181818	78.826170
3.202346	74.591404
3.222874	70.356637
3.243402	66.121871
3.263930	61.887105
3.284457	57.652339
3.304985	54.536056
3.325513	51.419774
3.346041	48.303491
3.366569	45.187208
3.387097	42.070925
3.407625	38.954642
3.428152	35.838360
3.448680	32.722077
3.469208	29.605794
3.489736	26.489511
3.510264	25.532856
3.530792	24.576200
3.551320	23.619545
3.571848	22.662889
3.592375	21.706233
3.612903	20.749578
3.633431	19.792922
3.653959	18.836266
3.674487	17.879611
3.695015	16.922955
3.715543	15.924870
3.736070	14.926785
3.756598	13.928700
3.777126	12.930615
3.797654	11.932530
3.818182	10.934445
3.838710	9.936360
3.859238	8.938275
3.879765	7.940190
3.900293	6.942105
3.920821	6.330417
3.941349	5.718728
3.961877	5.107040
3.982405	4.495351
4.002933	3.883662
4.023460	3.271974
4.043988	2.660285
4.064516	2.048597
4.085044	1.436908
4.105572	0.825220
4.126100	0.770729
4.146628	0.716239
4.167155	0.661749
4.187683	0.607259
4.208211	0.552769
4.228739	0.498279
4.249267	0.443789
4.269795	0.389298
4.290323	0.334808
4.310850	0.280318
4.331378	0.253688
4.351906	0.227058
4.372434	0.200427
4.392962	0.173797
4.413490	0.147167
4.434018	0.120537
4.454545	0.093907
4.475073	0.067276
4.495601	0.040646
4.516129	0.014016
4.536657	0.156119
4.557185	0.298221
4.577713	0.440324
4.598240	0.582427
4.618768	0.724530
4.639296	0.866633
4.659824	1.008735
4.680352	1.150838
4.700880	1.292941
4.721408	1.435044
4.741935	1.298715
4.762463	1.162385
4.782991	1.026056
4.803519	0.889727
4.824047	0.753398
4.844575	0.617069
4.865103	0.480740
4.885630	0.344410
4.906158	0.208081
4.926686	0.071752
4.947214	0.082865
4.967742	0.093978
4.988270	0.105091
5.008798	0.116204
5.029326	0.127316
5.049853	0.138429
5.070381	0.149542
5.090909	0.160655
5.111437	0.171768
5.131965	0.182880
5.152493	0.255153
5.173021	0.327426
5.193548	0.399699
5.214076	0.471972
5.234604	0.544244
5.255132	0.616517
5.275660	0.688790
5.296188	0.761063
5.316716	0.833336
5.337243	0.905608
5.357771	1.046680
5.378299	1.187751
5.398827	1.328823
5.419355	1.469894
5.439883	1.610966
5.460411	1.752037
5.480938	1.893109
5.501466	2.034180
5.521994	2.175252
5.542522	2.316323
5.563050	2.179943
5.583578	2.043562
5.604106	1.907181
5.624633	1.770801
5.645161	1.634420
5.665689	1.498039
5.686217	1.361658
5.706745	1.225278
5.727273	1.088897
5.747801	0.952516
5.768328	0.999485
5.788856	1.046454
5.809384	1.093423
5.829912	1.140392
5.850440	1.187360
5.870968	1.234329
5.891496	1.281298
5.912023	1.328267
5.932551	1.375236
5.953079	1.422204
5.973607	1.311001
5.994135	1.199797
6.014663	1.088593
6.035191	0.977390
6.055718	0.866186
6.076246	0.754982
6.096774	0.643779
6.117302	0.532575
6.137830	0.421371
6.158358	0.310167
6.178886	0.286678
6.199413	0.263188
6.219941	0.239699
6.240469	0.216209
6.260997	0.192720
6.281525	0.169231
6.302053	0.145741
6.322581	0.122252
6.343109	0.098762
6.363636	0.075273
6.384164	0.080075
6.404692	0.084877
6.425220	0.089679
6.445748	0.094480
6.466276	0.099282
6.486804	0.104084
6.507331	0.108886
6.527859	0.113688
6.548387	0.118490
6.568915	0.123292
6.589443	0.135485
6.609971	0.147678
6.630499	0.159871
6.651026	0.172064
6.671554	0.184257
6.692082	0.196450
6.712610	0.208643
6.733138	0.220836
6.753666	0.233029
6.774194	0.245222
6.794721	0.221926
6.815249	0.198630
6.835777	0.175334
6.856305	0.152037
6.876833	0.128741
6.897361	0.105445
6.917889	0.082149
6.938416	0.058853
6.958944	0.035557
6.979472	0.012261
