0.000000	0.000000
0.020528	0.000000
0.041056	0.000000
0.061584	0.000000
0.082111	0.000000
0.102639	0.000000
0.123167	0.000000
0.143695	0.000000
0.164223	0.000000
0.184751	0.000000
0.205279	0.000000
0.225806	0.000000
0.246334	0.000000
0.266862	0.000000
0.287390	0.000000
0.307918	0.000000
0.328446	0.000000
0.348974	0.000000
0.369501	0.000000
0.390029	0.000000
0.410557	0.000000
0.431085	0.000000
0.451613	0.000000
0.472141	0.000000
0.492669	0.000000
0.513196	0.000000
0.533724	0.000000
0.554252	0.000000
0.574780	0.000000
0.595308	0.000000
0.615836	0.000000
0.636364	0.000000
0.656891	0.000000
0.677419	0.000000
0.697947	0.000000
0.718475	0.000000
0.739003	0.000000
0.759531	0.000000
0.780059	0.000000
0.800587	0.000000
0.821114	0.000000
0.841642	0.000000
0.862170	0.000000
0.882698	0.000000
0.903226	0.000000
0.923754	0.000000
0.944282	0.000000
0.964809	0.000000
0.985337	0.000000
1.005865	0.000000
1.026393	0.000000
1.046921	0.000000
1.067449	0.000000
1.087977	0.000000
1.108504	0.000000
1.129032	0.000000
1.149560	0.000000
1.170088	0.000000
1.190616	0.000000
1.211144	0.000000
1.231672	0.000000
1.252199	0.000000
1.272727	0.000000
1.293255	0.000000
1.313783	0.000000
1.334311	0.000000
1.354839	0.000000
1.375367	0.000000
1.395894	0.000000
1.416422	0.000000
1.436950	0.000000
1.457478	0.000000
1.478006	0.000000
1.498534	0.000000
1.519062	0.000000
1.539589	0.000000
1.560117	0.000000
1.580645	0.000000
1.601173	0.000000
1.621701	0.000000
1.642229	0.000000
1.662757	0.000000
1.683284	0.000000
1.703812	0.000000
1.724340	0.000000
1.744868	0.000000
1.765396	0.000000
1.785924	0.000000
1.806452	0.000000
1.826979	0.000000
1.847507	0.000000
1.868035	0.000000
1.888563	0.000000
1.909091	0.000000
1.929619	0.000000
1.950147	0.000000
1.970674	0.000000
1.991202	0.000000
2.011730	0.000000
2.032258	0.000000
2.052786	0.000000
2.073314	0.147280
2.093842	0.294560
2.114370	0.441840
2.134897	0.589119
2.155425	0.736399
2.175953	0.883679
2.196481	1.030959
2.217009	1.178239
2.237537	1.325519
2.258065	1.472798
2.278592	2.899405
2.299120	4.326011
2.319648	5.752617
2.340176	7.179223
2.360704	8.605829
2.381232	10.032435
2.401760	11.459041
2.422287	12.885647
2.442815	14.312253
2.463343	15.738859
2.483871	24.164974
2.504399	32.591088
2.524927	41.017202
2.545455	49.443316
2.565982	57.869430
2.586510	66.295544
2.607038	74.721658
2.627566	83.147772
2.648094	91.573886
2.668622	100.000000
2.689150	99.591183
2.709677	99.182366
2.730205	98.773549
2.750733	98.364732
2.771261	97.955915
2.791789	97.547098
2.812317	97.138281
2.832845	96.729464
2.853372	96.320647
2.873900	95.911830
2.894428	90.582620
2.914956	85.253410
2.935484	79.924201
2.956012	74.594991
2.976540	69.265781
2.997067	63.936571
3.017595	58.607362
3.038123	53.278152
3.058651	47.948942
3.079179	42.619733
3.099707	41.824404
3.120235	41.029075
3.140762	40.233746
3.161290	39.438417
3.181818	38.643088
3.202346	37.847759
3.222874	37.052430
3.243402	36.257101
3.263930	35.461772
3.284457	34.666443
3.304985	33.341325
3.325513	32.016207
3.346041	30.691089
3.366569	29.365971
3.387097	28.040854
3.407625	26.715736
3.428152	25.390618
3.448680	24.065500
3.469208	22.740382
3.489736	21.415265
3.510264	20.030185
3.530792	18.645105
3.551320	17.260025
3.571848	15.874945
3.592375	14.489865
3.612903	13.104785
3.633431	11.719705
3.653959	10.334625
3.674487	8.949545
3.695015	7.564465
3.715543	7.240819
3.736070	6.917172
3.756598	6.593526
3.777126	6.269880
3.797654	5.946233
3.818182	5.622587
3.838710	5.298940
3.859238	4.975294
3.879765	4.651647
3.900293	4.328001
3.920821	4.037342
3.941349	3.746684
3.961877	3.456026
3.982405	3.165367
4.002933	2.874709
4.023460	2.584050
4.043988	2.293392
4.064516	2.002734
4.085044	1.712075
4.105572	1.421417
4.126100	1.286382
4.146628	1.151348
4.167155	1.016313
4.187683	0.881278
4.208211	0.746244
4.228739	0.611209
4.249267	0.476175
4.269795	0.341140
4.290323	0.206105
4.310850	0.071071
4.331378	0.144654
4.351906	0.218236
4.372434	0.291819
4.392962	0.365402
4.413490	0.438984
4.434018	0.512567
4.454545	0.586150
4.475073	0.659733
4.495601	0.733315
4.516129	0.806898
4.536657	0.750326
4.557185	0.693755
4.577713	0.637183
4.598240	0.580611
4.618768	0.524040
4.639296	0.467468
4.659824	0.410896
4.680352	0.354324
4.700880	0.297753
4.721408	0.241181
4.741935	0.298603
4.762463	0.356026
4.782991	0.413448
4.803519	0.470870
4.824047	0.528292
4.844575	0.585715
4.865103	0.643137
4.885630	0.700559
4.906158	0.757981
4.926686	0.815404
4.947214	0.871831
4.967742	0.928258
4.988270	0.984686
5.008798	1.041113
5.029326	1.097541
5.049853	1.153968
5.070381	1.210396
5.090909	1.266823
5.111437	1.323250
5.131965	1.379678
5.152493	1.335637
5.173021	1.291597
5.193548	1.247557
5.214076	1.203516
5.234604	1.159476
5.255132	1.115435
5.275660	1.071395
5.296188	1.027355
5.316716	0.983314
5.337243	0.939274
5.357771	0.997323
5.378299	1.055372
5.398827	1.113420
5.419355	1.171469
5.439883	1.229518
5.460411	1.287567
5.480938	1.345616
5.501466	1.403664
5.521994	1.461713
5.542522	1.519762
5.563050	1.495886
5.583578	1.472011
5.604106	1.448135
5.624633	1.424259
5.645161	1.400384
5.665689	1.376508
5.686217	1.352632
5.706745	1.328756
5.727273	1.304881
5.747801	1.281005
5.768328	1.172699
5.788856	1.064392
5.809384	0.956086
5.829912	0.847779
5.850440	0.739473
5.870968	0.631167
5.891496	0.522860
5.912023	0.414554
5.932551	0.306247
5.953079	0.197941
5.973607	0.179137
5.994135	0.160332
6.014663	0.141528
6.035191	0.122723
6.055718	0.103919
6.076246	0.085115
6.096774	0.066310
6.117302	0.047506
6.137830	0.028701
6.158358	0.009897
6.178886	0.015651
6.199413	0.021406
6.219941	0.027160
6.240469	0.032914
6.260997	0.038669
6.281525	0.044423
6.302053	0.050177
6.322581	0.055932
6.343109	0.061686
6.363636	0.067440
6.384164	0.067728
6.404692	0.068016
6.425220	0.068303
6.445748	0.068591
6.466276	0.068879
6.486804	0.069167
6.507331	0.069454
6.527859	0.069742
6.548387	0.070030
6.568915	0.070317
6.589443	0.063637
6.609971	0.056957
6.630499	0.050277
6.651026	0.043597
6.671554	0.036917
6.692082	0.030236
6.712610	0.023556
6.733138	0.016876
6.753666	0.010196
6.774194	0.003516
6.794721	0.003182
6.815249	0.002848
6.835777	0.002514
6.856305	0.002180
6.876833	0.001846
6.897361	0.001512
6.917889	0.001178
6.938416	0.000844
6.958944	0.000510
6.979472	0.000176
