0.000000	0.000000
0.020528	0.000000
0.041056	0.000000
0.061584	0.000000
0.082111	0.000000
0.102639	0.000000
0.123167	0.000000
0.143695	0.000000
0.164223	0.000000
0.184751	0.000000
0.205279	0.000000
0.225806	0.000000
0.246334	0.000000
0.266862	0.000000
0.287390	0.000000
0.307918	0.000000
0.328446	0.000000
0.348974	0.000000
0.369501	0.000000
0.390029	0.000000
0.410557	0.000000
0.431085	0.000000
0.451613	0.000000
0.472141	0.000000
0.492669	0.000000
0.513196	0.000000
0.533724	0.000000
0.554252	0.000000
0.574780	0.000000
0.595308	0.000000
0.615836	0.000000
0.636364	0.000000
0.656891	0.000000
0.677419	0.000000
0.697947	0.000000
0.718475	0.000000
0.739003	0.000000
0.759531	0.000000
0.780059	0.000000
0.800587	0.000000
0.821114	0.000000
0.841642	0.000000
0.862170	0.000000
0.882698	0.000000
0.903226	0.000000
0.923754	0.000000
0.944282	0.000000
0.964809	0.000000
0.985337	0.000000
1.005865	0.000000
1.026393	0.000000
1.046921	0.000000
1.067449	0.000000
1.087977	0.000000
1.108504	0.000000
1.129032	0.000000
1.149560	0.000000
1.170088	0.000000
1.190616	0.000000
1.211144	0.000000
1.231672	0.000000
1.252199	0.000000
1.272727	0.000000
1.293255	0.000000
1.313783	0.000000
1.334311	0.000000
1.354839	0.000000
1.375367	0.000000
1.395894	0.000000
1.416422	0.000000
1.436950	0.000000
1.457478	0.000000
1.478006	0.000000
1.498534	0.000000
1.519062	0.000000
1.539589	0.000000
1.560117	0.000000
1.580645	0.000000
1.601173	0.000000
1.621701	0.000000
1.642229	0.000000
1.662757	0.000000
1.683284	0.000000
1.703812	0.000000
1.724340	0.000000
1.744868	0.000000
1.765396	0.000000
1.785924	0.000000
1.806452	0.000000
1.826979	0.000000
1.847507	0.000000
1.868035	0.000000
1.888563	0.000000
1.909091	0.000000
1.929619	0.000000
1.950147	0.000000
1.970674	0.000000
1.991202	0.000000
2.011730	0.000000
2.032258	0.000000
2.052786	0.000000
2.073314	0.000000
2.093842	0.000000
2.114370	0.000000
2.134897	0.000000
2.155425	0.000000
2.175953	0.000000
2.196481	0.000000
2.217009	0.000000
2.237537	0.000000
2.258065	0.000000
2.278592	0.000000
2.299120	0.000000
2.319648	0.000000
2.340176	0.000000
2.360704	0.000000
2.381232	0.000000
2.401760	0.000000
2.422287	0.000000
2.442815	0.000000
2.463343	0.000000
2.483871	4.306351
2.504399	8.612701
2.524927	12.919052
2.545455	17.225402
2.565982	21.531753
2.586510	25.838103
2.607038	30.144454
2.627566	34.450804
2.648094	38.757155
2.668622	43.063505
2.689150	48.757155
2.709677	54.450804
2.730205	60.144454
2.750733	65.838103
2.771261	71.531753
2.791789	77.225402
2.812317	82.919052
2.832845	88.612701
2.853372	94.306351
2.873900	100.000000
2.894428	98.840147
2.914956	97.680294
2.935484	96.520442
2.956012	95.360589
2.976540	94.200736
2.997067	93.040883
3.017595	91.881030
3.038123	90.721177
3.058651	89.561325
3.079179	88.401472
3.099707	83.900852
3.120235	79.400232
3.140762	74.899612
3.161290	70.398992
3.181818	65.898371
3.202346	61.397751
3.222874	56.897131
3.243402	52.396511
3.263930	47.895891
3.284457	43.395271
3.304985	41.112459
3.325513	38.829646
3.346041	36.546834
3.366569	34.264022
3.387097	31.981209
3.407625	29.698397
3.428152	27.415584
3.448680	25.132772
3.469208	22.849959
3.489736	20.567147
3.510264	20.255405
3.530792	19.943663
3.551320	19.631921
3.571848	19.320178
3.592375	19.008436
3.612903	18.696694
3.633431	18.384952
3.653959	18.073210
3.674487	17.761468
3.695015	17.449726
3.715543	16.084997
3.736070	14.720268
3.756598	13.355540
3.777126	11.990811
3.797654	10.626083
3.818182	9.261354
3.838710	7.896626
3.859238	6.531897
3.879765	5.167169
3.900293	3.802440
3.920821	3.597927
3.941349	3.393413
3.961877	3.188900
3.982405	2.984387
4.002933	2.779873
4.023460	2.575360
4.043988	2.370847
4.064516	2.166333
4.085044	1.961820
4.105572	1.757307
4.126100	1.801592
4.146628	1.845877
4.167155	1.890162
4.187683	1.934447
4.208211	1.978732
4.228739	2.023017
4.249267	2.067302
4.269795	2.111587
4.290323	2.155872
4.310850	2.200158
4.331378	1.991143
4.351906	1.782128
4.372434	1.573113
4.392962	1.364098
4.413490	1.155083
4.434018	0.946068
4.454545	0.737053
4.475073	0.528038
4.495601	0.319023
4.516129	0.110008
4.536657	0.099557
4.557185	0.089106
4.577713	0.078656
4.598240	0.068205
4.618768	0.057754
4.639296	0.047303
4.659824	0.036853
4.680352	0.026402
4.700880	0.015951
4.721408	0.005500
4.741935	0.004978
4.762463	0.004455
4.782991	0.003933
4.803519	0.003410
4.824047	0.002888
4.844575	0.002365
4.865103	0.001843
4.885630	0.001320
4.906158	0.000798
4.926686	0.000275
4.947214	0.007063
4.967742	0.013850
4.988270	0.020638
5.008798	0.027426
5.029326	0.034214
5.049853	0.041001
5.070381	0.047789
5.090909	0.054577
5.111437	0.061364
5.131965	0.068152
5.152493	0.286535
5.173021	0.504917
5.193548	0.723300
5.214076	0.941682
5.234604	1.160064
5.255132	1.378447
5.275660	1.596829
5.296188	1.815212
5.316716	2.033594
5.337243	2.251977
5.357771	2.187944
5.378299	2.123910
5.398827	2.059877
5.419355	1.995844
5.439883	1.931811
5.460411	1.867778
5.480938	1.803744
5.501466	1.739711
5.521994	1.675678
5.542522	1.611645
5.563050	1.567560
5.583578	1.523475
5.604106	1.479391
5.624633	1.435306
5.645161	1.391221
5.665689	1.347136
5.686217	1.303052
5.706745	1.258967
5.727273	1.214882
5.747801	1.170798
5.768328	1.243546
5.788856	1.316294
5.809384	1.389042
5.829912	1.461790
5.850440	1.534538
5.870968	1.607286
5.891496	1.680034
5.912023	1.752782
5.932551	1.825530
5.953079	1.898278
5.973607	1.765639
5.994135	1.632999
6.014663	1.500360
6.035191	1.367720
6.055718	1.235081
6.076246	1.102441
6.096774	0.969802
6.117302	0.837162
6.137830	0.704523
6.158358	0.571883
6.178886	0.524368
6.199413	0.476853
6.219941	0.429338
6.240469	0.381823
6.260997	0.334308
6.281525	0.286793
6.302053	0.239278
6.322581	0.191763
6.343109	0.144248
6.363636	0.096733
6.384164	0.094357
6.404692	0.091981
6.425220	0.089605
6.445748	0.087230
6.466276	0.084854
6.486804	0.082478
6.507331	0.080102
6.527859	0.077727
6.548387	0.075351
6.568915	0.072975
6.589443	0.072856
6.609971	0.072738
6.630499	0.072619
6.651026	0.072500
6.671554	0.072381
6.692082	0.072262
6.712610	0.072144
6.733138	0.072025
6.753666	0.071906
6.774194	0.071787
6.794721	0.064967
6.815249	0.058148
6.835777	0.051328
6.856305	0.044508
6.876833	0.037688
6.897361	0.030869
6.917889	0.024049
6.938416	0.017229
6.958944	0.010409
6.979472	0.003589
