0.000000	0.000000
0.020528	0.000000
0.041056	0.000000
0.061584	0.000000
0.082111	0.000000
0.102639	0.000000
0.123167	0.000000
0.143695	0.000000
0.164223	0.000000
0.184751	0.000000
0.205279	0.000000
0.225806	0.000000
0.246334	0.000000
0.266862	0.000000
0.287390	0.000000
0.307918	0.000000
0.328446	0.000000
0.348974	0.000000
0.369501	0.000000
0.390029	0.000000
0.410557	0.000000
0.431085	0.000000
0.451613	0.000000
0.472141	0.000000
0.492669	0.000000
0.513196	0.000000
0.533724	0.000000
0.554252	0.000000
0.574780	0.000000
0.595308	0.000000
0.615836	0.000000
0.636364	0.000000
0.656891	0.000000
0.677419	0.000000
0.697947	0.000000
0.718475	0.000000
0.739003	0.000000
0.759531	0.000000
0.780059	0.000000
0.800587	0.000000
0.821114	0.000000
0.841642	0.000000
0.862170	0.000000
0.882698	0.000000
0.903226	0.000000
0.923754	0.000000
0.944282	0.000000
0.964809	0.000000
0.985337	0.000000
1.005865	0.000000
1.026393	0.000000
1.046921	0.000000
1.067449	0.000000
1.087977	0.000000
1.108504	0.000000
1.129032	0.000000
1.149560	0.000000
1.170088	0.000000
1.190616	0.000000
1.211144	0.000000
1.231672	0.000000
1.252199	0.000000
1.272727	0.000000
1.293255	0.000000
1.313783	0.000000
1.334311	0.000000
1.354839	0.000000
1.375367	0.000000
1.395894	0.000000
1.416422	0.000000
1.436950	0.000000
1.457478	0.000000
1.478006	0.000000
1.498534	0.000000
1.519062	0.000000
1.539589	0.000000
1.560117	0.000000
1.580645	0.000000
1.601173	0.000000
1.621701	0.000000
1.642229	0.000000
1.662757	0.000000
1.683284	0.000000
1.703812	0.000000
1.724340	0.000000
1.744868	0.000000
1.765396	0.000000
1.785924	0.000000
1.806452	0.000000
1.826979	0.000000
1.847507	0.000000
1.868035	0.000000
1.888563	0.000000
1.909091	0.000000
1.929619	0.000000
1.950147	0.000000
1.970674	0.000000
1.991202	0.000000
2.011730	0.000000
2.032258	0.000000
2.052786	0.000000
2.073314	0.008818
2.093842	0.017637
2.114370	0.026455
2.134897	0.035274
2.155425	0.044092
2.175953	0.052911
2.196481	0.061729
2.217009	0.070548
2.237537	0.079366
2.258065	0.088185
2.278592	0.079807
2.299120	0.071430
2.319648	0.063052
2.340176	0.054674
2.360704	0.046297
2.381232	0.037919
2.401760	0.029542
2.422287	0.021164
2.442815	0.012787
2.463343	0.004409
2.483871	0.003990
2.504399	0.003571
2.524927	0.003153
2.545455	0.002734
2.565982	0.002315
2.586510	0.001896
2.607038	0.001477
2.627566	0.001058
2.648094	0.000639
2.668622	0.000220
2.689150	0.000200
2.709677	0.000179
2.730205	0.000158
2.750733	0.000137
2.771261	0.000116
2.791789	0.000095
2.812317	0.000074
2.832845	0.000053
2.853372	0.000032
2.873900	0.000011
2.894428	0.035284
2.914956	0.070557
2.935484	0.105829
2.956012	0.141102
2.976540	0.176375
2.997067	0.211648
3.017595	0.246921
3.038123	0.282194
3.058651	0.317466
3.079179	0.352739
3.099707	1.179911
3.120235	2.007083
3.140762	2.834255
3.161290	3.661427
3.181818	4.488599
3.202346	5.315771
3.222874	6.142943
3.243402	6.970115
3.263930	7.797287
3.284457	8.624459
3.304985	10.175538
3.325513	11.726618
3.346041	13.277698
3.366569	14.828778
3.387097	16.379858
3.407625	17.930937
3.428152	19.482017
3.448680	21.033097
3.469208	22.584177
3.489736	24.135256
3.510264	23.800106
3.530792	23.464956
3.551320	23.129806
3.571848	22.794656
3.592375	22.459506
3.612903	22.124355
3.633431	21.789205
3.653959	21.454055
3.674487	21.118905
3.695015	20.783755
3.715543	28.705379
3.736070	36.627004
3.756598	44.548628
3.777126	52.470253
3.797654	60.391877
3.818182	68.313502
3.838710	76.235126
3.859238	84.156751
3.879765	92.078375
3.900293	100.000000
3.920821	96.129708
3.941349	92.259416
3.961877	88.389124
3.982405	84.518832
4.002933	80.648540
4.023460	76.778248
4.043988	72.907956
4.064516	69.037664
4.085044	65.167371
4.105572	61.297079
4.126100	57.960664
4.146628	54.624249
4.167155	51.287833
4.187683	47.951418
4.208211	44.615002
4.228739	41.278587
4.249267	37.942171
4.269795	34.605756
4.290323	31.269340
4.310850	27.932925
4.331378	26.381605
4.351906	24.830285
4.372434	23.278966
4.392962	21.727646
4.413490	20.176326
4.434018	18.625006
4.454545	17.073687
4.475073	15.522367
4.495601	13.971047
4.516129	12.419727
4.536657	11.841272
4.557185	11.262818
4.577713	10.684363
4.598240	10.105908
4.618768	9.527453
4.639296	8.948999
4.659824	8.370544
4.680352	7.792089
4.700880	7.213634
4.721408	6.635179
4.741935	6.486326
4.762463	6.337472
4.782991	6.188618
4.803519	6.039764
4.824047	5.890910
4.844575	5.742056
4.865103	5.593202
4.885630	5.444348
4.906158	5.295495
4.926686	5.146641
4.947214	4.939901
4.967742	4.733161
4.988270	4.526421
5.008798	4.319681
5.029326	4.112941
5.049853	3.906201
5.070381	3.699461
5.090909	3.492721
5.111437	3.285981
5.131965	3.079241
5.152493	3.289365
5.173021	3.499490
5.193548	3.709615
5.214076	3.919739
5.234604	4.129864
5.255132	4.339989
5.275660	4.550113
5.296188	4.760238
5.316716	4.970362
5.337243	5.180487
5.357771	4.963477
5.378299	4.746467
5.398827	4.529457
5.419355	4.312446
5.439883	4.095436
5.460411	3.878426
5.480938	3.661416
5.501466	3.444406
5.521994	3.227396
5.542522	3.010385
5.563050	2.840802
5.583578	2.671220
5.604106	2.501637
5.624633	2.332054
5.645161	2.162471
5.665689	1.992888
5.686217	1.823305
5.706745	1.653722
5.727273	1.484140
5.747801	1.314557
5.768328	1.530066
5.788856	1.745576
5.809384	1.961086
5.829912	2.176596
5.850440	2.392106
5.870968	2.607616
5.891496	2.823126
5.912023	3.038636
5.932551	3.254145
5.953079	3.469655
5.973607	3.753803
5.994135	4.037951
6.014663	4.322099
6.035191	4.606247
6.055718	4.890395
6.076246	5.174543
6.096774	5.458691
6.117302	5.742838
6.137830	6.026986
6.158358	6.311134
6.178886	5.748614
6.199413	5.186094
6.219941	4.623574
6.240469	4.061053
6.260997	3.498533
6.281525	2.936013
6.302053	2.373493
6.322581	1.810973
6.343109	1.248452
6.363636	0.685932
6.384164	0.710717
6.404692	0.735502
6.425220	0.760287
6.445748	0.785071
6.466276	0.809856
6.486804	0.834641
6.507331	0.859426
6.527859	0.884210
6.548387	0.908995
6.568915	0.933780
6.589443	0.860944
6.609971	0.788108
6.630499	0.715272
6.651026	0.642437
6.671554	0.569601
6.692082	0.496765
6.712610	0.423929
6.733138	0.351093
6.753666	0.278257
6.774194	0.205421
6.794721	0.203543
6.815249	0.201665
6.835777	0.199787
6.856305	0.197909
6.876833	0.196031
6.897361	0.194153
6.917889	0.192275
6.938416	0.190397
6.958944	0.188518
6.979472	0.186640
