0.000000	0.000000
0.020528	0.000000
0.041056	0.000000
0.061584	0.000000
0.082111	0.000000
0.102639	0.000000
0.123167	0.000000
0.143695	0.000000
0.164223	0.000000
0.184751	0.000000
0.205279	0.000000
0.225806	0.000000
0.246334	0.000000
0.266862	0.000000
0.287390	0.000000
0.307918	0.000000
0.328446	0.000000
0.348974	0.000000
0.369501	0.000000
0.390029	0.000000
0.410557	0.000000
0.431085	0.000000
0.451613	0.000000
0.472141	0.000000
0.492669	0.000000
0.513196	0.000000
0.533724	0.000000
0.554252	0.000000
0.574780	0.000000
0.595308	0.000000
0.615836	0.000000
0.636364	0.000000
0.656891	0.000000
0.677419	0.000000
0.697947	0.000000
0.718475	0.000000
0.739003	0.000000
0.759531	0.000000
0.780059	0.000000
0.800587	0.000000
0.821114	0.000000
0.841642	0.000000
0.862170	0.000000
0.882698	0.000000
0.903226	0.000000
0.923754	0.000000
0.944282	0.000000
0.964809	0.000000
0.985337	0.000000
1.005865	0.000000
1.026393	0.000000
1.046921	0.000000
1.067449	0.000000
1.087977	0.000000
1.108504	0.000000
1.129032	0.000000
1.149560	0.000000
1.170088	0.000000
1.190616	0.000000
1.211144	0.000000
1.231672	0.000000
1.252199	0.000000
1.272727	0.000000
1.293255	0.000000
1.313783	0.000000
1.334311	0.000000
1.354839	0.000000
1.375367	0.000000
1.395894	0.000000
1.416422	0.000000
1.436950	0.000000
1.457478	0.000000
1.478006	0.000000
1.498534	0.000000
1.519062	0.000000
1.539589	0.000000
1.560117	0.000000
1.580645	0.000000
1.601173	0.000000
1.621701	0.000000
1.642229	0.000000
1.662757	0.000000
1.683284	0.000000
1.703812	0.000000
1.724340	0.000000
1.744868	0.000000
1.765396	0.000000
1.785924	0.000000
1.806452	0.000000
1.826979	0.000000
1.847507	0.000000
1.868035	0.000000
1.888563	0.000000
1.909091	0.000000
1.929619	0.000000
1.950147	0.000000
1.970674	0.000000
1.991202	0.000000
2.011730	0.000000
2.032258	0.000000
2.052786	0.000000
2.073314	0.000000
2.093842	0.000000
2.114370	0.000000
2.134897	0.000000
2.155425	0.000000
2.175953	0.000000
2.196481	0.000000
2.217009	0.000000
2.237537	0.000000
2.258065	0.000000
2.278592	0.000000
2.299120	0.000000
2.319648	0.000000
2.340176	0.000000
2.360704	0.000000
2.381232	0.000000
2.401760	0.000000
2.422287	0.000000
2.442815	0.000000
2.463343	0.000000
2.483871	0.000000
2.504399	0.000000
2.524927	0.000000
2.545455	0.000000
2.565982	0.000000
2.586510	0.000000
2.607038	0.000000
2.627566	0.000000
2.648094	0.000000
2.668622	0.000000
2.689150	1.293801
2.709677	2.587601
2.730205	3.881402
2.750733	5.175202
2.771261	6.469003
2.791789	7.762803
2.812317	9.056604
2.832845	10.350404
2.853372	11.644205
2.873900	12.938005
2.894428	21.120096
2.914956	29.302186
2.935484	37.484277
2.956012	45.666367
2.976540	53.848458
2.997067	62.030548
3.017595	70.212639
3.038123	78.394729
3.058651	86.576819
3.079179	94.758910
3.099707	95.283019
3.120235	95.807128
3.140762	96.331237
3.161290	96.855346
3.181818	97.379455
3.202346	97.903564
3.222874	98.427673
3.243402	98.951782
3.263930	99.475891
3.284457	100.000000
3.304985	93.375112
3.325513	86.750225
3.346041	80.125337
3.366569	73.500449
3.387097	66.875562
3.407625	60.250674
3.428152	53.625786
3.448680	47.000898
3.469208	40.376011
3.489736	33.751123
3.510264	32.586096
3.530792	31.421069
3.551320	30.256042
3.571848	29.091015
3.592375	27.925988
3.612903	26.760961
3.633431	25.595934
3.653959	24.430907
3.674487	23.265881
3.695015	22.100854
3.715543	21.822177
3.736070	21.543500
3.756598	21.264824
3.777126	20.986147
3.797654	20.707470
3.818182	20.428794
3.838710	20.150117
3.859238	19.871441
3.879765	19.592764
3.900293	19.314087
3.920821	17.656548
3.941349	15.999008
3.961877	14.341468
3.982405	12.683928
4.002933	11.026389
4.023460	9.368849
4.043988	7.711309
4.064516	6.053770
4.085044	4.396230
4.105572	2.738690
4.126100	2.732483
4.146628	2.726276
4.167155	2.720068
4.187683	2.713861
4.208211	2.707654
4.228739	2.701446
4.249267	2.695239
4.269795	2.689032
4.290323	2.682824
4.310850	2.676617
4.331378	2.527759
4.351906	2.378901
4.372434	2.230044
4.392962	2.081186
4.413490	1.932328
4.434018	1.783470
4.454545	1.634612
4.475073	1.485754
4.495601	1.336897
4.516129	1.188039
4.536657	1.171012
4.557185	1.153986
4.577713	1.136959
4.598240	1.119932
4.618768	1.102906
4.639296	1.085879
4.659824	1.068853
4.680352	1.051826
4.700880	1.034799
4.721408	1.017773
4.741935	0.997754
4.762463	0.977735
4.782991	0.957716
4.803519	0.937698
4.824047	0.917679
4.844575	0.897660
4.865103	0.877641
4.885630	0.857623
4.906158	0.837604
4.926686	0.817585
4.947214	0.950756
4.967742	1.083927
4.988270	1.217098
5.008798	1.350269
5.029326	1.483440
5.049853	1.616611
5.070381	1.749782
5.090909	1.882953
5.111437	2.016124
5.131965	2.149295
5.152493	3.080781
5.173021	4.012268
5.193548	4.943754
5.214076	5.875240
5.234604	6.806727
5.255132	7.738213
5.275660	8.669699
5.296188	9.601186
5.316716	10.532672
5.337243	11.464158
5.357771	10.528403
5.378299	9.592647
5.398827	8.656891
5.419355	7.721135
5.439883	6.785380
5.460411	5.849624
5.480938	4.913868
5.501466	3.978113
5.521994	3.042357
5.542522	2.106601
5.563050	1.944809
5.583578	1.783017
5.604106	1.621224
5.624633	1.459432
5.645161	1.297640
5.665689	1.135847
5.686217	0.974055
5.706745	0.812263
5.727273	0.650471
5.747801	0.488678
5.768328	0.557258
5.788856	0.625838
5.809384	0.694419
5.829912	0.762999
5.850440	0.831579
5.870968	0.900159
5.891496	0.968739
5.912023	1.037319
5.932551	1.105899
5.953079	1.174479
5.973607	1.173116
5.994135	1.171753
6.014663	1.170390
6.035191	1.169027
6.055718	1.167665
6.076246	1.166302
6.096774	1.164939
6.117302	1.163576
6.137830	1.162213
6.158358	1.160850
6.178886	1.132031
6.199413	1.103212
6.219941	1.074393
6.240469	1.045573
6.260997	1.016754
6.281525	0.987935
6.302053	0.959115
6.322581	0.930296
6.343109	0.901477
6.363636	0.872658
6.384164	0.871217
6.404692	0.869776
6.425220	0.868335
6.445748	0.866894
6.466276	0.865453
6.486804	0.864012
6.507331	0.862571
6.527859	0.861130
6.548387	0.859689
6.568915	0.858248
6.589443	0.781506
6.609971	0.704765
6.630499	0.628023
6.651026	0.551281
6.671554	0.474539
6.692082	0.397798
6.712610	0.321056
6.733138	0.244314
6.753666	0.167573
6.774194	0.090831
6.794721	0.091786
6.815249	0.092740
6.835777	0.093695
6.856305	0.094650
6.876833	0.095605
6.897361	0.096560
6.917889	0.097514
6.938416	0.098469
6.958944	0.099424
6.979472	0.100379
