0.000000	0.000000
0.020528	0.000000
0.041056	0.000000
0.061584	0.000000
0.082111	0.000000
0.102639	0.000000
0.123167	0.000000
0.143695	0.000000
0.164223	0.000000
0.184751	0.000000
0.205279	0.000000
0.225806	0.000000
0.246334	0.000000
0.266862	0.000000
0.287390	0.000000
0.307918	0.000000
0.328446	0.000000
0.348974	0.000000
0.369501	0.000000
0.390029	0.000000
0.410557	0.000000
0.431085	0.000000
0.451613	0.000000
0.472141	0.000000
0.492669	0.000000
0.513196	0.000000
0.533724	0.000000
0.554252	0.000000
0.574780	0.000000
0.595308	0.000000
0.615836	0.000000
0.636364	0.000000
0.656891	0.000000
0.677419	0.000000
0.697947	0.000000
0.718475	0.000000
0.739003	0.000000
0.759531	0.000000
0.780059	0.000000
0.800587	0.000000
0.821114	0.000000
0.841642	0.000000
0.862170	0.000000
0.882698	0.000000
0.903226	0.000000
0.923754	0.000000
0.944282	0.000000
0.964809	0.000000
0.985337	0.000000
1.005865	0.000000
1.026393	0.000000
1.046921	0.000000
1.067449	0.000000
1.087977	0.000000
1.108504	0.000000
1.129032	0.000000
1.149560	0.000000
1.170088	0.000000
1.190616	0.000000
1.211144	0.000000
1.231672	0.000000
1.252199	0.000000
1.272727	0.000000
1.293255	0.000000
1.313783	0.000000
1.334311	0.000000
1.354839	0.000000
1.375367	0.000000
1.395894	0.000000
1.416422	0.000000
1.436950	0.000000
1.457478	0.000000
1.478006	0.000000
1.498534	0.000000
1.519062	0.000000
1.539589	0.000000
1.560117	0.000000
1.580645	0.000000
1.601173	0.000000
1.621701	0.000000
1.642229	0.000000
1.662757	0.000000
1.683284	0.000000
1.703812	0.000000
1.724340	0.000000
1.744868	0.000000
1.765396	0.000000
1.785924	0.000000
1.806452	0.000000
1.826979	0.000000
1.847507	0.000000
1.868035	0.000000
1.888563	0.000000
1.909091	0.000000
1.929619	0.000000
1.950147	0.000000
1.970674	0.000000
1.991202	0.000000
2.011730	0.000000
2.032258	0.000000
2.052786	0.000000
2.073314	0.000000
2.093842	0.000000
2.114370	0.000000
2.134897	0.000000
2.155425	0.000000
2.175953	0.000000
2.196481	0.000000
2.217009	0.000000
2.237537	0.000000
2.258065	0.000000
2.278592	0.315681
2.299120	0.631363
2.319648	0.947044
2.340176	1.262726
2.360704	1.578407
2.381232	1.894089
2.401760	2.209770
2.422287	2.525452
2.442815	2.841133
2.463343	3.156815
2.483871	10.162689
2.504399	17.168563
2.524927	24.174437
2.545455	31.180310
2.565982	38.186184
2.586510	45.192058
2.607038	52.197932
2.627566	59.203806
2.648094	66.209680
2.668622	73.215554
2.689150	75.893999
2.709677	78.572443
2.730205	81.250888
2.750733	83.929332
2.771261	86.607777
2.791789	89.286222
2.812317	91.964666
2.832845	94.643111
2.853372	97.321555
2.873900	100.000000
2.894428	96.464125
2.914956	92.928250
2.935484	89.392375
2.956012	85.856500
2.976540	82.320625
2.997067	78.784750
3.017595	75.248875
3.038123	71.713000
3.058651	68.177125
3.079179	64.641251
3.099707	60.743925
3.120235	56.846600
3.140762	52.949274
3.161290	49.051949
3.181818	45.154623
3.202346	41.257298
3.222874	37.359972
3.243402	33.462647
3.263930	29.565322
3.284457	25.667996
3.304985	25.636608
3.325513	25.605219
3.346041	25.573831
3.366569	25.542443
3.387097	25.511054
3.407625	25.479666
3.428152	25.448278
3.448680	25.416889
3.469208	25.385501
3.489736	25.354112
3.510264	24.484419
3.530792	23.614725
3.551320	22.745032
3.571848	21.875339
3.592375	21.005645
3.612903	20.135952
3.633431	19.266258
3.653959	18.396565
3.674487	17.526871
3.695015	16.657178
3.715543	15.305870
3.736070	13.954562
3.756598	12.603254
3.777126	11.251946
3.797654	9.900638
3.818182	8.549330
3.838710	7.198022
3.859238	5.846714
3.879765	4.495406
3.900293	3.144098
3.920821	3.217462
3.941349	3.290826
3.961877	3.364190
3.982405	3.437554
4.002933	3.510917
4.023460	3.584281
4.043988	3.657645
4.064516	3.731009
4.085044	3.804373
4.105572	3.877737
4.126100	3.965962
4.146628	4.054188
4.167155	4.142414
4.187683	4.230640
4.208211	4.318865
4.228739	4.407091
4.249267	4.495317
4.269795	4.583542
4.290323	4.671768
4.310850	4.759994
4.331378	4.420538
4.351906	4.081082
4.372434	3.741626
4.392962	3.402170
4.413490	3.062714
4.434018	2.723258
4.454545	2.383802
4.475073	2.044346
4.495601	1.704890
4.516129	1.365434
4.536657	1.235717
4.557185	1.106001
4.577713	0.976285
4.598240	0.846569
4.618768	0.716853
4.639296	0.587136
4.659824	0.457420
4.680352	0.327704
4.700880	0.197988
4.721408	0.068272
4.741935	0.061786
4.762463	0.055300
4.782991	0.048814
4.803519	0.042328
4.824047	0.035843
4.844575	0.029357
4.865103	0.022871
4.885630	0.016385
4.906158	0.009899
4.926686	0.003414
4.947214	0.003089
4.967742	0.002765
4.988270	0.002441
5.008798	0.002116
5.029326	0.001792
5.049853	0.001468
5.070381	0.001144
5.090909	0.000819
5.111437	0.000495
5.131965	0.000171
5.152493	0.090349
5.173021	0.180528
5.193548	0.270706
5.214076	0.360885
5.234604	0.451063
5.255132	0.541242
5.275660	0.631420
5.296188	0.721599
5.316716	0.811777
5.337243	0.901956
5.357771	0.979748
5.378299	1.057540
5.398827	1.135332
5.419355	1.213124
5.439883	1.290916
5.460411	1.368708
5.480938	1.446500
5.501466	1.524293
5.521994	1.602085
5.542522	1.679877
5.563050	1.582297
5.583578	1.484718
5.604106	1.387139
5.624633	1.289559
5.645161	1.191980
5.665689	1.094400
5.686217	0.996821
5.706745	0.899241
5.727273	0.801662
5.747801	0.704082
5.768328	0.749938
5.788856	0.795794
5.809384	0.841649
5.829912	0.887505
5.850440	0.933360
5.870968	0.979216
5.891496	1.025071
5.912023	1.070927
5.932551	1.116782
5.953079	1.162638
5.973607	1.102922
5.994135	1.043206
6.014663	0.983490
6.035191	0.923774
6.055718	0.864058
6.076246	0.804341
6.096774	0.744625
6.117302	0.684909
6.137830	0.625193
6.158358	0.565477
6.178886	0.528668
6.199413	0.491859
6.219941	0.455051
6.240469	0.418242
6.260997	0.381433
6.281525	0.344624
6.302053	0.307815
6.322581	0.271007
6.343109	0.234198
6.363636	0.197389
6.384164	0.184274
6.404692	0.171159
6.425220	0.158045
6.445748	0.144930
6.466276	0.131815
6.486804	0.118700
6.507331	0.105585
6.527859	0.092471
6.548387	0.079356
6.568915	0.066241
6.589443	0.065585
6.609971	0.064930
6.630499	0.064274
6.651026	0.063618
6.671554	0.062962
6.692082	0.062307
6.712610	0.061651
6.733138	0.060995
6.753666	0.060339
6.774194	0.059684
6.794721	0.054014
6.815249	0.048344
6.835777	0.042674
6.856305	0.037004
6.876833	0.031334
6.897361	0.025664
6.917889	0.019994
6.938416	0.014324
6.958944	0.008654
6.979472	0.002984
