0.000000	0.000000
0.020528	0.000000
0.041056	0.000000
0.061584	0.000000
0.082111	0.000000
0.102639	0.000000
0.123167	0.000000
0.143695	0.000000
0.164223	0.000000
0.184751	0.000000
0.205279	0.000000
0.225806	0.000000
0.246334	0.000000
0.266862	0.000000
0.287390	0.000000
0.307918	0.000000
0.328446	0.000000
0.348974	0.000000
0.369501	0.000000
0.390029	0.000000
0.410557	0.000000
0.431085	0.000000
0.451613	0.000000
0.472141	0.000000
0.492669	0.000000
0.513196	0.000000
0.533724	0.000000
0.554252	0.000000
0.574780	0.000000
0.595308	0.000000
0.615836	0.000000
0.636364	0.000000
0.656891	0.000000
0.677419	0.000000
0.697947	0.000000
0.718475	0.000000
0.739003	0.000000
0.759531	0.000000
0.780059	0.000000
0.800587	0.000000
0.821114	0.000000
0.841642	0.000000
0.862170	0.000000
0.882698	0.000000
0.903226	0.000000
0.923754	0.000000
0.944282	0.000000
0.964809	0.000000
0.985337	0.000000
1.005865	0.000000
1.026393	0.000000
1.046921	0.000000
1.067449	0.000000
1.087977	0.000000
1.108504	0.000000
1.129032	0.000000
1.149560	0.000000
1.170088	0.000000
1.190616	0.000000
1.211144	0.000000
1.231672	0.000000
1.252199	0.000000
1.272727	0.000000
1.293255	0.000000
1.313783	0.000000
1.334311	0.000000
1.354839	0.000000
1.375367	0.000000
1.395894	0.000000
1.416422	0.000000
1.436950	0.000000
1.457478	0.000000
1.478006	0.000000
1.498534	0.000000
1.519062	0.000000
1.539589	0.000000
1.560117	0.000000
1.580645	0.000000
1.601173	0.000000
1.621701	0.000000
1.642229	0.000000
1.662757	0.000000
1.683284	0.000000
1.703812	0.000000
1.724340	0.000000
1.744868	0.000000
1.765396	0.000000
1.785924	0.000000
1.806452	0.000000
1.826979	0.000000
1.847507	0.000000
1.868035	0.000000
1.888563	0.000000
1.909091	0.000000
1.929619	0.000000
1.950147	0.000000
1.970674	0.000000
1.991202	0.000000
2.011730	0.000000
2.032258	0.000000
2.052786	0.000000
2.073314	0.000000
2.093842	0.000000
2.114370	0.000000
2.134897	0.000000
2.155425	0.000000
2.175953	0.000000
2.196481	0.000000
2.217009	0.000000
2.237537	0.000000
2.258065	0.000000
2.278592	0.906685
2.299120	1.813370
2.319648	2.720055
2.340176	3.626741
2.360704	4.533426
2.381232	5.440111
2.401760	6.346796
2.422287	7.253481
2.442815	8.160166
2.463343	9.066851
2.483871	14.251922
2.504399	19.436993
2.524927	24.622064
2.545455	29.807135
2.565982	34.992206
2.586510	40.177276
2.607038	45.362347
2.627566	50.547418
2.648094	55.732489
2.668622	60.917560
2.689150	64.825804
2.709677	68.734048
2.730205	72.642292
2.750733	76.550536
2.771261	80.458780
2.791789	84.367024
2.812317	88.275268
2.832845	92.183512
2.853372	96.091756
2.873900	100.000000
2.894428	98.053855
2.914956	96.107711
2.935484	94.161566
2.956012	92.215421
2.976540	90.269276
2.997067	88.323132
3.017595	86.376987
3.038123	84.430842
3.058651	82.484698
3.079179	80.538553
3.099707	75.985695
3.120235	71.432837
3.140762	66.879979
3.161290	62.327120
3.181818	57.774262
3.202346	53.221404
3.222874	48.668546
3.243402	44.115688
3.263930	39.562830
3.284457	35.009972
3.304985	34.176018
3.325513	33.342064
3.346041	32.508110
3.366569	31.674157
3.387097	30.840203
3.407625	30.006249
3.428152	29.172295
3.448680	28.338341
3.469208	27.504387
3.489736	26.670434
3.510264	26.027987
3.530792	25.385541
3.551320	24.743095
3.571848	24.100649
3.592375	23.458203
3.612903	22.815757
3.633431	22.173311
3.653959	21.530865
3.674487	20.888418
3.695015	20.245972
3.715543	18.984541
3.736070	17.723109
3.756598	16.461678
3.777126	15.200246
3.797654	13.938814
3.818182	12.677383
3.838710	11.415951
3.859238	10.154520
3.879765	8.893088
3.900293	7.631656
3.920821	7.140273
3.941349	6.648890
3.961877	6.157507
3.982405	5.666124
4.002933	5.174742
4.023460	4.683359
4.043988	4.191976
4.064516	3.700593
4.085044	3.209210
4.105572	2.717827
4.126100	2.804507
4.146628	2.891188
4.167155	2.977868
4.187683	3.064549
4.208211	3.151230
4.228739	3.237910
4.249267	3.324591
4.269795	3.411271
4.290323	3.497952
4.310850	3.584632
4.331378	3.761403
4.351906	3.938174
4.372434	4.114946
4.392962	4.291717
4.413490	4.468488
4.434018	4.645259
4.454545	4.822030
4.475073	4.998801
4.495601	5.175572
4.516129	5.352343
4.536657	5.238807
4.557185	5.125271
4.577713	5.011735
4.598240	4.898199
4.618768	4.784662
4.639296	4.671126
4.659824	4.557590
4.680352	4.444054
4.700880	4.330518
4.721408	4.216982
4.741935	4.038868
4.762463	3.860754
4.782991	3.682640
4.803519	3.504526
4.824047	3.326413
4.844575	3.148299
4.865103	2.970185
4.885630	2.792071
4.906158	2.613957
4.926686	2.435843
4.947214	2.226688
4.967742	2.017533
4.988270	1.808378
5.008798	1.599223
5.029326	1.390067
5.049853	1.180912
5.070381	0.971757
5.090909	0.762602
5.111437	0.553447
5.131965	0.344292
5.152493	0.383896
5.173021	0.423501
5.193548	0.463105
5.214076	0.502710
5.234604	0.542315
5.255132	0.581919
5.275660	0.621524
5.296188	0.661128
5.316716	0.700733
5.337243	0.740338
5.357771	0.825755
5.378299	0.911173
5.398827	0.996590
5.419355	1.082008
5.439883	1.167425
5.460411	1.252843
5.480938	1.338260
5.501466	1.423678
5.521994	1.509095
5.542522	1.594513
5.563050	1.570971
5.583578	1.547430
5.604106	1.523888
5.624633	1.500347
5.645161	1.476805
5.665689	1.453264
5.686217	1.429722
5.706745	1.406180
5.727273	1.382639
5.747801	1.359097
5.768328	1.324545
5.788856	1.289993
5.809384	1.255441
5.829912	1.220889
5.850440	1.186337
5.870968	1.151785
5.891496	1.117233
5.912023	1.082681
5.932551	1.048129
5.953079	1.013577
5.973607	0.984037
5.994135	0.954497
6.014663	0.924957
6.035191	0.895417
6.055718	0.865877
6.076246	0.836337
6.096774	0.806797
6.117302	0.777257
6.137830	0.747717
6.158358	0.718177
6.178886	0.666638
6.199413	0.615098
6.219941	0.563559
6.240469	0.512020
6.260997	0.460480
6.281525	0.408941
6.302053	0.357402
6.322581	0.305862
6.343109	0.254323
6.363636	0.202783
6.384164	0.194644
6.404692	0.186505
6.425220	0.178365
6.445748	0.170226
6.466276	0.162086
6.486804	0.153947
6.507331	0.145807
6.527859	0.137668
6.548387	0.129528
6.568915	0.121389
6.589443	0.115419
6.609971	0.109450
6.630499	0.103481
6.651026	0.097511
6.671554	0.091542
6.692082	0.085572
6.712610	0.079603
6.733138	0.073633
6.753666	0.067664
6.774194	0.061694
6.794721	0.061396
6.815249	0.061097
6.835777	0.060799
6.856305	0.060500
6.876833	0.060202
6.897361	0.059903
6.917889	0.059605
6.938416	0.059307
6.958944	0.059008
6.979472	0.058710
