0.000000	0.000000
0.020528	0.000000
0.041056	0.000000
0.061584	0.000000
0.082111	0.000000
0.102639	0.000000
0.123167	0.000000
0.143695	0.000000
0.164223	0.000000
0.184751	0.000000
0.205279	0.000000
0.225806	0.000000
0.246334	0.000000
0.266862	0.000000
0.287390	0.000000
0.307918	0.000000
0.328446	0.000000
0.348974	0.000000
0.369501	0.000000
0.390029	0.000000
0.410557	0.000000
0.431085	0.000000
0.451613	0.000000
0.472141	0.000000
0.492669	0.000000
0.513196	0.000000
0.533724	0.000000
0.554252	0.000000
0.574780	0.000000
0.595308	0.000000
0.615836	0.000000
0.636364	0.000000
0.656891	0.000000
0.677419	0.000000
0.697947	0.000000
0.718475	0.000000
0.739003	0.000000
0.759531	0.000000
0.780059	0.000000
0.800587	0.000000
0.821114	0.000000
0.841642	0.000000
0.862170	0.000000
0.882698	0.000000
0.903226	0.000000
0.923754	0.000000
0.944282	0.000000
0.964809	0.000000
0.985337	0.000000
1.005865	0.000000
1.026393	0.000000
1.046921	0.000000
1.067449	0.000000
1.087977	0.000000
1.108504	0.000000
1.129032	0.000000
1.149560	0.000000
1.170088	0.000000
1.190616	0.000000
1.211144	0.000000
1.231672	0.000000
1.252199	0.000000
1.272727	0.000000
1.293255	0.000000
1.313783	0.000000
1.334311	0.000000
1.354839	0.000000
1.375367	0.000000
1.395894	0.000000
1.416422	0.000000
1.436950	0.000000
1.457478	0.055976
1.478006	0.111952
1.498534	0.167927
1.519062	0.223903
1.539589	0.279879
1.560117	0.335855
1.580645	0.391830
1.601173	0.447806
1.621701	0.503782
1.642229	0.559758
1.662757	0.522574
1.683284	0.485390
1.703812	0.448206
1.724340	0.411022
1.744868	0.373838
1.765396	0.336654
1.785924	0.299470
1.806452	0.262287
1.826979	0.225103
1.847507	0.187919
1.868035	0.385973
1.888563	0.584027
1.909091	0.782082
1.929619	0.980136
1.950147	1.178190
1.970674	1.376244
1.991202	1.574299
2.011730	1.772353
2.032258	1.970407
2.052786	2.168462
2.073314	3.041991
2.093842	3.915520
2.114370	4.789049
2.134897	5.662578
2.155425	6.536107
2.175953	7.409636
2.196481	8.283165
2.217009	9.156694
2.237537	10.030223
2.258065	10.903752
2.278592	15.337529
2.299120	19.771305
2.319648	24.205082
2.340176	28.638859
2.360704	33.072636
2.381232	37.506413
2.401760	41.940189
2.422287	46.373966
2.442815	50.807743
2.463343	55.241520
2.483871	59.717368
2.504399	64.193216
2.524927	68.669064
2.545455	73.144912
2.565982	77.620760
2.586510	82.096608
2.607038	86.572456
2.627566	91.048304
2.648094	95.524152
2.668622	100.000000
2.689150	97.544952
2.709677	95.089903
2.730205	92.634855
2.750733	90.179806
2.771261	87.724758
2.791789	85.269709
2.812317	82.814661
2.832845	80.359613
2.853372	77.904564
2.873900	75.449516
2.894428	72.507983
2.914956	69.566450
2.935484	66.624918
2.956012	63.683385
2.976540	60.741852
2.997067	57.800319
3.017595	54.858787
3.038123	51.917254
3.058651	48.975721
3.079179	46.034189
3.099707	43.648081
3.120235	41.261973
3.140762	38.875865
3.161290	36.489758
3.181818	34.103650
3.202346	31.717542
3.222874	29.331434
3.243402	26.945326
3.263930	24.559219
3.284457	22.173111
3.304985	21.506042
3.325513	20.838974
3.346041	20.171906
3.366569	19.504837
3.387097	18.837769
3.407625	18.170701
3.428152	17.503632
3.448680	16.836564
3.469208	16.169496
3.489736	15.502427
3.510264	14.393539
3.530792	13.284651
3.551320	12.175763
3.571848	11.066875
3.592375	9.957987
3.612903	8.849099
3.633431	7.740211
3.653959	6.631323
3.674487	5.522435
3.695015	4.413547
3.715543	4.122205
3.736070	3.830862
3.756598	3.539520
3.777126	3.248178
3.797654	2.956835
3.818182	2.665493
3.838710	2.374151
3.859238	2.082808
3.879765	1.791466
3.900293	1.500124
3.920821	1.537534
3.941349	1.574945
3.961877	1.612355
3.982405	1.649765
4.002933	1.687176
4.023460	1.724586
4.043988	1.761996
4.064516	1.799407
4.085044	1.836817
4.105572	1.874228
4.126100	1.776141
4.146628	1.678055
4.167155	1.579969
4.187683	1.481883
4.208211	1.383797
4.228739	1.285710
4.249267	1.187624
4.269795	1.089538
4.290323	0.991452
4.310850	0.893365
4.331378	0.816492
4.351906	0.739619
4.372434	0.662746
4.392962	0.585873
4.413490	0.509000
4.434018	0.432126
4.454545	0.355253
4.475073	0.278380
4.495601	0.201507
4.516129	0.124634
4.536657	0.136783
4.557185	0.148933
4.577713	0.161082
4.598240	0.173231
4.618768	0.185381
4.639296	0.197530
4.659824	0.209680
4.680352	0.221829
4.700880	0.233978
4.721408	0.246128
4.741935	0.294715
4.762463	0.343301
4.782991	0.391888
4.803519	0.440475
4.824047	0.489061
4.844575	0.537648
4.865103	0.586235
4.885630	0.634822
4.906158	0.683408
4.926686	0.731995
4.947214	0.778405
4.967742	0.824816
4.988270	0.871226
5.008798	0.917636
5.029326	0.964046
5.049853	1.010457
5.070381	1.056867
5.090909	1.103277
5.111437	1.149688
5.131965	1.196098
5.152493	1.146441
5.173021	1.096784
5.193548	1.047127
5.214076	0.997470
5.234604	0.947813
5.255132	0.898156
5.275660	0.848499
5.296188	0.798842
5.316716	0.749185
5.337243	0.699528
5.357771	0.685050
5.378299	0.670573
5.398827	0.656095
5.419355	0.641617
5.439883	0.627140
5.460411	0.612662
5.480938	0.598184
5.501466	0.583707
5.521994	0.569229
5.542522	0.554751
5.563050	0.546031
5.583578	0.537311
5.604106	0.528590
5.624633	0.519870
5.645161	0.511149
5.665689	0.502429
5.686217	0.493709
5.706745	0.484988
5.727273	0.476268
5.747801	0.467547
5.768328	0.435125
5.788856	0.402703
5.809384	0.370281
5.829912	0.337859
5.850440	0.305436
5.870968	0.273014
5.891496	0.240592
5.912023	0.208170
5.932551	0.175748
5.953079	0.143325
5.973607	0.133708
5.994135	0.124090
6.014663	0.114473
6.035191	0.104855
6.055718	0.095237
6.076246	0.085620
6.096774	0.076002
6.117302	0.066384
6.137830	0.056767
6.158358	0.047149
6.178886	0.058663
6.199413	0.070177
6.219941	0.081691
6.240469	0.093205
6.260997	0.104719
6.281525	0.116233
6.302053	0.127746
6.322581	0.139260
6.343109	0.150774
6.363636	0.162288
6.384164	0.162864
6.404692	0.163440
6.425220	0.164015
6.445748	0.164591
6.466276	0.165167
6.486804	0.165742
6.507331	0.166318
6.527859	0.166894
6.548387	0.167470
6.568915	0.168045
6.589443	0.168074
6.609971	0.168103
6.630499	0.168132
6.651026	0.168160
6.671554	0.168189
6.692082	0.168218
6.712610	0.168247
6.733138	0.168275
6.753666	0.168304
6.774194	0.168333
6.794721	0.152341
6.815249	0.136350
6.835777	0.120358
6.856305	0.104366
6.876833	0.088375
6.897361	0.072383
6.917889	0.056392
6.938416	0.040400
6.958944	0.024408
6.979472	0.008417
