0.000000	0.000000
0.020528	0.000000
0.041056	0.000000
0.061584	0.000000
0.082111	0.000000
0.102639	0.000000
0.123167	0.000000
0.143695	0.000000
0.164223	0.000000
0.184751	0.000000
0.205279	0.000000
0.225806	0.000000
0.246334	0.000000
0.266862	0.000000
0.287390	0.000000
0.307918	0.000000
0.328446	0.000000
0.348974	0.000000
0.369501	0.000000
0.390029	0.000000
0.410557	0.000000
0.431085	0.000000
0.451613	0.000000
0.472141	0.000000
0.492669	0.000000
0.513196	0.000000
0.533724	0.000000
0.554252	0.000000
0.574780	0.000000
0.595308	0.000000
0.615836	0.000000
0.636364	0.000000
0.656891	0.000000
0.677419	0.000000
0.697947	0.000000
0.718475	0.000000
0.739003	0.000000
0.759531	0.000000
0.780059	0.000000
0.800587	0.000000
0.821114	0.000000
0.841642	0.000000
0.862170	0.000000
0.882698	0.000000
0.903226	0.000000
0.923754	0.000000
0.944282	0.000000
0.964809	0.000000
0.985337	0.000000
1.005865	0.000000
1.026393	0.000000
1.046921	0.000000
1.067449	0.000000
1.087977	0.000000
1.108504	0.000000
1.129032	0.000000
1.149560	0.000000
1.170088	0.000000
1.190616	0.000000
1.211144	0.000000
1.231672	0.000000
1.252199	0.000000
1.272727	0.000000
1.293255	0.000000
1.313783	0.000000
1.334311	0.000000
1.354839	0.000000
1.375367	0.000000
1.395894	0.000000
1.416422	0.000000
1.436950	0.000000
1.457478	0.000000
1.478006	0.000000
1.498534	0.000000
1.519062	0.000000
1.539589	0.000000
1.560117	0.000000
1.580645	0.000000
1.601173	0.000000
1.621701	0.000000
1.642229	0.000000
1.662757	0.000000
1.683284	0.000000
1.703812	0.000000
1.724340	0.000000
1.744868	0.000000
1.765396	0.000000
1.785924	0.000000
1.806452	0.000000
1.826979	0.000000
1.847507	0.000000
1.868035	0.000000
1.888563	0.000000
1.909091	0.000000
1.929619	0.000000
1.950147	0.000000
1.970674	0.000000
1.991202	0.000000
2.011730	0.000000
2.032258	0.000000
2.052786	0.000000
2.073314	0.000000
2.093842	0.000000
2.114370	0.000000
2.134897	0.000000
2.155425	0.000000
2.175953	0.000000
2.196481	0.000000
2.217009	0.000000
2.237537	0.000000
2.258065	0.000000
2.278592	0.000000
2.299120	0.000000
2.319648	0.000000
2.340176	0.000000
2.360704	0.000000
2.381232	0.000000
2.401760	0.000000
2.422287	0.000000
2.442815	0.000000
2.463343	0.000000
2.483871	0.000000
2.504399	0.000000
2.524927	0.000000
2.545455	0.000000
2.565982	0.000000
2.586510	0.000000
2.607038	0.000000
2.627566	0.000000
2.648094	0.000000
2.668622	0.000000
2.689150	0.740969
2.709677	1.481939
2.730205	2.222908
2.750733	2.963878
2.771261	3.704847
2.791789	4.445817
2.812317	5.186786
2.832845	5.927755
2.853372	6.668725
2.873900	7.409694
2.894428	11.250386
2.914956	15.091077
2.935484	18.931769
2.956012	22.772461
2.976540	26.613152
2.997067	30.453844
3.017595	34.294535
3.038123	38.135227
3.058651	41.975918
3.079179	45.816610
3.099707	51.234949
3.120235	56.653288
3.140762	62.071627
3.161290	67.489966
3.181818	72.908305
3.202346	78.326644
3.222874	83.744983
3.243402	89.163322
3.263930	94.581661
3.284457	100.000000
3.304985	94.802563
3.325513	89.605125
3.346041	84.407688
3.366569	79.210250
3.387097	74.012813
3.407625	68.815375
3.428152	63.617938
3.448680	58.420500
3.469208	53.223063
3.489736	48.025625
3.510264	46.634540
3.530792	45.243455
3.551320	43.852370
3.571848	42.461284
3.592375	41.070199
3.612903	39.679114
3.633431	38.288029
3.653959	36.896944
3.674487	35.505858
3.695015	34.114773
3.715543	32.686775
3.736070	31.258777
3.756598	29.830778
3.777126	28.402780
3.797654	26.974782
3.818182	25.546784
3.838710	24.118786
3.859238	22.690787
3.879765	21.262789
3.900293	19.834791
3.920821	18.325910
3.941349	16.817030
3.961877	15.308149
3.982405	13.799268
4.002933	12.290388
4.023460	10.781507
4.043988	9.272627
4.064516	7.763746
4.085044	6.254865
4.105572	4.745985
4.126100	5.095363
4.146628	5.444742
4.167155	5.794120
4.187683	6.143498
4.208211	6.492877
4.228739	6.842255
4.249267	7.191634
4.269795	7.541012
4.290323	7.890391
4.310850	8.239769
4.331378	7.926272
4.351906	7.612774
4.372434	7.299277
4.392962	6.985779
4.413490	6.672282
4.434018	6.358785
4.454545	6.045287
4.475073	5.731790
4.495601	5.418292
4.516129	5.104795
4.536657	4.856950
4.557185	4.609104
4.577713	4.361259
4.598240	4.113414
4.618768	3.865568
4.639296	3.617723
4.659824	3.369878
4.680352	3.122033
4.700880	2.874187
4.721408	2.626342
4.741935	2.376839
4.762463	2.127337
4.782991	1.877834
4.803519	1.628332
4.824047	1.378830
4.844575	1.129327
4.865103	0.879825
4.885630	0.630322
4.906158	0.380820
4.926686	0.131317
4.947214	0.118842
4.967742	0.106367
4.988270	0.093892
5.008798	0.081417
5.029326	0.068941
5.049853	0.056466
5.070381	0.043991
5.090909	0.031516
5.111437	0.019041
5.131965	0.006566
5.152493	0.005942
5.173021	0.005318
5.193548	0.004695
5.214076	0.004071
5.234604	0.003447
5.255132	0.002823
5.275660	0.002200
5.296188	0.001576
5.316716	0.000952
5.337243	0.000328
5.357771	0.079334
5.378299	0.158339
5.398827	0.237345
5.419355	0.316351
5.439883	0.395356
5.460411	0.474362
5.480938	0.553367
5.501466	0.632373
5.521994	0.711378
5.542522	0.790384
5.563050	0.739996
5.583578	0.689609
5.604106	0.639221
5.624633	0.588834
5.645161	0.538446
5.665689	0.488059
5.686217	0.437671
5.706745	0.387284
5.727273	0.336896
5.747801	0.286509
5.768328	0.382786
5.788856	0.479062
5.809384	0.575339
5.829912	0.671615
5.850440	0.767892
5.870968	0.864168
5.891496	0.960445
5.912023	1.056721
5.932551	1.152998
5.953079	1.249275
5.973607	1.234329
5.994135	1.219384
6.014663	1.204438
6.035191	1.189493
6.055718	1.174548
6.076246	1.159602
6.096774	1.144657
6.117302	1.129712
6.137830	1.114766
6.158358	1.099821
6.178886	1.108953
6.199413	1.118086
6.219941	1.127218
6.240469	1.136350
6.260997	1.145483
6.281525	1.154615
6.302053	1.163747
6.322581	1.172880
6.343109	1.182012
6.363636	1.191144
6.384164	1.161962
6.404692	1.132780
6.425220	1.103598
6.445748	1.074416
6.466276	1.045233
6.486804	1.016051
6.507331	0.986869
6.527859	0.957687
6.548387	0.928505
6.568915	0.899323
6.589443	0.838586
6.609971	0.777849
6.630499	0.717113
6.651026	0.656376
6.671554	0.595639
6.692082	0.534903
6.712610	0.474166
6.733138	0.413429
6.753666	0.352693
6.774194	0.291956
6.794721	0.274100
6.815249	0.256243
6.835777	0.238387
6.856305	0.220531
6.876833	0.202675
6.897361	0.184819
6.917889	0.166962
6.938416	0.149106
6.958944	0.131250
6.979472	0.113394
