0.000000	0.000000
0.020528	0.000000
0.041056	0.000000
0.061584	0.000000
0.082111	0.000000
0.102639	0.000000
0.123167	0.000000
0.143695	0.000000
0.164223	0.000000
0.184751	0.000000
0.205279	0.000000
0.225806	0.000000
0.246334	0.000000
0.266862	0.000000
0.287390	0.000000
0.307918	0.000000
0.328446	0.000000
0.348974	0.000000
0.369501	0.000000
0.390029	0.000000
0.410557	0.000000
0.431085	0.000000
0.451613	0.000000
0.472141	0.000000
0.492669	0.000000
0.513196	0.000000
0.533724	0.000000
0.554252	0.000000
0.574780	0.000000
0.595308	0.000000
0.615836	0.000000
0.636364	0.000000
0.656891	0.000000
0.677419	0.000000
0.697947	0.000000
0.718475	0.000000
0.739003	0.000000
0.759531	0.000000
0.780059	0.000000
0.800587	0.000000
0.821114	0.000000
0.841642	0.000000
0.862170	0.000000
0.882698	0.000000
0.903226	0.000000
0.923754	0.000000
0.944282	0.000000
0.964809	0.000000
0.985337	0.000000
1.005865	0.000000
1.026393	0.000000
1.046921	0.000000
1.067449	0.000000
1.087977	0.000000
1.108504	0.000000
1.129032	0.000000
1.149560	0.000000
1.170088	0.000000
1.190616	0.000000
1.211144	0.000000
1.231672	0.000000
1.252199	0.000000
1.272727	0.000000
1.293255	0.000000
1.313783	0.000000
1.334311	0.000000
1.354839	0.000000
1.375367	0.000000
1.395894	0.000000
1.416422	0.000000
1.436950	0.000000
1.457478	0.000000
1.478006	0.000000
1.498534	0.000000
1.519062	0.000000
1.539589	0.000000
1.560117	0.000000
1.580645	0.000000
1.601173	0.000000
1.621701	0.000000
1.642229	0.000000
1.662757	0.000000
1.683284	0.000000
1.703812	0.000000
1.724340	0.000000
1.744868	0.000000
1.765396	0.000000
1.785924	0.000000
1.806452	0.000000
1.826979	0.000000
1.847507	0.000000
1.868035	0.000000
1.888563	0.000000
1.909091	0.000000
1.929619	0.000000
1.950147	0.000000
1.970674	0.000000
1.991202	0.000000
2.011730	0.000000
2.032258	0.000000
2.052786	0.000000
2.073314	0.000000
2.093842	0.000000
2.114370	0.000000
2.134897	0.000000
2.155425	0.000000
2.175953	0.000000
2.196481	0.000000
2.217009	0.000000
2.237537	0.000000
2.258065	0.000000
2.278592	0.000000
2.299120	0.000000
2.319648	0.000000
2.340176	0.000000
2.360704	0.000000
2.381232	0.000000
2.401760	0.000000
2.422287	0.000000
2.442815	0.000000
2.463343	0.000000
2.483871	0.169161
2.504399	0.338321
2.524927	0.507482
2.545455	0.676642
2.565982	0.845803
2.586510	1.014963
2.607038	1.184124
2.627566	1.353284
2.648094	1.522445
2.668622	1.691606
2.689150	3.518539
2.709677	5.345473
2.730205	7.172407
2.750733	8.999341
2.771261	10.826275
2.791789	12.653209
2.812317	14.480143
2.832845	16.307077
2.853372	18.134011
2.873900	19.960945
2.894428	26.707702
2.914956	33.454459
2.935484	40.201216
2.956012	46.947974
2.976540	53.694731
2.997067	60.441488
3.017595	67.188245
3.038123	73.935002
3.058651	80.681759
3.079179	87.428516
3.099707	88.685665
3.120235	89.942813
3.140762	91.199962
3.161290	92.457110
3.181818	93.714258
3.202346	94.971407
3.222874	96.228555
3.243402	97.485703
3.263930	98.742852
3.284457	100.000000
3.304985	93.751054
3.325513	87.502109
3.346041	81.253163
3.366569	75.004217
3.387097	68.755272
3.407625	62.506326
3.428152	56.257380
3.448680	50.008435
3.469208	43.759489
3.489736	37.510543
3.510264	35.670365
3.530792	33.830186
3.551320	31.990008
3.571848	30.149829
3.592375	28.309651
3.612903	26.469472
3.633431	24.629294
3.653959	22.789115
3.674487	20.948937
3.695015	19.108758
3.715543	18.879306
3.736070	18.649855
3.756598	18.420403
3.777126	18.190951
3.797654	17.961499
3.818182	17.732047
3.838710	17.502595
3.859238	17.273143
3.879765	17.043691
3.900293	16.814240
3.920821	15.396620
3.941349	13.979000
3.961877	12.561381
3.982405	11.143761
4.002933	9.726141
4.023460	8.308522
4.043988	6.890902
4.064516	5.473282
4.085044	4.055663
4.105572	2.638043
4.126100	2.514299
4.146628	2.390556
4.167155	2.266812
4.187683	2.143068
4.208211	2.019325
4.228739	1.895581
4.249267	1.771837
4.269795	1.648094
4.290323	1.524350
4.310850	1.400606
4.331378	1.431423
4.351906	1.462240
4.372434	1.493056
4.392962	1.523873
4.413490	1.554690
4.434018	1.585506
4.454545	1.616323
4.475073	1.647140
4.495601	1.677956
4.516129	1.708773
4.536657	1.546440
4.557185	1.384106
4.577713	1.221773
4.598240	1.059439
4.618768	0.897106
4.639296	0.734772
4.659824	0.572439
4.680352	0.410106
4.700880	0.247772
4.721408	0.085439
4.741935	0.098467
4.762463	0.111495
4.782991	0.124524
4.803519	0.137552
4.824047	0.150581
4.844575	0.163609
4.865103	0.176637
4.885630	0.189666
4.906158	0.202694
4.926686	0.215723
4.947214	0.258664
4.967742	0.301606
4.988270	0.344547
5.008798	0.387489
5.029326	0.430430
5.049853	0.473372
5.070381	0.516314
5.090909	0.559255
5.111437	0.602197
5.131965	0.645138
5.152493	0.604995
5.173021	0.564852
5.193548	0.524709
5.214076	0.484566
5.234604	0.444423
5.255132	0.404280
5.275660	0.364137
5.296188	0.323994
5.316716	0.283851
5.337243	0.243708
5.357771	0.262846
5.378299	0.281983
5.398827	0.301121
5.419355	0.320259
5.439883	0.339397
5.460411	0.358535
5.480938	0.377673
5.501466	0.396811
5.521994	0.415949
5.542522	0.435087
5.563050	0.488906
5.583578	0.542726
5.604106	0.596545
5.624633	0.650365
5.645161	0.704185
5.665689	0.758004
5.686217	0.811824
5.706745	0.865643
5.727273	0.919463
5.747801	0.973282
5.768328	0.965401
5.788856	0.957519
5.809384	0.949638
5.829912	0.941756
5.850440	0.933875
5.870968	0.925993
5.891496	0.918112
5.912023	0.910230
5.932551	0.902348
5.953079	0.894467
5.973607	0.931077
5.994135	0.967686
6.014663	1.004296
6.035191	1.040906
6.055718	1.077516
6.076246	1.114126
6.096774	1.150735
6.117302	1.187345
6.137830	1.223955
6.158358	1.260565
6.178886	1.214819
6.199413	1.169073
6.219941	1.123327
6.240469	1.077581
6.260997	1.031835
6.281525	0.986089
6.302053	0.940343
6.322581	0.894597
6.343109	0.848852
6.363636	0.803106
6.384164	0.732097
6.404692	0.661088
6.425220	0.590079
6.445748	0.519071
6.466276	0.448062
6.486804	0.377053
6.507331	0.306044
6.527859	0.235035
6.548387	0.164027
6.568915	0.093018
6.589443	0.100040
6.609971	0.107062
6.630499	0.114084
6.651026	0.121106
6.671554	0.128128
6.692082	0.135151
6.712610	0.142173
6.733138	0.149195
6.753666	0.156217
6.774194	0.163239
6.794721	0.153017
6.815249	0.142796
6.835777	0.132575
6.856305	0.122353
6.876833	0.112132
6.897361	0.101910
6.917889	0.091689
6.938416	0.081467
6.958944	0.071246
6.979472	0.061025
