0.000000	0.000000
0.020528	0.000000
0.041056	0.000000
0.061584	0.000000
0.082111	0.000000
0.102639	0.000000
0.123167	0.000000
0.143695	0.000000
0.164223	0.000000
0.184751	0.000000
0.205279	0.000000
0.225806	0.000000
0.246334	0.000000
0.266862	0.000000
0.287390	0.000000
0.307918	0.000000
0.328446	0.000000
0.348974	0.000000
0.369501	0.000000
0.390029	0.000000
0.410557	0.000000
0.431085	0.000000
0.451613	0.000000
0.472141	0.000000
0.492669	0.000000
0.513196	0.000000
0.533724	0.000000
0.554252	0.000000
0.574780	0.000000
0.595308	0.000000
0.615836	0.000000
0.636364	0.000000
0.656891	0.000000
0.677419	0.000000
0.697947	0.000000
0.718475	0.000000
0.739003	0.000000
0.759531	0.000000
0.780059	0.000000
0.800587	0.000000
0.821114	0.000000
0.841642	0.000000
0.862170	0.000000
0.882698	0.000000
0.903226	0.000000
0.923754	0.000000
0.944282	0.000000
0.964809	0.000000
0.985337	0.000000
1.005865	0.000000
1.026393	0.000000
1.046921	0.000000
1.067449	0.000000
1.087977	0.000000
1.108504	0.000000
1.129032	0.000000
1.149560	0.000000
1.170088	0.000000
1.190616	0.000000
1.211144	0.000000
1.231672	0.000000
1.252199	0.000000
1.272727	0.000000
1.293255	0.000000
1.313783	0.000000
1.334311	0.000000
1.354839	0.000000
1.375367	0.000000
1.395894	0.000000
1.416422	0.000000
1.436950	0.000000
1.457478	0.000000
1.478006	0.000000
1.498534	0.000000
1.519062	0.000000
1.539589	0.000000
1.560117	0.000000
1.580645	0.000000
1.601173	0.000000
1.621701	0.000000
1.642229	0.000000
1.662757	0.000000
1.683284	0.000000
1.703812	0.000000
1.724340	0.000000
1.744868	0.000000
1.765396	0.000000
1.785924	0.000000
1.806452	0.000000
1.826979	0.000000
1.847507	0.000000
1.868035	0.000000
1.888563	0.000000
1.909091	0.000000
1.929619	0.000000
1.950147	0.000000
1.970674	0.000000
1.991202	0.000000
2.011730	0.000000
2.032258	0.000000
2.052786	0.000000
2.073314	0.000000
2.093842	0.000000
2.114370	0.000000
2.134897	0.000000
2.155425	0.000000
2.175953	0.000000
2.196481	0.000000
2.217009	0.000000
2.237537	0.000000
2.258065	0.000000
2.278592	0.000000
2.299120	0.000000
2.319648	0.000000
2.340176	0.000000
2.360704	0.000000
2.381232	0.000000
2.401760	0.000000
2.422287	0.000000
2.442815	0.000000
2.463343	0.000000
2.483871	0.666188
2.504399	1.332377
2.524927	1.998565
2.545455	2.664753
2.565982	3.330942
2.586510	3.997130
2.607038	4.663318
2.627566	5.329507
2.648094	5.995695
2.668622	6.661883
2.689150	13.652603
2.709677	20.643323
2.730205	27.634042
2.750733	34.624762
2.771261	41.615482
2.791789	48.606201
2.812317	55.596921
2.832845	62.587641
2.853372	69.578360
2.873900	76.569080
2.894428	78.912172
2.914956	81.255264
2.935484	83.598356
2.956012	85.941448
2.976540	88.284540
2.997067	90.627632
3.017595	92.970724
3.038123	95.313816
3.058651	97.656908
3.079179	100.000000
3.099707	94.191585
3.120235	88.383170
3.140762	82.574755
3.161290	76.766339
3.181818	70.957924
3.202346	65.149509
3.222874	59.341094
3.243402	53.532679
3.263930	47.724264
3.284457	41.915849
3.304985	40.022569
3.325513	38.129289
3.346041	36.236009
3.366569	34.342729
3.387097	32.449449
3.407625	30.556170
3.428152	28.662890
3.448680	26.769610
3.469208	24.876330
3.489736	22.983050
3.510264	22.352430
3.530792	21.721810
3.551320	21.091190
3.571848	20.460570
3.592375	19.829950
3.612903	19.199330
3.633431	18.568710
3.653959	17.938090
3.674487	17.307470
3.695015	16.676850
3.715543	15.603461
3.736070	14.530071
3.756598	13.456682
3.777126	12.383292
3.797654	11.309903
3.818182	10.236514
3.838710	9.163124
3.859238	8.089735
3.879765	7.016345
3.900293	5.942956
3.920821	5.548679
3.941349	5.154402
3.961877	4.760125
3.982405	4.365848
4.002933	3.971571
4.023460	3.577294
4.043988	3.183017
4.064516	2.788740
4.085044	2.394463
4.105572	2.000186
4.126100	1.900329
4.146628	1.800472
4.167155	1.700615
4.187683	1.600758
4.208211	1.500902
4.228739	1.401045
4.249267	1.301188
4.269795	1.201331
4.290323	1.101474
4.310850	1.001618
4.331378	1.006643
4.351906	1.011668
4.372434	1.016693
4.392962	1.021718
4.413490	1.026743
4.434018	1.031768
4.454545	1.036793
4.475073	1.041818
4.495601	1.046843
4.516129	1.051868
4.536657	0.992012
4.557185	0.932156
4.577713	0.872300
4.598240	0.812444
4.618768	0.752588
4.639296	0.692732
4.659824	0.632876
4.680352	0.573020
4.700880	0.513164
4.721408	0.453308
4.741935	0.410244
4.762463	0.367180
4.782991	0.324115
4.803519	0.281051
4.824047	0.237987
4.844575	0.194923
4.865103	0.151858
4.885630	0.108794
4.906158	0.065730
4.926686	0.022665
4.947214	0.020512
4.967742	0.018359
4.988270	0.016206
5.008798	0.014053
5.029326	0.011899
5.049853	0.009746
5.070381	0.007593
5.090909	0.005440
5.111437	0.003286
5.131965	0.001133
5.152493	0.056124
5.173021	0.111115
5.193548	0.166105
5.214076	0.221096
5.234604	0.276086
5.255132	0.331077
5.275660	0.386068
5.296188	0.441058
5.316716	0.496049
5.337243	0.551039
5.357771	0.638941
5.378299	0.726842
5.398827	0.814744
5.419355	0.902645
5.439883	0.990547
5.460411	1.078448
5.480938	1.166349
5.501466	1.254251
5.521994	1.342152
5.542522	1.430054
5.563050	1.444467
5.583578	1.458880
5.604106	1.473293
5.624633	1.487705
5.645161	1.502118
5.665689	1.516531
5.686217	1.530944
5.706745	1.545357
5.727273	1.559770
5.747801	1.574183
5.768328	1.609966
5.788856	1.645749
5.809384	1.681533
5.829912	1.717316
5.850440	1.753099
5.870968	1.788882
5.891496	1.824665
5.912023	1.860449
5.932551	1.896232
5.953079	1.932015
5.973607	1.818599
5.994135	1.705182
6.014663	1.591766
6.035191	1.478350
6.055718	1.364933
6.076246	1.251517
6.096774	1.138101
6.117302	1.024684
6.137830	0.911268
6.158358	0.797852
6.178886	0.737083
6.199413	0.676313
6.219941	0.615544
6.240469	0.554775
6.260997	0.494006
6.281525	0.433237
6.302053	0.372468
6.322581	0.311699
6.343109	0.250930
6.363636	0.190161
6.384164	0.177104
6.404692	0.164048
6.425220	0.150992
6.445748	0.137935
6.466276	0.124879
6.486804	0.111823
6.507331	0.098766
6.527859	0.085710
6.548387	0.072654
6.568915	0.059597
6.589443	0.058945
6.609971	0.058292
6.630499	0.057639
6.651026	0.056986
6.671554	0.056333
6.692082	0.055680
6.712610	0.055028
6.733138	0.054375
6.753666	0.053722
6.774194	0.053069
6.794721	0.048028
6.815249	0.042986
6.835777	0.037944
6.856305	0.032903
6.876833	0.027861
6.897361	0.022820
6.917889	0.017778
6.938416	0.012737
6.958944	0.007695
6.979472	0.002653
