0.000000	0.000000
0.020528	0.000000
0.041056	0.000000
0.061584	0.000000
0.082111	0.000000
0.102639	0.000000
0.123167	0.000000
0.143695	0.000000
0.164223	0.000000
0.184751	0.000000
0.205279	0.000000
0.225806	0.000000
0.246334	0.000000
0.266862	0.000000
0.287390	0.000000
0.307918	0.000000
0.328446	0.000000
0.348974	0.000000
0.369501	0.000000
0.390029	0.000000
0.410557	0.000000
0.431085	0.000000
0.451613	0.000000
0.472141	0.000000
0.492669	0.000000
0.513196	0.000000
0.533724	0.000000
0.554252	0.000000
0.574780	0.000000
0.595308	0.000000
0.615836	0.000000
0.636364	0.000000
0.656891	0.000000
0.677419	0.000000
0.697947	0.000000
0.718475	0.000000
0.739003	0.000000
0.759531	0.000000
0.780059	0.000000
0.800587	0.000000
0.821114	0.000000
0.841642	0.000000
0.862170	0.000000
0.882698	0.000000
0.903226	0.000000
0.923754	0.000000
0.944282	0.000000
0.964809	0.000000
0.985337	0.000000
1.005865	0.000000
1.026393	0.000000
1.046921	0.000000
1.067449	0.000000
1.087977	0.000000
1.108504	0.000000
1.129032	0.000000
1.149560	0.000000
1.170088	0.000000
1.190616	0.000000
1.211144	0.000000
1.231672	0.000000
1.252199	0.000000
1.272727	0.000000
1.293255	0.000000
1.313783	0.000000
1.334311	0.000000
1.354839	0.000000
1.375367	0.000000
1.395894	0.000000
1.416422	0.000000
1.436950	0.000000
1.457478	0.000000
1.478006	0.000000
1.498534	0.000000
1.519062	0.000000
1.539589	0.000000
1.560117	0.000000
1.580645	0.000000
1.601173	0.000000
1.621701	0.000000
1.642229	0.000000
1.662757	0.000000
1.683284	0.000000
1.703812	0.000000
1.724340	0.000000
1.744868	0.000000
1.765396	0.000000
1.785924	0.000000
1.806452	0.000000
1.826979	0.000000
1.847507	0.000000
1.868035	0.000000
1.888563	0.000000
1.909091	0.000000
1.929619	0.000000
1.950147	0.000000
1.970674	0.000000
1.991202	0.000000
2.011730	0.000000
2.032258	0.000000
2.052786	0.000000
2.073314	0.000000
2.093842	0.000000
2.114370	0.000000
2.134897	0.000000
2.155425	0.000000
2.175953	0.000000
2.196481	0.000000
2.217009	0.000000
2.237537	0.000000
2.258065	0.000000
2.278592	0.000000
2.299120	0.000000
2.319648	0.000000
2.340176	0.000000
2.360704	0.000000
2.381232	0.000000
2.401760	0.000000
2.422287	0.000000
2.442815	0.000000
2.463343	0.000000
2.483871	0.242618
2.504399	0.485235
2.524927	0.727853
2.545455	0.970470
2.565982	1.213088
2.586510	1.455706
2.607038	1.698323
2.627566	1.940941
2.648094	2.183558
2.668622	2.426176
2.689150	3.845489
2.709677	5.264802
2.730205	6.684115
2.750733	8.103428
2.771261	9.522741
2.791789	10.942054
2.812317	12.361367
2.832845	13.780680
2.853372	15.199993
2.873900	16.619306
2.894428	22.319000
2.914956	28.018694
2.935484	33.718388
2.956012	39.418082
2.976540	45.117776
2.997067	50.817470
3.017595	56.517164
3.038123	62.216858
3.058651	67.916552
3.079179	73.616246
3.099707	76.254621
3.120235	78.892997
3.140762	81.531372
3.161290	84.169747
3.181818	86.808123
3.202346	89.446498
3.222874	92.084874
3.243402	94.723249
3.263930	97.361625
3.284457	100.000000
3.304985	95.582839
3.325513	91.165677
3.346041	86.748516
3.366569	82.331355
3.387097	77.914194
3.407625	73.497032
3.428152	69.079871
3.448680	64.662710
3.469208	60.245549
3.489736	55.828387
3.510264	52.574809
3.530792	49.321231
3.551320	46.067653
3.571848	42.814075
3.592375	39.560497
3.612903	36.306919
3.633431	33.053341
3.653959	29.799763
3.674487	26.546185
3.695015	23.292607
3.715543	22.638627
3.736070	21.984648
3.756598	21.330668
3.777126	20.676688
3.797654	20.022709
3.818182	19.368729
3.838710	18.714750
3.859238	18.060770
3.879765	17.406791
3.900293	16.752811
3.920821	15.719315
3.941349	14.685818
3.961877	13.652321
3.982405	12.618825
4.002933	11.585328
4.023460	10.551832
4.043988	9.518335
4.064516	8.484839
4.085044	7.451342
4.105572	6.417845
4.126100	6.026506
4.146628	5.635166
4.167155	5.243827
4.187683	4.852488
4.208211	4.461148
4.228739	4.069809
4.249267	3.678469
4.269795	3.287130
4.290323	2.895790
4.310850	2.504451
4.331378	2.466687
4.351906	2.428924
4.372434	2.391161
4.392962	2.353398
4.413490	2.315634
4.434018	2.277871
4.454545	2.240108
4.475073	2.202344
4.495601	2.164581
4.516129	2.126818
4.536657	1.924770
4.557185	1.722722
4.577713	1.520675
4.598240	1.318627
4.618768	1.116579
4.639296	0.914532
4.659824	0.712484
4.680352	0.510436
4.700880	0.308389
4.721408	0.106341
4.741935	0.120500
4.762463	0.134660
4.782991	0.148819
4.803519	0.162978
4.824047	0.177138
4.844575	0.191297
4.865103	0.205457
4.885630	0.219616
4.906158	0.233775
4.926686	0.247935
4.947214	0.224381
4.967742	0.200827
4.988270	0.177273
5.008798	0.153719
5.029326	0.130166
5.049853	0.106612
5.070381	0.083058
5.090909	0.059504
5.111437	0.035951
5.131965	0.012397
5.152493	0.011219
5.173021	0.010041
5.193548	0.008864
5.214076	0.007686
5.234604	0.006508
5.255132	0.005331
5.275660	0.004153
5.296188	0.002975
5.316716	0.001798
5.337243	0.000620
5.357771	0.067281
5.378299	0.133942
5.398827	0.200603
5.419355	0.267264
5.439883	0.333925
5.460411	0.400586
5.480938	0.467247
5.501466	0.533907
5.521994	0.600568
5.542522	0.667229
5.563050	0.761544
5.583578	0.855859
5.604106	0.950173
5.624633	1.044488
5.645161	1.138803
5.665689	1.233117
5.686217	1.327432
5.706745	1.421747
5.727273	1.516061
5.747801	1.610376
5.768328	1.566568
5.788856	1.522760
5.809384	1.478953
5.829912	1.435145
5.850440	1.391337
5.870968	1.347529
5.891496	1.303721
5.912023	1.259914
5.932551	1.216106
5.953079	1.172298
5.973607	1.182238
5.994135	1.192179
6.014663	1.202119
6.035191	1.212060
6.055718	1.222000
6.076246	1.231941
6.096774	1.241881
6.117302	1.251822
6.137830	1.261762
6.158358	1.271703
6.178886	1.247938
6.199413	1.224173
6.219941	1.200409
6.240469	1.176644
6.260997	1.152879
6.281525	1.129114
6.302053	1.105350
6.322581	1.081585
6.343109	1.057820
6.363636	1.034056
6.384164	0.966147
6.404692	0.898239
6.425220	0.830331
6.445748	0.762423
6.466276	0.694515
6.486804	0.626607
6.507331	0.558699
6.527859	0.490791
6.548387	0.422883
6.568915	0.354975
6.589443	0.339448
6.609971	0.323922
6.630499	0.308396
6.651026	0.292870
6.671554	0.277343
6.692082	0.261817
6.712610	0.246291
6.733138	0.230765
6.753666	0.215238
6.774194	0.199712
6.794721	0.186805
6.815249	0.173898
6.835777	0.160990
6.856305	0.148083
6.876833	0.135176
6.897361	0.122269
6.917889	0.109362
6.938416	0.096454
6.958944	0.083547
6.979472	0.070640
