0.000000	0.000000
0.020528	0.000000
0.041056	0.000000
0.061584	0.000000
0.082111	0.000000
0.102639	0.000000
0.123167	0.000000
0.143695	0.000000
0.164223	0.000000
0.184751	0.000000
0.205279	0.000000
0.225806	0.000000
0.246334	0.000000
0.266862	0.000000
0.287390	0.000000
0.307918	0.000000
0.328446	0.000000
0.348974	0.000000
0.369501	0.000000
0.390029	0.000000
0.410557	0.000000
0.431085	0.000000
0.451613	0.000000
0.472141	0.000000
0.492669	0.000000
0.513196	0.000000
0.533724	0.000000
0.554252	0.000000
0.574780	0.000000
0.595308	0.000000
0.615836	0.000000
0.636364	0.000000
0.656891	0.000000
0.677419	0.000000
0.697947	0.000000
0.718475	0.000000
0.739003	0.000000
0.759531	0.000000
0.780059	0.000000
0.800587	0.000000
0.821114	0.000000
0.841642	0.000000
0.862170	0.000000
0.882698	0.000000
0.903226	0.000000
0.923754	0.000000
0.944282	0.000000
0.964809	0.000000
0.985337	0.000000
1.005865	0.000000
1.026393	0.000000
1.046921	0.000000
1.067449	0.000000
1.087977	0.000000
1.108504	0.000000
1.129032	0.000000
1.149560	0.000000
1.170088	0.000000
1.190616	0.000000
1.211144	0.000000
1.231672	0.000000
1.252199	0.000000
1.272727	0.000000
1.293255	0.000000
1.313783	0.000000
1.334311	0.000000
1.354839	0.000000
1.375367	0.000000
1.395894	0.000000
1.416422	0.000000
1.436950	0.000000
1.457478	0.000000
1.478006	0.000000
1.498534	0.000000
1.519062	0.000000
1.539589	0.000000
1.560117	0.000000
1.580645	0.000000
1.601173	0.000000
1.621701	0.000000
1.642229	0.000000
1.662757	0.000000
1.683284	0.000000
1.703812	0.000000
1.724340	0.000000
1.744868	0.000000
1.765396	0.000000
1.785924	0.000000
1.806452	0.000000
1.826979	0.000000
1.847507	0.000000
1.868035	0.000000
1.888563	0.000000
1.909091	0.000000
1.929619	0.000000
1.950147	0.000000
1.970674	0.000000
1.991202	0.000000
2.011730	0.000000
2.032258	0.000000
2.052786	0.000000
2.073314	0.000000
2.093842	0.000000
2.114370	0.000000
2.134897	0.000000
2.155425	0.000000
2.175953	0.000000
2.196481	0.000000
2.217009	0.000000
2.237537	0.000000
2.258065	0.000000
2.278592	0.000000
2.299120	0.000000
2.319648	0.000000
2.340176	0.000000
2.360704	0.000000
2.381232	0.000000
2.401760	0.000000
2.422287	0.000000
2.442815	0.000000
2.463343	0.000000
2.483871	6.295400
2.504399	12.590799
2.524927	18.886199
2.545455	25.181598
2.565982	31.476998
2.586510	37.772397
2.607038	44.067797
2.627566	50.363196
2.648094	56.658596
2.668622	62.953995
2.689150	66.658596
2.709677	70.363196
2.730205	74.067797
2.750733	77.772397
2.771261	81.476998
2.791789	85.181598
2.812317	88.886199
2.832845	92.590799
2.853372	96.295400
2.873900	100.000000
2.894428	95.181195
2.914956	90.362389
2.935484	85.543584
2.956012	80.724778
2.976540	75.905973
2.997067	71.087167
3.017595	66.268362
3.038123	61.449556
3.058651	56.630751
3.079179	51.811945
3.099707	49.311118
3.120235	46.810291
3.140762	44.309463
3.161290	41.808636
3.181818	39.307809
3.202346	36.806981
3.222874	34.306154
3.243402	31.805327
3.263930	29.304500
3.284457	26.803672
3.304985	25.225846
3.325513	23.648021
3.346041	22.070195
3.366569	20.492369
3.387097	18.914543
3.407625	17.336717
3.428152	15.758891
3.448680	14.181065
3.469208	12.603240
3.489736	11.025414
3.510264	11.269363
3.530792	11.513313
3.551320	11.757263
3.571848	12.001212
3.592375	12.245162
3.612903	12.489112
3.633431	12.733062
3.653959	12.977011
3.674487	13.220961
3.695015	13.464911
3.715543	13.961370
3.736070	14.457829
3.756598	14.954288
3.777126	15.450747
3.797654	15.947206
3.818182	16.443665
3.838710	16.940124
3.859238	17.436583
3.879765	17.933042
3.900293	18.429501
3.920821	18.938585
3.941349	19.447669
3.961877	19.956754
3.982405	20.465838
4.002933	20.974923
4.023460	21.484007
4.043988	21.993092
4.064516	22.502176
4.085044	23.011261
4.105572	23.520345
4.126100	23.061538
4.146628	22.602731
4.167155	22.143923
4.187683	21.685116
4.208211	21.226309
4.228739	20.767501
4.249267	20.308694
4.269795	19.849887
4.290323	19.391080
4.310850	18.932272
4.331378	17.214417
4.351906	15.496561
4.372434	13.778705
4.392962	12.060850
4.413490	10.342994
4.434018	8.625139
4.454545	6.907283
4.475073	5.189427
4.495601	3.471572
4.516129	1.753716
4.536657	1.587113
4.557185	1.420510
4.577713	1.253907
4.598240	1.087304
4.618768	0.920701
4.639296	0.754098
4.659824	0.587495
4.680352	0.420892
4.700880	0.254289
4.721408	0.087686
4.741935	0.079356
4.762463	0.071026
4.782991	0.062695
4.803519	0.054365
4.824047	0.046035
4.844575	0.037705
4.865103	0.029375
4.885630	0.021045
4.906158	0.012714
4.926686	0.004384
4.947214	0.084678
4.967742	0.164972
4.988270	0.245266
5.008798	0.325559
5.029326	0.405853
5.049853	0.486147
5.070381	0.566440
5.090909	0.646734
5.111437	0.727028
5.131965	0.807322
5.152493	0.730626
5.173021	0.653931
5.193548	0.577235
5.214076	0.500539
5.234604	0.423844
5.255132	0.347148
5.275660	0.270453
5.296188	0.193757
5.316716	0.117062
5.337243	0.040366
5.357771	1.973577
5.378299	3.906789
5.398827	5.840000
5.419355	7.773211
5.439883	9.706422
5.460411	11.639633
5.480938	13.572845
5.501466	15.506056
5.521994	17.439267
5.542522	19.372478
5.563050	17.532093
5.583578	15.691707
5.604106	13.851322
5.624633	12.010937
5.645161	10.170551
5.665689	8.330166
5.686217	6.489780
5.706745	4.649395
5.727273	2.809009
5.747801	0.968624
5.768328	0.957315
5.788856	0.946006
5.809384	0.934697
5.829912	0.923388
5.850440	0.912079
5.870968	0.900770
5.891496	0.889461
5.912023	0.878152
5.932551	0.866843
5.953079	0.855534
5.973607	0.774258
5.994135	0.692982
6.014663	0.611707
6.035191	0.530431
6.055718	0.449155
6.076246	0.367879
6.096774	0.286604
6.117302	0.205328
6.137830	0.124052
6.158358	0.042777
6.178886	0.038713
6.199413	0.034649
6.219941	0.030585
6.240469	0.026522
6.260997	0.022458
6.281525	0.018394
6.302053	0.014330
6.322581	0.010266
6.343109	0.006203
6.363636	0.002139
6.384164	0.324777
6.404692	0.647414
6.425220	0.970052
6.445748	1.292690
6.466276	1.615328
6.486804	1.937966
6.507331	2.260604
6.527859	2.583241
6.548387	2.905879
6.568915	3.228517
6.589443	2.921808
6.609971	2.615099
6.630499	2.308390
6.651026	2.001681
6.671554	1.694971
6.692082	1.388262
6.712610	1.081553
6.733138	0.774844
6.753666	0.468135
6.774194	0.161426
6.794721	0.146090
6.815249	0.130755
6.835777	0.115419
6.856305	0.100084
6.876833	0.084749
6.897361	0.069413
6.917889	0.054078
6.938416	0.038742
6.958944	0.023407
6.979472	0.008071
