0.000000	0.000000
0.020528	0.000000
0.041056	0.000000
0.061584	0.000000
0.082111	0.000000
0.102639	0.000000
0.123167	0.000000
0.143695	0.000000
0.164223	0.000000
0.184751	0.000000
0.205279	0.000000
0.225806	0.000000
0.246334	0.000000
0.266862	0.000000
0.287390	0.000000
0.307918	0.000000
0.328446	0.000000
0.348974	0.000000
0.369501	0.000000
0.390029	0.000000
0.410557	0.000000
0.431085	0.000000
0.451613	0.000000
0.472141	0.000000
0.492669	0.000000
0.513196	0.000000
0.533724	0.000000
0.554252	0.000000
0.574780	0.000000
0.595308	0.000000
0.615836	0.000000
0.636364	0.000000
0.656891	0.000000
0.677419	0.000000
0.697947	0.000000
0.718475	0.000000
0.739003	0.000000
0.759531	0.000000
0.780059	0.000000
0.800587	0.000000
0.821114	0.000000
0.841642	0.000000
0.862170	0.000000
0.882698	0.000000
0.903226	0.000000
0.923754	0.000000
0.944282	0.000000
0.964809	0.000000
0.985337	0.000000
1.005865	0.000000
1.026393	0.000000
1.046921	0.000000
1.067449	0.000000
1.087977	0.000000
1.108504	0.000000
1.129032	0.000000
1.149560	0.000000
1.170088	0.000000
1.190616	0.000000
1.211144	0.000000
1.231672	0.000000
1.252199	0.000000
1.272727	0.000000
1.293255	0.000000
1.313783	0.000000
1.334311	0.000000
1.354839	0.000000
1.375367	0.000000
1.395894	0.000000
1.416422	0.000000
1.436950	0.000000
1.457478	0.000000
1.478006	0.000000
1.498534	0.000000
1.519062	0.000000
1.539589	0.000000
1.560117	0.000000
1.580645	0.000000
1.601173	0.000000
1.621701	0.000000
1.642229	0.000000
1.662757	0.000000
1.683284	0.000000
1.703812	0.000000
1.724340	0.000000
1.744868	0.000000
1.765396	0.000000
1.785924	0.000000
1.806452	0.000000
1.826979	0.000000
1.847507	0.000000
1.868035	0.000000
1.888563	0.000000
1.909091	0.000000
1.929619	0.000000
1.950147	0.000000
1.970674	0.000000
1.991202	0.000000
2.011730	0.000000
2.032258	0.000000
2.052786	0.000000
2.073314	0.012444
2.093842	0.024889
2.114370	0.037333
2.134897	0.049777
2.155425	0.062222
2.175953	0.074666
2.196481	0.087110
2.217009	0.099555
2.237537	0.111999
2.258065	0.124444
2.278592	1.749053
2.299120	3.373663
2.319648	4.998273
2.340176	6.622883
2.360704	8.247493
2.381232	9.872103
2.401760	11.496713
2.422287	13.121323
2.442815	14.745933
2.463343	16.370543
2.483871	24.733489
2.504399	33.096434
2.524927	41.459380
2.545455	49.822326
2.565982	58.185271
2.586510	66.548217
2.607038	74.911163
2.627566	83.274109
2.648094	91.637054
2.668622	100.000000
2.689150	99.901707
2.709677	99.803413
2.730205	99.705120
2.750733	99.606827
2.771261	99.508534
2.791789	99.410240
2.812317	99.311947
2.832845	99.213654
2.853372	99.115361
2.873900	99.017067
2.894428	93.125975
2.914956	87.234883
2.935484	81.343790
2.956012	75.452698
2.976540	69.561605
2.997067	63.670513
3.017595	57.779421
3.038123	51.888328
3.058651	45.997236
3.079179	40.106143
3.099707	38.946706
3.120235	37.787269
3.140762	36.627832
3.161290	35.468395
3.181818	34.308958
3.202346	33.149521
3.222874	31.990084
3.243402	30.830648
3.263930	29.671211
3.284457	28.511774
3.304985	27.153367
3.325513	25.794961
3.346041	24.436554
3.366569	23.078148
3.387097	21.719741
3.407625	20.361335
3.428152	19.002928
3.448680	17.644522
3.469208	16.286115
3.489736	14.927709
3.510264	14.274904
3.530792	13.622099
3.551320	12.969295
3.571848	12.316490
3.592375	11.663685
3.612903	11.010880
3.633431	10.358075
3.653959	9.705271
3.674487	9.052466
3.695015	8.399661
3.715543	7.863025
3.736070	7.326388
3.756598	6.789752
3.777126	6.253115
3.797654	5.716479
3.818182	5.179842
3.838710	4.643206
3.859238	4.106569
3.879765	3.569933
3.900293	3.033297
3.920821	2.857133
3.941349	2.680969
3.961877	2.504805
3.982405	2.328641
4.002933	2.152477
4.023460	1.976312
4.043988	1.800148
4.064516	1.623984
4.085044	1.447820
4.105572	1.271656
4.126100	1.225515
4.146628	1.179374
4.167155	1.133233
4.187683	1.087091
4.208211	1.040950
4.228739	0.994809
4.249267	0.948668
4.269795	0.902526
4.290323	0.856385
4.310850	0.810244
4.331378	0.733271
4.351906	0.656298
4.372434	0.579324
4.392962	0.502351
4.413490	0.425378
4.434018	0.348405
4.454545	0.271432
4.475073	0.194459
4.495601	0.117485
4.516129	0.040512
4.536657	0.073997
4.557185	0.107481
4.577713	0.140965
4.598240	0.174450
4.618768	0.207934
4.639296	0.241419
4.659824	0.274903
4.680352	0.308387
4.700880	0.341872
4.721408	0.375356
4.741935	0.420586
4.762463	0.465815
4.782991	0.511044
4.803519	0.556274
4.824047	0.601503
4.844575	0.646733
4.865103	0.691962
4.885630	0.737192
4.906158	0.782421
4.926686	0.827651
4.947214	0.948133
4.967742	1.068616
4.988270	1.189099
5.008798	1.309582
5.029326	1.430065
5.049853	1.550547
5.070381	1.671030
5.090909	1.791513
5.111437	1.911996
5.131965	2.032479
5.152493	1.920281
5.173021	1.808084
5.193548	1.695887
5.214076	1.583690
5.234604	1.471493
5.255132	1.359295
5.275660	1.247098
5.296188	1.134901
5.316716	1.022704
5.337243	0.910507
5.357771	1.004452
5.378299	1.098397
5.398827	1.192342
5.419355	1.286286
5.439883	1.380231
5.460411	1.474176
5.480938	1.568121
5.501466	1.662066
5.521994	1.756011
5.542522	1.849956
5.563050	1.736432
5.583578	1.622908
5.604106	1.509384
5.624633	1.395860
5.645161	1.282336
5.665689	1.168812
5.686217	1.055288
5.706745	0.941763
5.727273	0.828239
5.747801	0.714715
5.768328	0.665484
5.788856	0.616252
5.809384	0.567021
5.829912	0.517790
5.850440	0.468558
5.870968	0.419327
5.891496	0.370095
5.912023	0.320864
5.932551	0.271632
5.953079	0.222401
5.973607	0.207495
5.994135	0.192589
6.014663	0.177683
6.035191	0.162777
6.055718	0.147871
6.076246	0.132965
6.096774	0.118060
6.117302	0.103154
6.137830	0.088248
6.158358	0.073342
6.178886	0.072597
6.199413	0.071851
6.219941	0.071106
6.240469	0.070361
6.260997	0.069615
6.281525	0.068870
6.302053	0.068125
6.322581	0.067379
6.343109	0.066634
6.363636	0.065889
6.384164	0.065852
6.404692	0.065814
6.425220	0.065777
6.445748	0.065740
6.466276	0.065703
6.486804	0.065665
6.507331	0.065628
6.527859	0.065591
6.548387	0.065553
6.568915	0.065516
6.589443	0.065514
6.609971	0.065512
6.630499	0.065511
6.651026	0.065509
6.671554	0.065507
6.692082	0.065505
6.712610	0.065503
6.733138	0.065501
6.753666	0.065499
6.774194	0.065498
6.794721	0.059275
6.815249	0.053053
6.835777	0.046831
6.856305	0.040608
6.876833	0.034386
6.897361	0.028164
6.917889	0.021942
6.938416	0.015719
6.958944	0.009497
6.979472	0.003275
