0.000000	0.000000
0.020528	0.000000
0.041056	0.000000
0.061584	0.000000
0.082111	0.000000
0.102639	0.000000
0.123167	0.000000
0.143695	0.000000
0.164223	0.000000
0.184751	0.000000
0.205279	0.000000
0.225806	0.000000
0.246334	0.000000
0.266862	0.000000
0.287390	0.000000
0.307918	0.000000
0.328446	0.000000
0.348974	0.000000
0.369501	0.000000
0.390029	0.000000
0.410557	0.000000
0.431085	0.000000
0.451613	0.000000
0.472141	0.000000
0.492669	0.000000
0.513196	0.000000
0.533724	0.000000
0.554252	0.000000
0.574780	0.000000
0.595308	0.000000
0.615836	0.000000
0.636364	0.000000
0.656891	0.000000
0.677419	0.000000
0.697947	0.000000
0.718475	0.000000
0.739003	0.000000
0.759531	0.000000
0.780059	0.000000
0.800587	0.000000
0.821114	0.000000
0.841642	0.000000
0.862170	0.000000
0.882698	0.000000
0.903226	0.000000
0.923754	0.000000
0.944282	0.000000
0.964809	0.000000
0.985337	0.000000
1.005865	0.000000
1.026393	0.000000
1.046921	0.000000
1.067449	0.000000
1.087977	0.000000
1.108504	0.000000
1.129032	0.000000
1.149560	0.000000
1.170088	0.000000
1.190616	0.000000
1.211144	0.000000
1.231672	0.000000
1.252199	0.000000
1.272727	0.000000
1.293255	0.000000
1.313783	0.000000
1.334311	0.000000
1.354839	0.000000
1.375367	0.000000
1.395894	0.000000
1.416422	0.000000
1.436950	0.000000
1.457478	0.000000
1.478006	0.000000
1.498534	0.000000
1.519062	0.000000
1.539589	0.000000
1.560117	0.000000
1.580645	0.000000
1.601173	0.000000
1.621701	0.000000
1.642229	0.000000
1.662757	0.000000
1.683284	0.000000
1.703812	0.000000
1.724340	0.000000
1.744868	0.000000
1.765396	0.000000
1.785924	0.000000
1.806452	0.000000
1.826979	0.000000
1.847507	0.000000
1.868035	0.000000
1.888563	0.000000
1.909091	0.000000
1.929619	0.000000
1.950147	0.000000
1.970674	0.000000
1.991202	0.000000
2.011730	0.000000
2.032258	0.000000
2.052786	0.000000
2.073314	0.056980
2.093842	0.113961
2.114370	0.170941
2.134897	0.227921
2.155425	0.284901
2.175953	0.341882
2.196481	0.398862
2.217009	0.455842
2.237537	0.512822
2.258065	0.569803
2.278592	2.720095
2.299120	4.870388
2.319648	7.020680
2.340176	9.170973
2.360704	11.321265
2.381232	13.471558
2.401760	15.621851
2.422287	17.772143
2.442815	19.922436
2.463343	22.072728
2.483871	29.865455
2.504399	37.658183
2.524927	45.450910
2.545455	53.243637
2.565982	61.036364
2.586510	68.829091
2.607038	76.621818
2.627566	84.414546
2.648094	92.207273
2.668622	100.000000
2.689150	94.695172
2.709677	89.390343
2.730205	84.085515
2.750733	78.780687
2.771261	73.475858
2.791789	68.171030
2.812317	62.866201
2.832845	57.561373
2.853372	52.256545
2.873900	46.951716
2.894428	44.457122
2.914956	41.962528
2.935484	39.467934
2.956012	36.973340
2.976540	34.478746
2.997067	31.984152
3.017595	29.489558
3.038123	26.994964
3.058651	24.500370
3.079179	22.005775
3.099707	21.161670
3.120235	20.317565
3.140762	19.473459
3.161290	18.629354
3.181818	17.785248
3.202346	16.941143
3.222874	16.097037
3.243402	15.252932
3.263930	14.408826
3.284457	13.564721
3.304985	13.169950
3.325513	12.775179
3.346041	12.380409
3.366569	11.985638
3.387097	11.590867
3.407625	11.196097
3.428152	10.801326
3.448680	10.406556
3.469208	10.011785
3.489736	9.617014
3.510264	9.041718
3.530792	8.466422
3.551320	7.891126
3.571848	7.315830
3.592375	6.740534
3.612903	6.165238
3.633431	5.589942
3.653959	5.014646
3.674487	4.439350
3.695015	3.864054
3.715543	3.607368
3.736070	3.350682
3.756598	3.093996
3.777126	2.837310
3.797654	2.580624
3.818182	2.323939
3.838710	2.067253
3.859238	1.810567
3.879765	1.553881
3.900293	1.297195
3.920821	1.262993
3.941349	1.228791
3.961877	1.194590
3.982405	1.160388
4.002933	1.126186
4.023460	1.091984
4.043988	1.057782
4.064516	1.023580
4.085044	0.989378
4.105572	0.955176
4.126100	0.864435
4.146628	0.773693
4.167155	0.682951
4.187683	0.592209
4.208211	0.501468
4.228739	0.410726
4.249267	0.319984
4.269795	0.229242
4.290323	0.138501
4.310850	0.047759
4.331378	0.053906
4.351906	0.060052
4.372434	0.066199
4.392962	0.072346
4.413490	0.078492
4.434018	0.084639
4.454545	0.090786
4.475073	0.096933
4.495601	0.103079
4.516129	0.109226
4.536657	0.130901
4.557185	0.152576
4.577713	0.174251
4.598240	0.195926
4.618768	0.217601
4.639296	0.239276
4.659824	0.260950
4.680352	0.282625
4.700880	0.304300
4.721408	0.325975
4.741935	0.384039
4.762463	0.442103
4.782991	0.500167
4.803519	0.558231
4.824047	0.616295
4.844575	0.674359
4.865103	0.732423
4.885630	0.790487
4.906158	0.848551
4.926686	0.906615
4.947214	0.913080
4.967742	0.919544
4.988270	0.926009
5.008798	0.932473
5.029326	0.938938
5.049853	0.945402
5.070381	0.951867
5.090909	0.958331
5.111437	0.964796
5.131965	0.971260
5.152493	0.943093
5.173021	0.914926
5.193548	0.886759
5.214076	0.858592
5.234604	0.830425
5.255132	0.802259
5.275660	0.774092
5.296188	0.745925
5.316716	0.717758
5.337243	0.689591
5.357771	0.713111
5.378299	0.736632
5.398827	0.760152
5.419355	0.783673
5.439883	0.807194
5.460411	0.830714
5.480938	0.854235
5.501466	0.877755
5.521994	0.901276
5.542522	0.924796
5.563050	0.861869
5.583578	0.798943
5.604106	0.736016
5.624633	0.673089
5.645161	0.610162
5.665689	0.547236
5.686217	0.484309
5.706745	0.421382
5.727273	0.358455
5.747801	0.295528
5.768328	0.285260
5.788856	0.274991
5.809384	0.264722
5.829912	0.254453
5.850440	0.244184
5.870968	0.233915
5.891496	0.223646
5.912023	0.213377
5.932551	0.203109
5.953079	0.192840
5.973607	0.181642
5.994135	0.170445
6.014663	0.159248
6.035191	0.148051
6.055718	0.136854
6.076246	0.125656
6.096774	0.114459
6.117302	0.103262
6.137830	0.092065
6.158358	0.080867
6.178886	0.076746
6.199413	0.072625
6.219941	0.068504
6.240469	0.064383
6.260997	0.060262
6.281525	0.056141
6.302053	0.052019
6.322581	0.047898
6.343109	0.043777
6.363636	0.039656
6.384164	0.035889
6.404692	0.032121
6.425220	0.028354
6.445748	0.024587
6.466276	0.020819
6.486804	0.017052
6.507331	0.013285
6.527859	0.009517
6.548387	0.005750
6.568915	0.001983
6.589443	0.005356
6.609971	0.008729
6.630499	0.012102
6.651026	0.015474
6.671554	0.018847
6.692082	0.022220
6.712610	0.025593
6.733138	0.028966
6.753666	0.032339
6.774194	0.035712
6.794721	0.032319
6.815249	0.028927
6.835777	0.025534
6.856305	0.022141
6.876833	0.018749
6.897361	0.015356
6.917889	0.011963
6.938416	0.008571
6.958944	0.005178
6.979472	0.001786
