0.000000	0.000000
0.020528	0.000000
0.041056	0.000000
0.061584	0.000000
0.082111	0.000000
0.102639	0.000000
0.123167	0.000000
0.143695	0.000000
0.164223	0.000000
0.184751	0.000000
0.205279	0.000000
0.225806	0.000000
0.246334	0.000000
0.266862	0.000000
0.287390	0.000000
0.307918	0.000000
0.328446	0.000000
0.348974	0.000000
0.369501	0.000000
0.390029	0.000000
0.410557	0.000000
0.431085	0.000000
0.451613	0.000000
0.472141	0.000000
0.492669	0.000000
0.513196	0.000000
0.533724	0.000000
0.554252	0.000000
0.574780	0.000000
0.595308	0.000000
0.615836	0.000000
0.636364	0.000000
0.656891	0.000000
0.677419	0.000000
0.697947	0.000000
0.718475	0.000000
0.739003	0.000000
0.759531	0.000000
0.780059	0.000000
0.800587	0.000000
0.821114	0.000000
0.841642	0.000000
0.862170	0.000000
0.882698	0.000000
0.903226	0.000000
0.923754	0.000000
0.944282	0.000000
0.964809	0.000000
0.985337	0.000000
1.005865	0.000000
1.026393	0.000000
1.046921	0.000000
1.067449	0.000000
1.087977	0.000000
1.108504	0.000000
1.129032	0.000000
1.149560	0.000000
1.170088	0.000000
1.190616	0.000000
1.211144	0.000000
1.231672	0.000000
1.252199	0.000000
1.272727	0.000000
1.293255	0.000000
1.313783	0.000000
1.334311	0.000000
1.354839	0.000000
1.375367	0.000000
1.395894	0.000000
1.416422	0.000000
1.436950	0.000000
1.457478	0.000000
1.478006	0.000000
1.498534	0.000000
1.519062	0.000000
1.539589	0.000000
1.560117	0.000000
1.580645	0.000000
1.601173	0.000000
1.621701	0.000000
1.642229	0.000000
1.662757	0.000000
1.683284	0.000000
1.703812	0.000000
1.724340	0.000000
1.744868	0.000000
1.765396	0.000000
1.785924	0.000000
1.806452	0.000000
1.826979	0.000000
1.847507	0.000000
1.868035	0.000000
1.888563	0.000000
1.909091	0.000000
1.929619	0.000000
1.950147	0.000000
1.970674	0.000000
1.991202	0.000000
2.011730	0.000000
2.032258	0.000000
2.052786	0.000000
2.073314	0.000000
2.093842	0.000000
2.114370	0.000000
2.134897	0.000000
2.155425	0.000000
2.175953	0.000000
2.196481	0.000000
2.217009	0.000000
2.237537	0.000000
2.258065	0.000000
2.278592	0.000000
2.299120	0.000000
2.319648	0.000000
2.340176	0.000000
2.360704	0.000000
2.381232	0.000000
2.401760	0.000000
2.422287	0.000000
2.442815	0.000000
2.463343	0.000000
2.483871	0.942785
2.504399	1.885570
2.524927	2.828354
2.545455	3.771139
2.565982	4.713924
2.586510	5.656709
2.607038	6.599493
2.627566	7.542278
2.648094	8.485063
2.668622	9.427848
2.689150	13.721446
2.709677	18.015045
2.730205	22.308644
2.750733	26.602243
2.771261	30.895842
2.791789	35.189441
2.812317	39.483040
2.832845	43.776639
2.853372	48.070237
2.873900	52.363836
2.894428	57.127453
2.914956	61.891069
2.935484	66.654685
2.956012	71.418302
2.976540	76.181918
2.997067	80.945535
3.017595	85.709151
3.038123	90.472767
3.058651	95.236384
3.079179	100.000000
3.099707	95.323915
3.120235	90.647831
3.140762	85.971746
3.161290	81.295661
3.181818	76.619577
3.202346	71.943492
3.222874	67.267407
3.243402	62.591322
3.263930	57.915238
3.284457	53.239153
3.304985	49.937370
3.325513	46.635587
3.346041	43.333804
3.366569	40.032021
3.387097	36.730238
3.407625	33.428455
3.428152	30.126672
3.448680	26.824890
3.469208	23.523107
3.489736	20.221324
3.510264	19.863749
3.530792	19.506175
3.551320	19.148601
3.571848	18.791026
3.592375	18.433452
3.612903	18.075877
3.633431	17.718303
3.653959	17.360729
3.674487	17.003154
3.695015	16.645580
3.715543	15.492431
3.736070	14.339283
3.756598	13.186134
3.777126	12.032985
3.797654	10.879837
3.818182	9.726688
3.838710	8.573539
3.859238	7.420390
3.879765	6.267242
3.900293	5.114093
3.920821	4.808955
3.941349	4.503816
3.961877	4.198678
3.982405	3.893539
4.002933	3.588401
4.023460	3.283262
4.043988	2.978124
4.064516	2.672986
4.085044	2.367847
4.105572	2.062709
4.126100	2.129946
4.146628	2.197182
4.167155	2.264419
4.187683	2.331656
4.208211	2.398892
4.228739	2.466129
4.249267	2.533366
4.269795	2.600603
4.290323	2.667839
4.310850	2.735076
4.331378	2.553809
4.351906	2.372543
4.372434	2.191276
4.392962	2.010009
4.413490	1.828742
4.434018	1.647475
4.454545	1.466208
4.475073	1.284941
4.495601	1.103675
4.516129	0.922408
4.536657	0.866205
4.557185	0.810003
4.577713	0.753800
4.598240	0.697597
4.618768	0.641395
4.639296	0.585192
4.659824	0.528990
4.680352	0.472787
4.700880	0.416585
4.721408	0.360382
4.741935	0.326146
4.762463	0.291909
4.782991	0.257673
4.803519	0.223437
4.824047	0.189201
4.844575	0.154964
4.865103	0.120728
4.885630	0.086492
4.906158	0.052255
4.926686	0.018019
4.947214	0.016307
4.967742	0.014595
4.988270	0.012884
5.008798	0.011172
5.029326	0.009460
5.049853	0.007748
5.070381	0.006036
5.090909	0.004325
5.111437	0.002613
5.131965	0.000901
5.152493	0.000815
5.173021	0.000730
5.193548	0.000644
5.214076	0.000559
5.234604	0.000473
5.255132	0.000387
5.275660	0.000302
5.296188	0.000216
5.316716	0.000131
5.337243	0.000045
5.357771	0.113961
5.378299	0.227876
5.398827	0.341792
5.419355	0.455707
5.439883	0.569623
5.460411	0.683538
5.480938	0.797454
5.501466	0.911369
5.521994	1.025285
5.542522	1.139200
5.563050	1.113470
5.583578	1.087740
5.604106	1.062009
5.624633	1.036279
5.645161	1.010549
5.665689	0.984818
5.686217	0.959088
5.706745	0.933357
5.727273	0.907627
5.747801	0.881897
5.768328	0.892395
5.788856	0.902893
5.809384	0.913392
5.829912	0.923890
5.850440	0.934388
5.870968	0.944886
5.891496	0.955385
5.912023	0.965883
5.932551	0.976381
5.953079	0.986880
5.973607	0.948122
5.994135	0.909364
6.014663	0.870606
6.035191	0.831848
6.055718	0.793091
6.076246	0.754333
6.096774	0.715575
6.117302	0.676817
6.137830	0.638060
6.158358	0.599302
6.178886	0.550225
6.199413	0.501147
6.219941	0.452070
6.240469	0.402993
6.260997	0.353916
6.281525	0.304839
6.302053	0.255762
6.322581	0.206685
6.343109	0.157608
6.363636	0.108530
6.384164	0.098220
6.404692	0.087910
6.425220	0.077599
6.445748	0.067289
6.466276	0.056979
6.486804	0.046668
6.507331	0.036358
6.527859	0.026047
6.548387	0.015737
6.568915	0.005427
6.589443	0.008839
6.609971	0.012252
6.630499	0.015665
6.651026	0.019078
6.671554	0.022490
6.692082	0.025903
6.712610	0.029316
6.733138	0.032729
6.753666	0.036141
6.774194	0.039554
6.794721	0.051509
6.815249	0.063465
6.835777	0.075420
6.856305	0.087376
6.876833	0.099331
6.897361	0.111287
6.917889	0.123242
6.938416	0.135198
6.958944	0.147153
6.979472	0.159108
