0.000000	0.000000
0.020528	0.000000
0.041056	0.000000
0.061584	0.000000
0.082111	0.000000
0.102639	0.000000
0.123167	0.000000
0.143695	0.000000
0.164223	0.000000
0.184751	0.000000
0.205279	0.000000
0.225806	0.000000
0.246334	0.000000
0.266862	0.000000
0.287390	0.000000
0.307918	0.000000
0.328446	0.000000
0.348974	0.000000
0.369501	0.000000
0.390029	0.000000
0.410557	0.000000
0.431085	0.000000
0.451613	0.000000
0.472141	0.000000
0.492669	0.000000
0.513196	0.000000
0.533724	0.000000
0.554252	0.000000
0.574780	0.000000
0.595308	0.000000
0.615836	0.000000
0.636364	0.000000
0.656891	0.000000
0.677419	0.000000
0.697947	0.000000
0.718475	0.000000
0.739003	0.000000
0.759531	0.000000
0.780059	0.000000
0.800587	0.000000
0.821114	0.000000
0.841642	0.000000
0.862170	0.000000
0.882698	0.000000
0.903226	0.000000
0.923754	0.000000
0.944282	0.000000
0.964809	0.000000
0.985337	0.000000
1.005865	0.000000
1.026393	0.000000
1.046921	0.000000
1.067449	0.000000
1.087977	0.000000
1.108504	0.000000
1.129032	0.000000
1.149560	0.000000
1.170088	0.000000
1.190616	0.000000
1.211144	0.000000
1.231672	0.000000
1.252199	0.000000
1.272727	0.000000
1.293255	0.000000
1.313783	0.000000
1.334311	0.000000
1.354839	0.000000
1.375367	0.000000
1.395894	0.000000
1.416422	0.000000
1.436950	0.000000
1.457478	0.000000
1.478006	0.000000
1.498534	0.000000
1.519062	0.000000
1.539589	0.000000
1.560117	0.000000
1.580645	0.000000
1.601173	0.000000
1.621701	0.000000
1.642229	0.000000
1.662757	0.000000
1.683284	0.000000
1.703812	0.000000
1.724340	0.000000
1.744868	0.000000
1.765396	0.000000
1.785924	0.000000
1.806452	0.000000
1.826979	0.000000
1.847507	0.000000
1.868035	0.000000
1.888563	0.000000
1.909091	0.000000
1.929619	0.000000
1.950147	0.000000
1.970674	0.000000
1.991202	0.000000
2.011730	0.000000
2.032258	0.000000
2.052786	0.000000
2.073314	0.000000
2.093842	0.000000
2.114370	0.000000
2.134897	0.000000
2.155425	0.000000
2.175953	0.000000
2.196481	0.000000
2.217009	0.000000
2.237537	0.000000
2.258065	0.000000
2.278592	0.000000
2.299120	0.000000
2.319648	0.000000
2.340176	0.000000
2.360704	0.000000
2.381232	0.000000
2.401760	0.000000
2.422287	0.000000
2.442815	0.000000
2.463343	0.000000
2.483871	0.000000
2.504399	0.000000
2.524927	0.000000
2.545455	0.000000
2.565982	0.000000
2.586510	0.000000
2.607038	0.000000
2.627566	0.000000
2.648094	0.000000
2.668622	0.000000
2.689150	1.954354
2.709677	3.908708
2.730205	5.863062
2.750733	7.817416
2.771261	9.771770
2.791789	11.726124
2.812317	13.680478
2.832845	15.634832
2.853372	17.589186
2.873900	19.543540
2.894428	23.369872
2.914956	27.196203
2.935484	31.022535
2.956012	34.848866
2.976540	38.675198
2.997067	42.501530
3.017595	46.327861
3.038123	50.154193
3.058651	53.980525
3.079179	57.806856
3.099707	60.192652
3.120235	62.578448
3.140762	64.964244
3.161290	67.350040
3.181818	69.735836
3.202346	72.121632
3.222874	74.507428
3.243402	76.893224
3.263930	79.279020
3.284457	81.664816
3.304985	83.498335
3.325513	85.331853
3.346041	87.165371
3.366569	88.998890
3.387097	90.832408
3.407625	92.665926
3.428152	94.499445
3.448680	96.332963
3.469208	98.166482
3.489736	100.000000
3.510264	93.795054
3.530792	87.590108
3.551320	81.385163
3.571848	75.180217
3.592375	68.975271
3.612903	62.770325
3.633431	56.565379
3.653959	50.360433
3.674487	44.155488
3.695015	37.950542
3.715543	35.839354
3.736070	33.728166
3.756598	31.616978
3.777126	29.505790
3.797654	27.394603
3.818182	25.283415
3.838710	23.172227
3.859238	21.061039
3.879765	18.949851
3.900293	16.838663
3.920821	16.472968
3.941349	16.107273
3.961877	15.741578
3.982405	15.375882
4.002933	15.010187
4.023460	14.644492
4.043988	14.278797
4.064516	13.913101
4.085044	13.547406
4.105572	13.181711
4.126100	12.129553
4.146628	11.077395
4.167155	10.025237
4.187683	8.973079
4.208211	7.920921
4.228739	6.868763
4.249267	5.816605
4.269795	4.764447
4.290323	3.712289
4.310850	2.660131
4.331378	2.694235
4.351906	2.728339
4.372434	2.762443
4.392962	2.796547
4.413490	2.830651
4.434018	2.864755
4.454545	2.898859
4.475073	2.932963
4.495601	2.967067
4.516129	3.001171
4.536657	2.796102
4.557185	2.591032
4.577713	2.385963
4.598240	2.180893
4.618768	1.975824
4.639296	1.770754
4.659824	1.565685
4.680352	1.360615
4.700880	1.155546
4.721408	0.950477
4.741935	0.860181
4.762463	0.769886
4.782991	0.679591
4.803519	0.589295
4.824047	0.499000
4.844575	0.408705
4.865103	0.318410
4.885630	0.228114
4.906158	0.137819
4.926686	0.047524
4.947214	0.043009
4.967742	0.038494
4.988270	0.033980
5.008798	0.029465
5.029326	0.024950
5.049853	0.020435
5.070381	0.015920
5.090909	0.011406
5.111437	0.006891
5.131965	0.002376
5.152493	0.002150
5.173021	0.001925
5.193548	0.001699
5.214076	0.001473
5.234604	0.001248
5.255132	0.001022
5.275660	0.000796
5.296188	0.000570
5.316716	0.000345
5.337243	0.000119
5.357771	0.000108
5.378299	0.000096
5.398827	0.000085
5.419355	0.000074
5.439883	0.000062
5.460411	0.000051
5.480938	0.000040
5.501466	0.000029
5.521994	0.000017
5.542522	0.000006
5.563050	0.046696
5.583578	0.093387
5.604106	0.140077
5.624633	0.186768
5.645161	0.233458
5.665689	0.280149
5.686217	0.326839
5.706745	0.373530
5.727273	0.420220
5.747801	0.466911
5.768328	0.609318
5.788856	0.751726
5.809384	0.894134
5.829912	1.036542
5.850440	1.178949
5.870968	1.321357
5.891496	1.463765
5.912023	1.606172
5.932551	1.748580
5.953079	1.890988
5.973607	1.844747
5.994135	1.798506
6.014663	1.752265
6.035191	1.706024
6.055718	1.659783
6.076246	1.613543
6.096774	1.567302
6.117302	1.521061
6.137830	1.474820
6.158358	1.428579
6.178886	1.452948
6.199413	1.477317
6.219941	1.501685
6.240469	1.526054
6.260997	1.550422
6.281525	1.574791
6.302053	1.599159
6.322581	1.623528
6.343109	1.647896
6.363636	1.672265
6.384164	1.560091
6.404692	1.447917
6.425220	1.335743
6.445748	1.223569
6.466276	1.111394
6.486804	0.999220
6.507331	0.887046
6.527859	0.774872
6.548387	0.662698
6.568915	0.550524
6.589443	0.571596
6.609971	0.592668
6.630499	0.613739
6.651026	0.634811
6.671554	0.655883
6.692082	0.676955
6.712610	0.698027
6.733138	0.719099
6.753666	0.740171
6.774194	0.761243
6.794721	0.708935
6.815249	0.656627
6.835777	0.604320
6.856305	0.552012
6.876833	0.499705
6.897361	0.447397
6.917889	0.395089
6.938416	0.342782
6.958944	0.290474
6.979472	0.238167
