0.000000	0.000000
0.020528	0.000000
0.041056	0.000000
0.061584	0.000000
0.082111	0.000000
0.102639	0.000000
0.123167	0.000000
0.143695	0.000000
0.164223	0.000000
0.184751	0.000000
0.205279	0.000000
0.225806	0.000000
0.246334	0.000000
0.266862	0.000000
0.287390	0.000000
0.307918	0.000000
0.328446	0.000000
0.348974	0.000000
0.369501	0.000000
0.390029	0.000000
0.410557	0.000000
0.431085	0.000000
0.451613	0.000000
0.472141	0.000000
0.492669	0.000000
0.513196	0.000000
0.533724	0.000000
0.554252	0.000000
0.574780	0.000000
0.595308	0.000000
0.615836	0.000000
0.636364	0.000000
0.656891	0.000000
0.677419	0.000000
0.697947	0.000000
0.718475	0.000000
0.739003	0.000000
0.759531	0.000000
0.780059	0.000000
0.800587	0.000000
0.821114	0.000000
0.841642	0.000000
0.862170	0.000000
0.882698	0.000000
0.903226	0.000000
0.923754	0.000000
0.944282	0.000000
0.964809	0.000000
0.985337	0.000000
1.005865	0.000000
1.026393	0.000000
1.046921	0.000000
1.067449	0.000000
1.087977	0.000000
1.108504	0.000000
1.129032	0.000000
1.149560	0.000000
1.170088	0.000000
1.190616	0.000000
1.211144	0.000000
1.231672	0.000000
1.252199	0.000000
1.272727	0.000000
1.293255	0.000000
1.313783	0.000000
1.334311	0.000000
1.354839	0.000000
1.375367	0.000000
1.395894	0.000000
1.416422	0.000000
1.436950	0.000000
1.457478	0.000000
1.478006	0.000000
1.498534	0.000000
1.519062	0.000000
1.539589	0.000000
1.560117	0.000000
1.580645	0.000000
1.601173	0.000000
1.621701	0.000000
1.642229	0.000000
1.662757	0.000000
1.683284	0.000000
1.703812	0.000000
1.724340	0.000000
1.744868	0.000000
1.765396	0.000000
1.785924	0.000000
1.806452	0.000000
1.826979	0.000000
1.847507	0.000000
1.868035	0.000000
1.888563	0.000000
1.909091	0.000000
1.929619	0.000000
1.950147	0.000000
1.970674	0.000000
1.991202	0.000000
2.011730	0.000000
2.032258	0.000000
2.052786	0.000000
2.073314	0.000000
2.093842	0.000000
2.114370	0.000000
2.134897	0.000000
2.155425	0.000000
2.175953	0.000000
2.196481	0.000000
2.217009	0.000000
2.237537	0.000000
2.258065	0.000000
2.278592	0.000000
2.299120	0.000000
2.319648	0.000000
2.340176	0.000000
2.360704	0.000000
2.381232	0.000000
2.401760	0.000000
2.422287	0.000000
2.442815	0.000000
2.463343	0.000000
2.483871	0.000000
2.504399	0.000000
2.524927	0.000000
2.545455	0.000000
2.565982	0.000000
2.586510	0.000000
2.607038	0.000000
2.627566	0.000000
2.648094	0.000000
2.668622	0.000000
2.689150	1.252698
2.709677	2.505396
2.730205	3.758094
2.750733	5.010792
2.771261	6.263491
2.791789	7.516189
2.812317	8.768887
2.832845	10.021585
2.853372	11.274283
2.873900	12.526981
2.894428	15.528639
2.914956	18.530296
2.935484	21.531953
2.956012	24.533611
2.976540	27.535268
2.997067	30.536926
3.017595	33.538583
3.038123	36.540241
3.058651	39.541898
3.079179	42.543555
3.099707	45.927767
3.120235	49.311980
3.140762	52.696192
3.161290	56.080404
3.181818	59.464616
3.202346	62.848828
3.222874	66.233040
3.243402	69.617253
3.263930	73.001465
3.284457	76.385677
3.304985	78.747109
3.325513	81.108541
3.346041	83.469974
3.366569	85.831406
3.387097	88.192838
3.407625	90.554271
3.428152	92.915703
3.448680	95.277135
3.469208	97.638568
3.489736	100.000000
3.510264	95.119324
3.530792	90.238649
3.551320	85.357973
3.571848	80.477297
3.592375	75.596622
3.612903	70.715946
3.633431	65.835270
3.653959	60.954595
3.674487	56.073919
3.695015	51.193243
3.715543	48.058368
3.736070	44.923492
3.756598	41.788616
3.777126	38.653741
3.797654	35.518865
3.818182	32.383990
3.838710	29.249114
3.859238	26.114238
3.879765	22.979363
3.900293	19.844487
3.920821	19.374569
3.941349	18.904651
3.961877	18.434732
3.982405	17.964814
4.002933	17.494896
4.023460	17.024977
4.043988	16.555059
4.064516	16.085141
4.085044	15.615222
4.105572	15.145304
4.126100	14.091946
4.146628	13.038587
4.167155	11.985229
4.187683	10.931871
4.208211	9.878513
4.228739	8.825154
4.249267	7.771796
4.269795	6.718438
4.290323	5.665079
4.310850	4.611721
4.331378	4.432579
4.351906	4.253436
4.372434	4.074294
4.392962	3.895152
4.413490	3.716010
4.434018	3.536867
4.454545	3.357725
4.475073	3.178583
4.495601	2.999441
4.516129	2.820299
4.536657	2.624641
4.557185	2.428984
4.577713	2.233327
4.598240	2.037669
4.618768	1.842012
4.639296	1.646355
4.659824	1.450697
4.680352	1.255040
4.700880	1.059383
4.721408	0.863725
4.741935	0.781671
4.762463	0.699618
4.782991	0.617564
4.803519	0.535510
4.824047	0.453456
4.844575	0.371402
4.865103	0.289348
4.885630	0.207294
4.906158	0.125240
4.926686	0.043186
4.947214	0.063174
4.967742	0.083162
4.988270	0.103149
5.008798	0.123137
5.029326	0.143125
5.049853	0.163112
5.070381	0.183100
5.090909	0.203087
5.111437	0.223075
5.131965	0.243063
5.152493	0.219972
5.173021	0.196881
5.193548	0.173790
5.214076	0.150699
5.234604	0.127608
5.255132	0.104517
5.275660	0.081426
5.296188	0.058335
5.316716	0.035244
5.337243	0.012153
5.357771	0.010999
5.378299	0.009844
5.398827	0.008689
5.419355	0.007535
5.439883	0.006380
5.460411	0.005226
5.480938	0.004071
5.501466	0.002917
5.521994	0.001762
5.542522	0.000608
5.563050	0.000550
5.583578	0.000492
5.604106	0.000434
5.624633	0.000377
5.645161	0.000319
5.665689	0.000261
5.686217	0.000204
5.706745	0.000146
5.727273	0.000088
5.747801	0.000030
5.768328	0.102411
5.788856	0.204793
5.809384	0.307174
5.829912	0.409555
5.850440	0.511936
5.870968	0.614317
5.891496	0.716698
5.912023	0.819079
5.932551	0.921460
5.953079	1.023841
5.973607	1.101231
5.994135	1.178622
6.014663	1.256012
6.035191	1.333402
6.055718	1.410792
6.076246	1.488182
6.096774	1.565572
6.117302	1.642962
6.137830	1.720352
6.158358	1.797742
6.178886	1.717296
6.199413	1.636849
6.219941	1.556402
6.240469	1.475955
6.260997	1.395509
6.281525	1.315062
6.302053	1.234615
6.322581	1.154169
6.343109	1.073722
6.363636	0.993275
6.384164	0.995275
6.404692	0.997276
6.425220	0.999276
6.445748	1.001276
6.466276	1.003276
6.486804	1.005277
6.507331	1.007277
6.527859	1.009277
6.548387	1.011277
6.568915	1.013278
6.589443	0.959174
6.609971	0.905071
6.630499	0.850968
6.651026	0.796865
6.671554	0.742761
6.692082	0.688658
6.712610	0.634555
6.733138	0.580452
6.753666	0.526348
6.774194	0.472245
6.794721	0.469540
6.815249	0.466835
6.835777	0.464129
6.856305	0.461424
6.876833	0.458719
6.897361	0.456014
6.917889	0.453309
6.938416	0.450604
6.958944	0.447899
6.979472	0.445193
