0.000000	0.000000
0.020528	0.000000
0.041056	0.000000
0.061584	0.000000
0.082111	0.000000
0.102639	0.000000
0.123167	0.000000
0.143695	0.000000
0.164223	0.000000
0.184751	0.000000
0.205279	0.000000
0.225806	0.000000
0.246334	0.000000
0.266862	0.000000
0.287390	0.000000
0.307918	0.000000
0.328446	0.000000
0.348974	0.000000
0.369501	0.000000
0.390029	0.000000
0.410557	0.000000
0.431085	0.000000
0.451613	0.000000
0.472141	0.000000
0.492669	0.000000
0.513196	0.000000
0.533724	0.000000
0.554252	0.000000
0.574780	0.000000
0.595308	0.000000
0.615836	0.000000
0.636364	0.000000
0.656891	0.000000
0.677419	0.000000
0.697947	0.000000
0.718475	0.000000
0.739003	0.000000
0.759531	0.000000
0.780059	0.000000
0.800587	0.000000
0.821114	0.000000
0.841642	0.000000
0.862170	0.000000
0.882698	0.000000
0.903226	0.000000
0.923754	0.000000
0.944282	0.000000
0.964809	0.000000
0.985337	0.000000
1.005865	0.000000
1.026393	0.000000
1.046921	0.000000
1.067449	0.000000
1.087977	0.000000
1.108504	0.000000
1.129032	0.000000
1.149560	0.000000
1.170088	0.000000
1.190616	0.000000
1.211144	0.000000
1.231672	0.000000
1.252199	0.000000
1.272727	0.000000
1.293255	0.000000
1.313783	0.000000
1.334311	0.000000
1.354839	0.000000
1.375367	0.000000
1.395894	0.000000
1.416422	0.000000
1.436950	0.000000
1.457478	0.000000
1.478006	0.000000
1.498534	0.000000
1.519062	0.000000
1.539589	0.000000
1.560117	0.000000
1.580645	0.000000
1.601173	0.000000
1.621701	0.000000
1.642229	0.000000
1.662757	0.000000
1.683284	0.000000
1.703812	0.000000
1.724340	0.000000
1.744868	0.000000
1.765396	0.000000
1.785924	0.000000
1.806452	0.000000
1.826979	0.000000
1.847507	0.000000
1.868035	0.000000
1.888563	0.000000
1.909091	0.000000
1.929619	0.000000
1.950147	0.000000
1.970674	0.000000
1.991202	0.000000
2.011730	0.000000
2.032258	0.000000
2.052786	0.000000
2.073314	0.000000
2.093842	0.000000
2.114370	0.000000
2.134897	0.000000
2.155425	0.000000
2.175953	0.000000
2.196481	0.000000
2.217009	0.000000
2.237537	0.000000
2.258065	0.000000
2.278592	0.042391
2.299120	0.084781
2.319648	0.127172
2.340176	0.169562
2.360704	0.211953
2.381232	0.254343
2.401760	0.296734
2.422287	0.339124
2.442815	0.381515
2.463343	0.423905
2.483871	4.755159
2.504399	9.086412
2.524927	13.417666
2.545455	17.748919
2.565982	22.080173
2.586510	26.411426
2.607038	30.742680
2.627566	35.073933
2.648094	39.405187
2.668622	43.736440
2.689150	47.969506
2.709677	52.202573
2.730205	56.435639
2.750733	60.668705
2.771261	64.901772
2.791789	69.134838
2.812317	73.367905
2.832845	77.600971
2.853372	81.834037
2.873900	86.067104
2.894428	87.460393
2.914956	88.853683
2.935484	90.246973
2.956012	91.640262
2.976540	93.033552
2.997067	94.426841
3.017595	95.820131
3.038123	97.213421
3.058651	98.606710
3.079179	100.000000
3.099707	94.500607
3.120235	89.001214
3.140762	83.501822
3.161290	78.002429
3.181818	72.503036
3.202346	67.003643
3.222874	61.504251
3.243402	56.004858
3.263930	50.505465
3.284457	45.006072
3.304985	42.669863
3.325513	40.333653
3.346041	37.997443
3.366569	35.661234
3.387097	33.325024
3.407625	30.988814
3.428152	28.652605
3.448680	26.316395
3.469208	23.980185
3.489736	21.643976
3.510264	20.679355
3.530792	19.714733
3.551320	18.750112
3.571848	17.785491
3.592375	16.820869
3.612903	15.856248
3.633431	14.891627
3.653959	13.927006
3.674487	12.962384
3.695015	11.997763
3.715543	11.371961
3.736070	10.746159
3.756598	10.120356
3.777126	9.494554
3.797654	8.868752
3.818182	8.242950
3.838710	7.617148
3.859238	6.991346
3.879765	6.365543
3.900293	5.739741
3.920821	5.252753
3.941349	4.765764
3.961877	4.278776
3.982405	3.791787
4.002933	3.304799
4.023460	2.817811
4.043988	2.330822
4.064516	1.843834
4.085044	1.356845
4.105572	0.869857
4.126100	0.808416
4.146628	0.746975
4.167155	0.685534
4.187683	0.624092
4.208211	0.562651
4.228739	0.501210
4.249267	0.439769
4.269795	0.378328
4.290323	0.316887
4.310850	0.255446
4.331378	0.231178
4.351906	0.206911
4.372434	0.182644
4.392962	0.158376
4.413490	0.134109
4.434018	0.109842
4.454545	0.085574
4.475073	0.061307
4.495601	0.037040
4.516129	0.012772
4.536657	0.011559
4.557185	0.010346
4.577713	0.009132
4.598240	0.007919
4.618768	0.006705
4.639296	0.005492
4.659824	0.004279
4.680352	0.003065
4.700880	0.001852
4.721408	0.000639
4.741935	0.000578
4.762463	0.000517
4.782991	0.000457
4.803519	0.000396
4.824047	0.000335
4.844575	0.000275
4.865103	0.000214
4.885630	0.000153
4.906158	0.000093
4.926686	0.000032
4.947214	0.005328
4.967742	0.010623
4.988270	0.015919
5.008798	0.021215
5.029326	0.026511
5.049853	0.031807
5.070381	0.037102
5.090909	0.042398
5.111437	0.047694
5.131965	0.052990
5.152493	0.116840
5.173021	0.180691
5.193548	0.244542
5.214076	0.308392
5.234604	0.372243
5.255132	0.436093
5.275660	0.499944
5.296188	0.563795
5.316716	0.627645
5.337243	0.691496
5.357771	0.790067
5.378299	0.888638
5.398827	0.987210
5.419355	1.085781
5.439883	1.184352
5.460411	1.282923
5.480938	1.381494
5.501466	1.480066
5.521994	1.578637
5.542522	1.677208
5.563050	1.597356
5.583578	1.517503
5.604106	1.437651
5.624633	1.357798
5.645161	1.277946
5.665689	1.198093
5.686217	1.118241
5.706745	1.038388
5.727273	0.958536
5.747801	0.878683
5.768328	0.911782
5.788856	0.944881
5.809384	0.977980
5.829912	1.011079
5.850440	1.044179
5.870968	1.077278
5.891496	1.110377
5.912023	1.143476
5.932551	1.176575
5.953079	1.209674
5.973607	1.115950
5.994135	1.022226
6.014663	0.928503
6.035191	0.834779
6.055718	0.741055
6.076246	0.647331
6.096774	0.553608
6.117302	0.459884
6.137830	0.366160
6.158358	0.272436
6.178886	0.251854
6.199413	0.231271
6.219941	0.210688
6.240469	0.190106
6.260997	0.169523
6.281525	0.148941
6.302053	0.128358
6.322581	0.107775
6.343109	0.087193
6.363636	0.066610
6.384164	0.065581
6.404692	0.064552
6.425220	0.063523
6.445748	0.062493
6.466276	0.061464
6.486804	0.060435
6.507331	0.059406
6.527859	0.058377
6.548387	0.057348
6.568915	0.056319
6.589443	0.056267
6.609971	0.056216
6.630499	0.056164
6.651026	0.056113
6.671554	0.056061
6.692082	0.056010
6.712610	0.055958
6.733138	0.055907
6.753666	0.055856
6.774194	0.055804
6.794721	0.050503
6.815249	0.045201
6.835777	0.039900
6.856305	0.034599
6.876833	0.029297
6.897361	0.023996
6.917889	0.018694
6.938416	0.013393
6.958944	0.008092
6.979472	0.002790
