0.000000	0.000000
0.020528	0.000000
0.041056	0.000000
0.061584	0.000000
0.082111	0.000000
0.102639	0.000000
0.123167	0.000000
0.143695	0.000000
0.164223	0.000000
0.184751	0.000000
0.205279	0.000000
0.225806	0.000000
0.246334	0.000000
0.266862	0.000000
0.287390	0.000000
0.307918	0.000000
0.328446	0.000000
0.348974	0.000000
0.369501	0.000000
0.390029	0.000000
0.410557	0.000000
0.431085	0.000000
0.451613	0.000000
0.472141	0.000000
0.492669	0.000000
0.513196	0.000000
0.533724	0.000000
0.554252	0.000000
0.574780	0.000000
0.595308	0.000000
0.615836	0.000000
0.636364	0.000000
0.656891	0.000000
0.677419	0.000000
0.697947	0.000000
0.718475	0.000000
0.739003	0.000000
0.759531	0.000000
0.780059	0.000000
0.800587	0.000000
0.821114	0.000000
0.841642	0.000000
0.862170	0.000000
0.882698	0.000000
0.903226	0.000000
0.923754	0.000000
0.944282	0.000000
0.964809	0.000000
0.985337	0.000000
1.005865	0.000000
1.026393	0.000000
1.046921	0.000000
1.067449	0.000000
1.087977	0.000000
1.108504	0.000000
1.129032	0.000000
1.149560	0.000000
1.170088	0.000000
1.190616	0.000000
1.211144	0.000000
1.231672	0.000000
1.252199	0.000000
1.272727	0.000000
1.293255	0.000000
1.313783	0.000000
1.334311	0.000000
1.354839	0.000000
1.375367	0.000000
1.395894	0.000000
1.416422	0.000000
1.436950	0.000000
1.457478	0.000000
1.478006	0.000000
1.498534	0.000000
1.519062	0.000000
1.539589	0.000000
1.560117	0.000000
1.580645	0.000000
1.601173	0.000000
1.621701	0.000000
1.642229	0.000000
1.662757	0.000000
1.683284	0.000000
1.703812	0.000000
1.724340	0.000000
1.744868	0.000000
1.765396	0.000000
1.785924	0.000000
1.806452	0.000000
1.826979	0.000000
1.847507	0.000000
1.868035	0.000000
1.888563	0.000000
1.909091	0.000000
1.929619	0.000000
1.950147	0.000000
1.970674	0.000000
1.991202	0.000000
2.011730	0.000000
2.032258	0.000000
2.052786	0.000000
2.073314	0.000000
2.093842	0.000000
2.114370	0.000000
2.134897	0.000000
2.155425	0.000000
2.175953	0.000000
2.196481	0.000000
2.217009	0.000000
2.237537	0.000000
2.258065	0.000000
2.278592	0.137410
2.299120	0.274821
2.319648	0.412231
2.340176	0.549642
2.360704	0.687052
2.381232	0.824462
2.401760	0.961873
2.422287	1.099283
2.442815	1.236694
2.463343	1.374104
2.483871	1.930616
2.504399	2.487128
2.524927	3.043640
2.545455	3.600153
2.565982	4.156665
2.586510	4.713177
2.607038	5.269689
2.627566	5.826201
2.648094	6.382713
2.668622	6.939225
2.689150	8.976678
2.709677	11.014131
2.730205	13.051584
2.750733	15.089036
2.771261	17.126489
2.791789	19.163942
2.812317	21.201395
2.832845	23.238847
2.853372	25.276300
2.873900	27.313753
2.894428	32.723102
2.914956	38.132452
2.935484	43.541801
2.956012	48.951151
2.976540	54.360500
2.997067	59.769850
3.017595	65.179199
3.038123	70.588549
3.058651	75.997898
3.079179	81.407247
3.099707	83.266523
3.120235	85.125798
3.140762	86.985073
3.161290	88.844348
3.181818	90.703624
3.202346	92.562899
3.222874	94.422174
3.243402	96.281449
3.263930	98.140725
3.284457	100.000000
3.304985	99.766614
3.325513	99.533228
3.346041	99.299842
3.366569	99.066456
3.387097	98.833070
3.407625	98.599684
3.428152	98.366298
3.448680	98.132912
3.469208	97.899527
3.489736	97.666141
3.510264	92.939577
3.530792	88.213013
3.551320	83.486449
3.571848	78.759886
3.592375	74.033322
3.612903	69.306758
3.633431	64.580194
3.653959	59.853631
3.674487	55.127067
3.695015	50.400503
3.715543	48.094431
3.736070	45.788358
3.756598	43.482286
3.777126	41.176214
3.797654	38.870141
3.818182	36.564069
3.838710	34.257996
3.859238	31.951924
3.879765	29.645852
3.900293	27.339779
3.920821	25.884724
3.941349	24.429669
3.961877	22.974614
3.982405	21.519559
4.002933	20.064504
4.023460	18.609449
4.043988	17.154394
4.064516	15.699339
4.085044	14.244284
4.105572	12.789229
4.126100	12.192599
4.146628	11.595969
4.167155	10.999339
4.187683	10.402709
4.208211	9.806079
4.228739	9.209449
4.249267	8.612819
4.269795	8.016189
4.290323	7.419559
4.310850	6.822930
4.331378	6.475337
4.351906	6.127743
4.372434	5.780150
4.392962	5.432557
4.413490	5.084964
4.434018	4.737371
4.454545	4.389778
4.475073	4.042185
4.495601	3.694592
4.516129	3.346999
4.536657	3.132092
4.557185	2.917185
4.577713	2.702278
4.598240	2.487371
4.618768	2.272464
4.639296	2.057556
4.659824	1.842649
4.680352	1.627742
4.700880	1.412835
4.721408	1.197928
4.741935	1.187183
4.762463	1.176437
4.782991	1.165692
4.803519	1.154947
4.824047	1.144201
4.844575	1.133456
4.865103	1.122710
4.885630	1.111965
4.906158	1.101220
4.926686	1.090474
4.947214	1.055585
4.967742	1.020695
4.988270	0.985805
5.008798	0.950915
5.029326	0.916025
5.049853	0.881135
5.070381	0.846245
5.090909	0.811355
5.111437	0.776466
5.131965	0.741576
5.152493	0.774184
5.173021	0.806792
5.193548	0.839400
5.214076	0.872008
5.234604	0.904616
5.255132	0.937224
5.275660	0.969832
5.296188	1.002441
5.316716	1.035049
5.337243	1.067657
5.357771	0.983406
5.378299	0.899155
5.398827	0.814904
5.419355	0.730652
5.439883	0.646401
5.460411	0.562150
5.480938	0.477899
5.501466	0.393648
5.521994	0.309397
5.542522	0.225146
5.563050	0.306815
5.583578	0.388484
5.604106	0.470153
5.624633	0.551822
5.645161	0.633491
5.665689	0.715160
5.686217	0.796828
5.706745	0.878497
5.727273	0.960166
5.747801	1.041835
5.768328	1.097448
5.788856	1.153060
5.809384	1.208672
5.829912	1.264285
5.850440	1.319897
5.870968	1.375509
5.891496	1.431122
5.912023	1.486734
5.932551	1.542346
5.953079	1.597959
5.973607	1.540622
5.994135	1.483286
6.014663	1.425949
6.035191	1.368613
6.055718	1.311277
6.076246	1.253940
6.096774	1.196604
6.117302	1.139267
6.137830	1.081931
6.158358	1.024594
6.178886	1.141962
6.199413	1.259329
6.219941	1.376696
6.240469	1.494064
6.260997	1.611431
6.281525	1.728798
6.302053	1.846165
6.322581	1.963533
6.343109	2.080900
6.363636	2.198267
6.384164	2.049549
6.404692	1.900831
6.425220	1.752112
6.445748	1.603394
6.466276	1.454676
6.486804	1.305957
6.507331	1.157239
6.527859	1.008521
6.548387	0.859802
6.568915	0.711084
6.589443	0.695060
6.609971	0.679036
6.630499	0.663012
6.651026	0.646988
6.671554	0.630964
6.692082	0.614939
6.712610	0.598915
6.733138	0.582891
6.753666	0.566867
6.774194	0.550843
6.794721	0.498513
6.815249	0.446183
6.835777	0.393853
6.856305	0.341523
6.876833	0.289193
6.897361	0.236863
6.917889	0.184532
6.938416	0.132202
6.958944	0.079872
6.979472	0.027542
