0.000000	0.000000
0.020528	0.000000
0.041056	0.000000
0.061584	0.000000
0.082111	0.000000
0.102639	0.000000
0.123167	0.000000
0.143695	0.000000
0.164223	0.000000
0.184751	0.000000
0.205279	0.000000
0.225806	0.000000
0.246334	0.000000
0.266862	0.000000
0.287390	0.000000
0.307918	0.000000
0.328446	0.000000
0.348974	0.000000
0.369501	0.000000
0.390029	0.000000
0.410557	0.000000
0.431085	0.000000
0.451613	0.000000
0.472141	0.000000
0.492669	0.000000
0.513196	0.000000
0.533724	0.000000
0.554252	0.000000
0.574780	0.000000
0.595308	0.000000
0.615836	0.000000
0.636364	0.000000
0.656891	0.000000
0.677419	0.000000
0.697947	0.000000
0.718475	0.000000
0.739003	0.000000
0.759531	0.000000
0.780059	0.000000
0.800587	0.000000
0.821114	0.000000
0.841642	0.000000
0.862170	0.000000
0.882698	0.000000
0.903226	0.000000
0.923754	0.000000
0.944282	0.000000
0.964809	0.000000
0.985337	0.000000
1.005865	0.000000
1.026393	0.000000
1.046921	0.000000
1.067449	0.000000
1.087977	0.000000
1.108504	0.000000
1.129032	0.000000
1.149560	0.000000
1.170088	0.000000
1.190616	0.000000
1.211144	0.000000
1.231672	0.000000
1.252199	0.166131
1.272727	0.332261
1.293255	0.498392
1.313783	0.664522
1.334311	0.830653
1.354839	0.996783
1.375367	1.162914
1.395894	1.329044
1.416422	1.495175
1.436950	1.661305
1.457478	1.582771
1.478006	1.504236
1.498534	1.425702
1.519062	1.347167
1.539589	1.268633
1.560117	1.190099
1.580645	1.111564
1.601173	1.033030
1.621701	0.954495
1.642229	0.875961
1.662757	0.792745
1.683284	0.709528
1.703812	0.626312
1.724340	0.543096
1.744868	0.459879
1.765396	0.376663
1.785924	0.293447
1.806452	0.210231
1.826979	0.127014
1.847507	0.043798
1.868035	0.039637
1.888563	0.035476
1.909091	0.031316
1.929619	0.027155
1.950147	0.022994
1.970674	0.018833
1.991202	0.014672
2.011730	0.010512
2.032258	0.006351
2.052786	0.002190
2.073314	0.001982
2.093842	0.001774
2.114370	0.001566
2.134897	0.001358
2.155425	0.001150
2.175953	0.000942
2.196481	0.000734
2.217009	0.000526
2.237537	0.000318
2.258065	0.000109
2.278592	0.000099
2.299120	0.000089
2.319648	0.000078
2.340176	0.000068
2.360704	0.000057
2.381232	0.000047
2.401760	0.000037
2.422287	0.000026
2.442815	0.000016
2.463343	0.000005
2.483871	2.069085
2.504399	4.138165
2.524927	6.207244
2.545455	8.276324
2.565982	10.345403
2.586510	12.414483
2.607038	14.483562
2.627566	16.552642
2.648094	18.621722
2.668622	20.690801
2.689150	27.571625
2.709677	34.452449
2.730205	41.333273
2.750733	48.214097
2.771261	55.094921
2.791789	61.975745
2.812317	68.856569
2.832845	75.737393
2.853372	82.618217
2.873900	89.499041
2.894428	90.549137
2.914956	91.599233
2.935484	92.649329
2.956012	93.699425
2.976540	94.749520
2.997067	95.799616
3.017595	96.849712
3.038123	97.899808
3.058651	98.949904
3.079179	100.000000
3.099707	93.611172
3.120235	87.222343
3.140762	80.833515
3.161290	74.444686
3.181818	68.055858
3.202346	61.667029
3.222874	55.278201
3.243402	48.889372
3.263930	42.500544
3.284457	36.111715
3.304985	34.489660
3.325513	32.867604
3.346041	31.245548
3.366569	29.623492
3.387097	28.001437
3.407625	26.379381
3.428152	24.757325
3.448680	23.135270
3.469208	21.513214
3.489736	19.891158
3.510264	19.122879
3.530792	18.354600
3.551320	17.586321
3.571848	16.818042
3.592375	16.049763
3.612903	15.281484
3.633431	14.513205
3.653959	13.744926
3.674487	12.976647
3.695015	12.208368
3.715543	11.358180
3.736070	10.507992
3.756598	9.657804
3.777126	8.807616
3.797654	7.957428
3.818182	7.107239
3.838710	6.257051
3.859238	5.406863
3.879765	4.556675
3.900293	3.706487
3.920821	3.528053
3.941349	3.349618
3.961877	3.171184
3.982405	2.992750
4.002933	2.814315
4.023460	2.635881
4.043988	2.457447
4.064516	2.279012
4.085044	2.100578
4.105572	1.922143
4.126100	1.815054
4.146628	1.707964
4.167155	1.600874
4.187683	1.493784
4.208211	1.386695
4.228739	1.279605
4.249267	1.172515
4.269795	1.065425
4.290323	0.958336
4.310850	0.851246
4.331378	0.800583
4.351906	0.749920
4.372434	0.699257
4.392962	0.648595
4.413490	0.597932
4.434018	0.547269
4.454545	0.496606
4.475073	0.445943
4.495601	0.395281
4.516129	0.344618
4.536657	0.342085
4.557185	0.339552
4.577713	0.337018
4.598240	0.334485
4.618768	0.331952
4.639296	0.329419
4.659824	0.326886
4.680352	0.324353
4.700880	0.321820
4.721408	0.319286
4.741935	0.288954
4.762463	0.258622
4.782991	0.228290
4.803519	0.197958
4.824047	0.167625
4.844575	0.137293
4.865103	0.106961
4.885630	0.076629
4.906158	0.046297
4.926686	0.015964
4.947214	0.014448
4.967742	0.012931
4.988270	0.011414
5.008798	0.009898
5.029326	0.008381
5.049853	0.006865
5.070381	0.005348
5.090909	0.003831
5.111437	0.002315
5.131965	0.000798
5.152493	0.023377
5.173021	0.045955
5.193548	0.068533
5.214076	0.091112
5.234604	0.113690
5.255132	0.136268
5.275660	0.158847
5.296188	0.181425
5.316716	0.204003
5.337243	0.226582
5.357771	0.250365
5.378299	0.274148
5.398827	0.297931
5.419355	0.321714
5.439883	0.345497
5.460411	0.369280
5.480938	0.393063
5.501466	0.416846
5.521994	0.440629
5.542522	0.464412
5.563050	0.526013
5.583578	0.587613
5.604106	0.649213
5.624633	0.710813
5.645161	0.772414
5.665689	0.834014
5.686217	0.895614
5.706745	0.957214
5.727273	1.018815
5.747801	1.080415
5.768328	1.057065
5.788856	1.033715
5.809384	1.010365
5.829912	0.987015
5.850440	0.963666
5.870968	0.940316
5.891496	0.916966
5.912023	0.893616
5.932551	0.870266
5.953079	0.846916
5.973607	0.834422
5.994135	0.821927
6.014663	0.809433
6.035191	0.796938
6.055718	0.784444
6.076246	0.771949
6.096774	0.759454
6.117302	0.746960
6.137830	0.734465
6.158358	0.721971
6.178886	0.676038
6.199413	0.630105
6.219941	0.584172
6.240469	0.538238
6.260997	0.492305
6.281525	0.446372
6.302053	0.400439
6.322581	0.354506
6.343109	0.308573
6.363636	0.262640
6.384164	0.241465
6.404692	0.220290
6.425220	0.199115
6.445748	0.177940
6.466276	0.156765
6.486804	0.135589
6.507331	0.114414
6.527859	0.093239
6.548387	0.072064
6.568915	0.050889
6.589443	0.046054
6.609971	0.041220
6.630499	0.036386
6.651026	0.031551
6.671554	0.026717
6.692082	0.021882
6.712610	0.017048
6.733138	0.012213
6.753666	0.007379
6.774194	0.002544
6.794721	0.006078
6.815249	0.009612
6.835777	0.013146
6.856305	0.016680
6.876833	0.020214
6.897361	0.023748
6.917889	0.027282
6.938416	0.030816
6.958944	0.034350
6.979472	0.037884
