0.000000	0.000000
0.020528	0.000000
0.041056	0.000000
0.061584	0.000000
0.082111	0.000000
0.102639	0.000000
0.123167	0.000000
0.143695	0.000000
0.164223	0.000000
0.184751	0.000000
0.205279	0.000000
0.225806	0.000000
0.246334	0.000000
0.266862	0.000000
0.287390	0.000000
0.307918	0.000000
0.328446	0.000000
0.348974	0.000000
0.369501	0.000000
0.390029	0.000000
0.410557	0.000000
0.431085	0.000000
0.451613	0.000000
0.472141	0.000000
0.492669	0.000000
0.513196	0.000000
0.533724	0.000000
0.554252	0.000000
0.574780	0.000000
0.595308	0.000000
0.615836	0.000000
0.636364	0.000000
0.656891	0.000000
0.677419	0.000000
0.697947	0.000000
0.718475	0.000000
0.739003	0.000000
0.759531	0.000000
0.780059	0.000000
0.800587	0.000000
0.821114	0.000000
0.841642	0.000000
0.862170	0.000000
0.882698	0.000000
0.903226	0.000000
0.923754	0.000000
0.944282	0.000000
0.964809	0.000000
0.985337	0.000000
1.005865	0.000000
1.026393	0.000000
1.046921	0.000000
1.067449	0.000000
1.087977	0.000000
1.108504	0.000000
1.129032	0.000000
1.149560	0.000000
1.170088	0.000000
1.190616	0.000000
1.211144	0.000000
1.231672	0.000000
1.252199	0.000000
1.272727	0.000000
1.293255	0.000000
1.313783	0.000000
1.334311	0.000000
1.354839	0.000000
1.375367	0.000000
1.395894	0.000000
1.416422	0.000000
1.436950	0.000000
1.457478	0.000000
1.478006	0.000000
1.498534	0.000000
1.519062	0.000000
1.539589	0.000000
1.560117	0.000000
1.580645	0.000000
1.601173	0.000000
1.621701	0.000000
1.642229	0.000000
1.662757	0.000000
1.683284	0.000000
1.703812	0.000000
1.724340	0.000000
1.744868	0.000000
1.765396	0.000000
1.785924	0.000000
1.806452	0.000000
1.826979	0.000000
1.847507	0.000000
1.868035	0.000000
1.888563	0.000000
1.909091	0.000000
1.929619	0.000000
1.950147	0.000000
1.970674	0.000000
1.991202	0.000000
2.011730	0.000000
2.032258	0.000000
2.052786	0.000000
2.073314	0.000000
2.093842	0.000000
2.114370	0.000000
2.134897	0.000000
2.155425	0.000000
2.175953	0.000000
2.196481	0.000000
2.217009	0.000000
2.237537	0.000000
2.258065	0.000000
2.278592	0.000000
2.299120	0.000000
2.319648	0.000000
2.340176	0.000000
2.360704	0.000000
2.381232	0.000000
2.401760	0.000000
2.422287	0.000000
2.442815	0.000000
2.463343	0.000000
2.483871	0.000000
2.504399	0.000000
2.524927	0.000000
2.545455	0.000000
2.565982	0.000000
2.586510	0.000000
2.607038	0.000000
2.627566	0.000000
2.648094	0.000000
2.668622	0.000000
2.689150	0.000000
2.709677	0.000000
2.730205	0.000000
2.750733	0.000000
2.771261	0.000000
2.791789	0.000000
2.812317	0.000000
2.832845	0.000000
2.853372	0.000000
2.873900	0.000000
2.894428	0.640200
2.914956	1.280399
2.935484	1.920599
2.956012	2.560799
2.976540	3.200999
2.997067	3.841198
3.017595	4.481398
3.038123	5.121598
3.058651	5.761798
3.079179	6.401997
3.099707	9.414937
3.120235	12.427877
3.140762	15.440818
3.161290	18.453758
3.181818	21.466698
3.202346	24.479638
3.222874	27.492578
3.243402	30.505518
3.263930	33.518458
3.284457	36.531398
3.304985	36.516993
3.325513	36.502589
3.346041	36.488184
3.366569	36.473780
3.387097	36.459375
3.407625	36.444971
3.428152	36.430566
3.448680	36.416162
3.469208	36.401757
3.489736	36.387353
3.510264	42.748618
3.530792	49.109882
3.551320	55.471147
3.571848	61.832412
3.592375	68.193676
3.612903	74.554941
3.633431	80.916206
3.653959	87.277471
3.674487	93.638735
3.695015	100.000000
3.715543	98.692556
3.736070	97.385112
3.756598	96.077668
3.777126	94.770224
3.797654	93.462780
3.818182	92.155336
3.838710	90.847893
3.859238	89.540449
3.879765	88.233005
3.900293	86.925561
3.920821	84.754532
3.941349	82.583502
3.961877	80.412473
3.982405	78.241444
4.002933	76.070415
4.023460	73.899386
4.043988	71.728357
4.064516	69.557327
4.085044	67.386298
4.105572	65.215269
4.126100	63.946356
4.146628	62.677442
4.167155	61.408529
4.187683	60.139615
4.208211	58.870702
4.228739	57.601788
4.249267	56.332875
4.269795	55.063961
4.290323	53.795048
4.310850	52.526134
4.331378	50.246997
4.351906	47.967860
4.372434	45.688723
4.392962	43.409586
4.413490	41.130449
4.434018	38.851312
4.454545	36.572175
4.475073	34.293038
4.495601	32.013902
4.516129	29.734765
4.536657	28.605491
4.557185	27.476217
4.577713	26.346944
4.598240	25.217670
4.618768	24.088396
4.639296	22.959123
4.659824	21.829849
4.680352	20.700576
4.700880	19.571302
4.721408	18.442028
4.741935	17.790379
4.762463	17.138730
4.782991	16.487080
4.803519	15.835431
4.824047	15.183781
4.844575	14.532132
4.865103	13.880483
4.885630	13.228833
4.906158	12.577184
4.926686	11.925534
4.947214	12.032996
4.967742	12.140457
4.988270	12.247918
5.008798	12.355379
5.029326	12.462841
5.049853	12.570302
5.070381	12.677763
5.090909	12.785224
5.111437	12.892686
5.131965	13.000147
5.152493	12.045220
5.173021	11.090294
5.193548	10.135367
5.214076	9.180441
5.234604	8.225514
5.255132	7.270587
5.275660	6.315661
5.296188	5.360734
5.316716	4.405808
5.337243	3.450881
5.357771	3.383129
5.378299	3.315376
5.398827	3.247624
5.419355	3.179871
5.439883	3.112118
5.460411	3.044366
5.480938	2.976613
5.501466	2.908861
5.521994	2.841108
5.542522	2.773356
5.563050	2.649930
5.583578	2.526505
5.604106	2.403080
5.624633	2.279655
5.645161	2.156230
5.665689	2.032805
5.686217	1.909380
5.706745	1.785955
5.727273	1.662530
5.747801	1.539105
5.768328	1.622962
5.788856	1.706818
5.809384	1.790675
5.829912	1.874532
5.850440	1.958389
5.870968	2.042246
5.891496	2.126103
5.912023	2.209959
5.932551	2.293816
5.953079	2.377673
5.973607	2.241822
5.994135	2.105971
6.014663	1.970121
6.035191	1.834270
6.055718	1.698419
6.076246	1.562568
6.096774	1.426717
6.117302	1.290866
6.137830	1.155015
6.158358	1.019165
6.178886	1.027377
6.199413	1.035589
6.219941	1.043801
6.240469	1.052013
6.260997	1.060225
6.281525	1.068437
6.302053	1.076650
6.322581	1.084862
6.343109	1.093074
6.363636	1.101286
6.384164	1.121703
6.404692	1.142120
6.425220	1.162536
6.445748	1.182953
6.466276	1.203370
6.486804	1.223787
6.507331	1.244204
6.527859	1.264621
6.548387	1.285038
6.568915	1.305454
6.589443	1.206444
6.609971	1.107434
6.630499	1.008423
6.651026	0.909413
6.671554	0.810403
6.692082	0.711392
6.712610	0.612382
6.733138	0.513371
6.753666	0.414361
6.774194	0.315351
6.794721	0.295396
6.815249	0.275440
6.835777	0.255485
6.856305	0.235530
6.876833	0.215575
6.897361	0.195620
6.917889	0.175664
6.938416	0.155709
6.958944	0.135754
6.979472	0.115799
