0.000000	0.000000
0.020528	0.000000
0.041056	0.000000
0.061584	0.000000
0.082111	0.000000
0.102639	0.000000
0.123167	0.000000
0.143695	0.000000
0.164223	0.000000
0.184751	0.000000
0.205279	0.000000
0.225806	0.000000
0.246334	0.000000
0.266862	0.000000
0.287390	0.000000
0.307918	0.000000
0.328446	0.000000
0.348974	0.000000
0.369501	0.000000
0.390029	0.000000
0.410557	0.000000
0.431085	0.000000
0.451613	0.000000
0.472141	0.000000
0.492669	0.000000
0.513196	0.000000
0.533724	0.000000
0.554252	0.000000
0.574780	0.000000
0.595308	0.000000
0.615836	0.000000
0.636364	0.000000
0.656891	0.000000
0.677419	0.000000
0.697947	0.000000
0.718475	0.000000
0.739003	0.000000
0.759531	0.000000
0.780059	0.000000
0.800587	0.000000
0.821114	0.000000
0.841642	0.000000
0.862170	0.000000
0.882698	0.000000
0.903226	0.000000
0.923754	0.000000
0.944282	0.000000
0.964809	0.000000
0.985337	0.000000
1.005865	0.000000
1.026393	0.000000
1.046921	0.000000
1.067449	0.000000
1.087977	0.000000
1.108504	0.000000
1.129032	0.000000
1.149560	0.000000
1.170088	0.000000
1.190616	0.000000
1.211144	0.000000
1.231672	0.000000
1.252199	0.000000
1.272727	0.000000
1.293255	0.000000
1.313783	0.000000
1.334311	0.000000
1.354839	0.000000
1.375367	0.000000
1.395894	0.000000
1.416422	0.000000
1.436950	0.000000
1.457478	0.000000
1.478006	0.000000
1.498534	0.000000
1.519062	0.000000
1.539589	0.000000
1.560117	0.000000
1.580645	0.000000
1.601173	0.000000
1.621701	0.000000
1.642229	0.000000
1.662757	0.000000
1.683284	0.000000
1.703812	0.000000
1.724340	0.000000
1.744868	0.000000
1.765396	0.000000
1.785924	0.000000
1.806452	0.000000
1.826979	0.000000
1.847507	0.000000
1.868035	0.000000
1.888563	0.000000
1.909091	0.000000
1.929619	0.000000
1.950147	0.000000
1.970674	0.000000
1.991202	0.000000
2.011730	0.000000
2.032258	0.000000
2.052786	0.000000
2.073314	0.000000
2.093842	0.000000
2.114370	0.000000
2.134897	0.000000
2.155425	0.000000
2.175953	0.000000
2.196481	0.000000
2.217009	0.000000
2.237537	0.000000
2.258065	0.000000
2.278592	0.000000
2.299120	0.000000
2.319648	0.000000
2.340176	0.000000
2.360704	0.000000
2.381232	0.000000
2.401760	0.000000
2.422287	0.000000
2.442815	0.000000
2.463343	0.000000
2.483871	0.067426
2.504399	0.134853
2.524927	0.202279
2.545455	0.269706
2.565982	0.337132
2.586510	0.404559
2.607038	0.471985
2.627566	0.539412
2.648094	0.606838
2.668622	0.674265
2.689150	4.106755
2.709677	7.539246
2.730205	10.971736
2.750733	14.404227
2.771261	17.836717
2.791789	21.269208
2.812317	24.701698
2.832845	28.134188
2.853372	31.566679
2.873900	34.999169
2.894428	41.499252
2.914956	47.999335
2.935484	54.499418
2.956012	60.999502
2.976540	67.499585
2.997067	73.999668
3.017595	80.499751
3.038123	86.999834
3.058651	93.499917
3.079179	100.000000
3.099707	97.582190
3.120235	95.164381
3.140762	92.746571
3.161290	90.328762
3.181818	87.910952
3.202346	85.493143
3.222874	83.075333
3.243402	80.657524
3.263930	78.239714
3.284457	75.821905
3.304985	71.058218
3.325513	66.294532
3.346041	61.530845
3.366569	56.767159
3.387097	52.003472
3.407625	47.239786
3.428152	42.476099
3.448680	37.712412
3.469208	32.948726
3.489736	28.185039
3.510264	26.610366
3.530792	25.035692
3.551320	23.461018
3.571848	21.886344
3.592375	20.311670
3.612903	18.736996
3.633431	17.162322
3.653959	15.587648
3.674487	14.012975
3.695015	12.438301
3.715543	12.041699
3.736070	11.645098
3.756598	11.248496
3.777126	10.851895
3.797654	10.455293
3.818182	10.058692
3.838710	9.662090
3.859238	9.265489
3.879765	8.868887
3.900293	8.472286
3.920821	7.941941
3.941349	7.411596
3.961877	6.881251
3.982405	6.350906
4.002933	5.820561
4.023460	5.290216
4.043988	4.759871
4.064516	4.229526
4.085044	3.699181
4.105572	3.168836
4.126100	3.171216
4.146628	3.173596
4.167155	3.175976
4.187683	3.178355
4.208211	3.180735
4.228739	3.183115
4.249267	3.185495
4.269795	3.187875
4.290323	3.190254
4.310850	3.192634
4.331378	3.053084
4.351906	2.913534
4.372434	2.773984
4.392962	2.634434
4.413490	2.494883
4.434018	2.355333
4.454545	2.215783
4.475073	2.076233
4.495601	1.936683
4.516129	1.797132
4.536657	1.713096
4.557185	1.629060
4.577713	1.545023
4.598240	1.460987
4.618768	1.376951
4.639296	1.292914
4.659824	1.208878
4.680352	1.124841
4.700880	1.040805
4.721408	0.956769
4.741935	0.885140
4.762463	0.813512
4.782991	0.741884
4.803519	0.670255
4.824047	0.598627
4.844575	0.526999
4.865103	0.455371
4.885630	0.383742
4.906158	0.312114
4.926686	0.240486
4.947214	0.236904
4.967742	0.233323
4.988270	0.229741
5.008798	0.226160
5.029326	0.222578
5.049853	0.218997
5.070381	0.215416
5.090909	0.211834
5.111437	0.208253
5.131965	0.204671
5.152493	0.199676
5.173021	0.194681
5.193548	0.189686
5.214076	0.184690
5.234604	0.179695
5.255132	0.174700
5.275660	0.169705
5.296188	0.164709
5.316716	0.159714
5.337243	0.154719
5.357771	0.188182
5.378299	0.221646
5.398827	0.255109
5.419355	0.288573
5.439883	0.322036
5.460411	0.355500
5.480938	0.388963
5.501466	0.422427
5.521994	0.455890
5.542522	0.489354
5.563050	0.476578
5.583578	0.463803
5.604106	0.451028
5.624633	0.438252
5.645161	0.425477
5.665689	0.412702
5.686217	0.399926
5.706745	0.387151
5.727273	0.374376
5.747801	0.361600
5.768328	0.430796
5.788856	0.499992
5.809384	0.569188
5.829912	0.638383
5.850440	0.707579
5.870968	0.776775
5.891496	0.845971
5.912023	0.915167
5.932551	0.984363
5.953079	1.053558
5.973607	1.001632
5.994135	0.949706
6.014663	0.897780
6.035191	0.845853
6.055718	0.793927
6.076246	0.742001
6.096774	0.690075
6.117302	0.638148
6.137830	0.586222
6.158358	0.534296
6.178886	0.500394
6.199413	0.466493
6.219941	0.432591
6.240469	0.398690
6.260997	0.364788
6.281525	0.330887
6.302053	0.296985
6.322581	0.263084
6.343109	0.229183
6.363636	0.195281
6.384164	0.203218
6.404692	0.211156
6.425220	0.219093
6.445748	0.227030
6.466276	0.234967
6.486804	0.242905
6.507331	0.250842
6.527859	0.258779
6.548387	0.266717
6.568915	0.274654
6.589443	0.250970
6.609971	0.227286
6.630499	0.203602
6.651026	0.179918
6.671554	0.156234
6.692082	0.132550
6.712610	0.108866
6.733138	0.085182
6.753666	0.061498
6.774194	0.037814
6.794721	0.034221
6.815249	0.030629
6.835777	0.027037
6.856305	0.023444
6.876833	0.019852
6.897361	0.016260
6.917889	0.012668
6.938416	0.009075
6.958944	0.005483
6.979472	0.001891
