0.000000	0.000000
0.020528	0.000000
0.041056	0.000000
0.061584	0.000000
0.082111	0.000000
0.102639	0.000000
0.123167	0.000000
0.143695	0.000000
0.164223	0.000000
0.184751	0.000000
0.205279	0.000000
0.225806	0.000000
0.246334	0.000000
0.266862	0.000000
0.287390	0.000000
0.307918	0.000000
0.328446	0.000000
0.348974	0.000000
0.369501	0.000000
0.390029	0.000000
0.410557	0.000000
0.431085	0.000000
0.451613	0.000000
0.472141	0.000000
0.492669	0.000000
0.513196	0.000000
0.533724	0.000000
0.554252	0.000000
0.574780	0.000000
0.595308	0.000000
0.615836	0.000000
0.636364	0.000000
0.656891	0.000000
0.677419	0.000000
0.697947	0.000000
0.718475	0.000000
0.739003	0.000000
0.759531	0.000000
0.780059	0.000000
0.800587	0.000000
0.821114	0.000000
0.841642	0.000000
0.862170	0.000000
0.882698	0.000000
0.903226	0.000000
0.923754	0.000000
0.944282	0.000000
0.964809	0.000000
0.985337	0.000000
1.005865	0.000000
1.026393	0.000000
1.046921	0.000000
1.067449	0.000000
1.087977	0.000000
1.108504	0.000000
1.129032	0.000000
1.149560	0.000000
1.170088	0.000000
1.190616	0.000000
1.211144	0.000000
1.231672	0.000000
1.252199	0.000000
1.272727	0.000000
1.293255	0.000000
1.313783	0.000000
1.334311	0.000000
1.354839	0.000000
1.375367	0.000000
1.395894	0.000000
1.416422	0.000000
1.436950	0.000000
1.457478	0.000000
1.478006	0.000000
1.498534	0.000000
1.519062	0.000000
1.539589	0.000000
1.560117	0.000000
1.580645	0.000000
1.601173	0.000000
1.621701	0.000000
1.642229	0.000000
1.662757	0.000000
1.683284	0.000000
1.703812	0.000000
1.724340	0.000000
1.744868	0.000000
1.765396	0.000000
1.785924	0.000000
1.806452	0.000000
1.826979	0.000000
1.847507	0.000000
1.868035	0.000000
1.888563	0.000000
1.909091	0.000000
1.929619	0.000000
1.950147	0.000000
1.970674	0.000000
1.991202	0.000000
2.011730	0.000000
2.032258	0.000000
2.052786	0.000000
2.073314	0.000000
2.093842	0.000000
2.114370	0.000000
2.134897	0.000000
2.155425	0.000000
2.175953	0.000000
2.196481	0.000000
2.217009	0.000000
2.237537	0.000000
2.258065	0.000000
2.278592	0.116765
2.299120	0.233530
2.319648	0.350296
2.340176	0.467061
2.360704	0.583826
2.381232	0.700591
2.401760	0.817356
2.422287	0.934121
2.442815	1.050887
2.463343	1.167652
2.483871	5.930134
2.504399	10.692617
2.524927	15.455100
2.545455	20.217583
2.565982	24.980065
2.586510	29.742548
2.607038	34.505031
2.627566	39.267514
2.648094	44.029996
2.668622	48.792479
2.689150	53.913231
2.709677	59.033983
2.730205	64.154735
2.750733	69.275487
2.771261	74.396240
2.791789	79.516992
2.812317	84.637744
2.832845	89.758496
2.853372	94.879248
2.873900	100.000000
2.894428	92.921341
2.914956	85.842682
2.935484	78.764023
2.956012	71.685364
2.976540	64.606705
2.997067	57.528046
3.017595	50.449387
3.038123	43.370728
3.058651	36.292069
3.079179	29.213410
3.099707	28.023684
3.120235	26.833958
3.140762	25.644233
3.161290	24.454507
3.181818	23.264781
3.202346	22.075055
3.222874	20.885329
3.243402	19.695604
3.263930	18.505878
3.284457	17.316152
3.304985	16.540711
3.325513	15.765270
3.346041	14.989829
3.366569	14.214387
3.387097	13.438946
3.407625	12.663505
3.428152	11.888064
3.448680	11.112623
3.469208	10.337182
3.489736	9.561740
3.510264	9.326311
3.530792	9.090882
3.551320	8.855453
3.571848	8.620024
3.592375	8.384594
3.612903	8.149165
3.633431	7.913736
3.653959	7.678307
3.674487	7.442878
3.695015	7.207448
3.715543	6.823872
3.736070	6.440296
3.756598	6.056719
3.777126	5.673143
3.797654	5.289567
3.818182	4.905990
3.838710	4.522414
3.859238	4.138838
3.879765	3.755261
3.900293	3.371685
3.920821	3.248032
3.941349	3.124379
3.961877	3.000726
3.982405	2.877073
4.002933	2.753420
4.023460	2.629767
4.043988	2.506114
4.064516	2.382461
4.085044	2.258809
4.105572	2.135156
4.126100	2.024499
4.146628	1.913842
4.167155	1.803185
4.187683	1.692529
4.208211	1.581872
4.228739	1.471215
4.249267	1.360558
4.269795	1.249902
4.290323	1.139245
4.310850	1.028588
4.331378	0.930872
4.351906	0.833156
4.372434	0.735440
4.392962	0.637725
4.413490	0.540009
4.434018	0.442293
4.454545	0.344577
4.475073	0.246861
4.495601	0.149145
4.516129	0.051429
4.536657	0.052689
4.557185	0.053949
4.577713	0.055209
4.598240	0.056468
4.618768	0.057728
4.639296	0.058988
4.659824	0.060248
4.680352	0.061507
4.700880	0.062767
4.721408	0.064027
4.741935	0.079454
4.762463	0.094880
4.782991	0.110307
4.803519	0.125734
4.824047	0.141161
4.844575	0.156588
4.865103	0.172015
4.885630	0.187441
4.906158	0.202868
4.926686	0.218295
4.947214	0.274376
4.967742	0.330457
4.988270	0.386539
5.008798	0.442620
5.029326	0.498701
5.049853	0.554782
5.070381	0.610863
5.090909	0.666944
5.111437	0.723026
5.131965	0.779107
5.152493	0.769620
5.173021	0.760133
5.193548	0.750646
5.214076	0.741159
5.234604	0.731672
5.255132	0.722185
5.275660	0.712698
5.296188	0.703211
5.316716	0.693724
5.337243	0.684237
5.357771	0.662253
5.378299	0.640269
5.398827	0.618285
5.419355	0.596302
5.439883	0.574318
5.460411	0.552334
5.480938	0.530350
5.501466	0.508367
5.521994	0.486383
5.542522	0.464399
5.563050	0.457155
5.583578	0.449910
5.604106	0.442665
5.624633	0.435420
5.645161	0.428176
5.665689	0.420931
5.686217	0.413686
5.706745	0.406442
5.727273	0.399197
5.747801	0.391952
5.768328	0.382372
5.788856	0.372791
5.809384	0.363210
5.829912	0.353630
5.850440	0.344049
5.870968	0.334469
5.891496	0.324888
5.912023	0.315308
5.932551	0.305727
5.953079	0.296147
5.973607	0.271086
5.994135	0.246024
6.014663	0.220963
6.035191	0.195902
6.055718	0.170841
6.076246	0.145780
6.096774	0.120719
6.117302	0.095657
6.137830	0.070596
6.158358	0.045535
6.178886	0.050427
6.199413	0.055320
6.219941	0.060212
6.240469	0.065105
6.260997	0.069997
6.281525	0.074890
6.302053	0.079782
6.322581	0.084675
6.343109	0.089567
6.363636	0.094460
6.384164	0.088559
6.404692	0.082658
6.425220	0.076757
6.445748	0.070856
6.466276	0.064955
6.486804	0.059054
6.507331	0.053153
6.527859	0.047252
6.548387	0.041352
6.568915	0.035451
6.589443	0.032083
6.609971	0.028715
6.630499	0.025347
6.651026	0.021979
6.671554	0.018612
6.692082	0.015244
6.712610	0.011876
6.733138	0.008508
6.753666	0.005140
6.774194	0.001773
6.794721	0.004677
6.815249	0.007581
6.835777	0.010486
6.856305	0.013390
6.876833	0.016294
6.897361	0.019199
6.917889	0.022103
6.938416	0.025008
6.958944	0.027912
6.979472	0.030816
