0.000000	0.027657
0.020528	0.025260
0.041056	0.022863
0.061584	0.020466
0.082111	0.018069
0.102639	0.015672
0.123167	0.013275
0.143695	0.010878
0.164223	0.008481
0.184751	0.006084
0.205279	0.003688
0.225806	0.004951
0.246334	0.006214
0.266862	0.007477
0.287390	0.008739
0.307918	0.010002
0.328446	0.011265
0.348974	0.012528
0.369501	0.013791
0.390029	0.015054
0.410557	0.016317
0.431085	0.014767
0.451613	0.013217
0.472141	0.011667
0.492669	0.010117
0.513196	0.008567
0.533724	0.007016
0.554252	0.005466
0.574780	0.003916
0.595308	0.002366
0.615836	0.000816
0.636364	0.002813
0.656891	0.004809
0.677419	0.006806
0.697947	0.008803
0.718475	0.010800
0.739003	0.012796
0.759531	0.014793
0.780059	0.016790
0.800587	0.018787
0.821114	0.020783
0.841642	0.032637
0.862170	0.044491
0.882698	0.056345
0.903226	0.068199
0.923754	0.080053
0.944282	0.091907
0.964809	0.103761
0.985337	0.115614
1.005865	0.127468
1.026393	0.139322
1.046921	0.145792
1.067449	0.152262
1.087977	0.158731
1.108504	0.165201
1.129032	0.171671
1.149560	0.178141
1.170088	0.184610
1.190616	0.191080
1.211144	0.197550
1.231672	0.204020
1.252199	0.224394
1.272727	0.244769
1.293255	0.265143
1.313783	0.285518
1.334311	0.305892
1.354839	0.326267
1.375367	0.346641
1.395894	0.367016
1.416422	0.387390
1.436950	0.407765
1.457478	0.407747
1.478006	0.407728
1.498534	0.407710
1.519062	0.407691
1.539589	0.407673
1.560117	0.407655
1.580645	0.407636
1.601173	0.407618
1.621701	0.407599
1.642229	0.407581
1.662757	0.421408
1.683284	0.435236
1.703812	0.449063
1.724340	0.462890
1.744868	0.476718
1.765396	0.490545
1.785924	0.504373
1.806452	0.518200
1.826979	0.532027
1.847507	0.545855
1.868035	0.571783
1.888563	0.597711
1.909091	0.623639
1.929619	0.649567
1.950147	0.675495
1.970674	0.701423
1.991202	0.727351
2.011730	0.753279
2.032258	0.779207
2.052786	0.805135
2.073314	0.837430
2.093842	0.869725
2.114370	0.902020
2.134897	0.934315
2.155425	0.966610
2.175953	0.998904
2.196481	1.031199
2.217009	1.063494
2.237537	1.095789
2.258065	1.128084
2.278592	3.952633
2.299120	6.777182
2.319648	9.601731
2.340176	12.426280
2.360704	15.250829
2.381232	18.075378
2.401760	20.899927
2.422287	23.724477
2.442815	26.549026
2.463343	29.373575
2.483871	36.436217
2.504399	43.498860
2.524927	50.561502
2.545455	57.624145
2.565982	64.686787
2.586510	71.749430
2.607038	78.812072
2.627566	85.874715
2.648094	92.937357
2.668622	100.000000
2.689150	95.748535
2.709677	91.497070
2.730205	87.245606
2.750733	82.994141
2.771261	78.742676
2.791789	74.491211
2.812317	70.239747
2.832845	65.988282
2.853372	61.736817
2.873900	57.485352
2.894428	55.745442
2.914956	54.005532
2.935484	52.265622
2.956012	50.525712
2.976540	48.785802
2.997067	47.045891
3.017595	45.305981
3.038123	43.566071
3.058651	41.826161
3.079179	40.086251
3.099707	39.030582
3.120235	37.974914
3.140762	36.919245
3.161290	35.863576
3.181818	34.807908
3.202346	33.752239
3.222874	32.696570
3.243402	31.640902
3.263930	30.585233
3.284457	29.529564
3.304985	28.868451
3.325513	28.207337
3.346041	27.546223
3.366569	26.885109
3.387097	26.223995
3.407625	25.562881
3.428152	24.901767
3.448680	24.240654
3.469208	23.579540
3.489736	22.918426
3.510264	22.615603
3.530792	22.312780
3.551320	22.009957
3.571848	21.707134
3.592375	21.404311
3.612903	21.101488
3.633431	20.798665
3.653959	20.495842
3.674487	20.193019
3.695015	19.890196
3.715543	24.677627
3.736070	29.465058
3.756598	34.252489
3.777126	39.039920
3.797654	43.827351
3.818182	48.614782
3.838710	53.402214
3.859238	58.189645
3.879765	62.977076
3.900293	67.764507
3.920821	63.232420
3.941349	58.700333
3.961877	54.168246
3.982405	49.636159
4.002933	45.104072
4.023460	40.571985
4.043988	36.039898
4.064516	31.507811
4.085044	26.975724
4.105572	22.443637
4.126100	22.078058
4.146628	21.712479
4.167155	21.346901
4.187683	20.981322
4.208211	20.615743
4.228739	20.250164
4.249267	19.884585
4.269795	19.519006
4.290323	19.153427
4.310850	18.787848
4.331378	18.739608
4.351906	18.691368
4.372434	18.643128
4.392962	18.594887
4.413490	18.546647
4.434018	18.498407
4.454545	18.450166
4.475073	18.401926
4.495601	18.353686
4.516129	18.305446
4.536657	17.809132
4.557185	17.312819
4.577713	16.816506
4.598240	16.320193
4.618768	15.823880
4.639296	15.327567
4.659824	14.831253
4.680352	14.334940
4.700880	13.838627
4.721408	13.342314
4.741935	13.116412
4.762463	12.890509
4.782991	12.664607
4.803519	12.438705
4.824047	12.212802
4.844575	11.986900
4.865103	11.760998
4.885630	11.535095
4.906158	11.309193
4.926686	11.083291
4.947214	10.590770
4.967742	10.098250
4.988270	9.605730
5.008798	9.113209
5.029326	8.620689
5.049853	8.128169
5.070381	7.635648
5.090909	7.143128
5.111437	6.650608
5.131965	6.158087
5.152493	5.918201
5.173021	5.678314
5.193548	5.438427
5.214076	5.198540
5.234604	4.958654
5.255132	4.718767
5.275660	4.478880
5.296188	4.238994
5.316716	3.999107
5.337243	3.759220
5.357771	3.620351
5.378299	3.481482
5.398827	3.342613
5.419355	3.203744
5.439883	3.064875
5.460411	2.926006
5.480938	2.787137
5.501466	2.648268
5.521994	2.509398
5.542522	2.370529
5.563050	2.275200
5.583578	2.179871
5.604106	2.084541
5.624633	1.989212
5.645161	1.893882
5.665689	1.798553
5.686217	1.703224
5.706745	1.607894
5.727273	1.512565
5.747801	1.417235
5.768328	1.424108
5.788856	1.430980
5.809384	1.437852
5.829912	1.444725
5.850440	1.451597
5.870968	1.458469
5.891496	1.465342
5.912023	1.472214
5.932551	1.479087
5.953079	1.485959
5.973607	1.449081
5.994135	1.412204
6.014663	1.375326
6.035191	1.338449
6.055718	1.301571
6.076246	1.264693
6.096774	1.227816
6.117302	1.190938
6.137830	1.154061
6.158358	1.117183
6.178886	1.069590
6.199413	1.021998
6.219941	0.974405
6.240469	0.926813
6.260997	0.879220
6.281525	0.831628
6.302053	0.784035
6.322581	0.736443
6.343109	0.688850
6.363636	0.641258
6.384164	0.629774
6.404692	0.618291
6.425220	0.606808
6.445748	0.595325
6.466276	0.583841
6.486804	0.572358
6.507331	0.560875
6.527859	0.549392
6.548387	0.537908
6.568915	0.526425
6.589443	0.522739
6.609971	0.519054
6.630499	0.515368
6.651026	0.511683
6.671554	0.507997
6.692082	0.504312
6.712610	0.500626
6.733138	0.496941
6.753666	0.493255
6.774194	0.489570
6.794721	0.492497
6.815249	0.495424
6.835777	0.498351
6.856305	0.501278
6.876833	0.504205
6.897361	0.507132
6.917889	0.510059
6.938416	0.512986
6.958944	0.515913
6.979472	0.518841
